target_id,method,status,cnnscore,gnina_version,receptor_mode,removed_ligand_subchains,error
1APW,equibind,scored,0.00216,gnina v1.3.3 master:6fe1ce2   Built Jun 30 2026.,static_crystal_polymer,B,
1APW,diffdock,scored,0.6598,gnina v1.3.3 master:6fe1ce2   Built Jun 30 2026.,static_crystal_polymer,B,
1ALW,equibind,scored,0.04995,gnina v1.3.3 master:6fe1ce2   Built Jun 30 2026.,static_crystal_polymer,,
1ALW,diffdock,scored,0.53203,gnina v1.3.3 master:6fe1ce2   Built Jun 30 2026.,static_crystal_polymer,,
1ABT,equibind,scored,1e-05,gnina v1.3.3 master:6fe1ce2   Built Jun 30 2026.,static_crystal_polymer,,
1ABT,diffdock,scored,0.16658,gnina v1.3.3 master:6fe1ce2   Built Jun 30 2026.,static_crystal_polymer,,
1APV,equibind,scored,0.03528,gnina v1.3.3 master:6fe1ce2   Built Jun 30 2026.,static_crystal_polymer,B,
1APV,diffdock,scored,0.36893,gnina v1.3.3 master:6fe1ce2   Built Jun 30 2026.,static_crystal_polymer,B,
1A07,equibind,scored,0.00258,gnina v1.3.3 master:6fe1ce2   Built Jun 30 2026.,static_crystal_polymer,B;D,
1A07,diffdock,scored,0.26095,gnina v1.3.3 master:6fe1ce2   Built Jun 30 2026.,static_crystal_polymer,B;D,
1A7C,equibind,scored,1e-05,gnina v1.3.3 master:6fe1ce2   Built Jun 30 2026.,static_crystal_polymer,B;C,
1A7C,diffdock,scored,0.06468,gnina v1.3.3 master:6fe1ce2   Built Jun 30 2026.,static_crystal_polymer,B;C,
1A09,equibind,scored,3e-05,gnina v1.3.3 master:6fe1ce2   Built Jun 30 2026.,static_crystal_polymer,,
1ANF,equibind,scored,0.23244,gnina v1.3.3 master:6fe1ce2   Built Jun 30 2026.,static_crystal_polymer,B,
1ANF,diffdock,scored,0.68502,gnina v1.3.3 master:6fe1ce2   Built Jun 30 2026.,static_crystal_polymer,B,
1AGM,equibind,scored,0.00228,gnina v1.3.3 master:6fe1ce2   Built Jun 30 2026.,static_crystal_polymer,D;E,
1AGM,diffdock,scored,0.4884,gnina v1.3.3 master:6fe1ce2   Built Jun 30 2026.,static_crystal_polymer,D;E,
1AF6,equibind,scored,0.00212,gnina v1.3.3 master:6fe1ce2   Built Jun 30 2026.,static_crystal_polymer,D;E;F,
1AF6,diffdock,scored,0.27848,gnina v1.3.3 master:6fe1ce2   Built Jun 30 2026.,static_crystal_polymer,D;E;F,
11GS,equibind,scored,0.00136,gnina v1.3.3 master:6fe1ce2   Built Jun 30 2026.,static_crystal_polymer,,
11GS,diffdock,scored,0.27171,gnina v1.3.3 master:6fe1ce2   Built Jun 30 2026.,static_crystal_polymer,,
1A30,equibind,scored,0.63547,gnina v1.3.3 master:6fe1ce2   Built Jun 30 2026.,static_crystal_polymer,C,
1A30,diffdock,scored,0.67316,gnina v1.3.3 master:6fe1ce2   Built Jun 30 2026.,static_crystal_polymer,C,
1AT5,equibind,scored,0.00014,gnina v1.3.3 master:6fe1ce2   Built Jun 30 2026.,static_crystal_polymer,B,
1AT5,diffdock,scored,0.45018,gnina v1.3.3 master:6fe1ce2   Built Jun 30 2026.,static_crystal_polymer,B,
1AT6,equibind,scored,0.00373,gnina v1.3.3 master:6fe1ce2   Built Jun 30 2026.,static_crystal_polymer,B,
1AT6,diffdock,scored,0.12431,gnina v1.3.3 master:6fe1ce2   Built Jun 30 2026.,static_crystal_polymer,B,
1AWI,equibind,scored,0.00015,gnina v1.3.3 master:6fe1ce2   Built Jun 30 2026.,static_crystal_polymer,C,
1AWI,diffdock,scored,0.02526,gnina v1.3.3 master:6fe1ce2   Built Jun 30 2026.,static_crystal_polymer,C,
1AX1,equibind,scored,0.04656,gnina v1.3.3 master:6fe1ce2   Built Jun 30 2026.,static_crystal_polymer,C,
1AX1,diffdock,scored,0.72173,gnina v1.3.3 master:6fe1ce2   Built Jun 30 2026.,static_crystal_polymer,C,
1AX2,equibind,scored,0.07888,gnina v1.3.3 master:6fe1ce2   Built Jun 30 2026.,static_crystal_polymer,C,
1AX2,diffdock,scored,0.12948,gnina v1.3.3 master:6fe1ce2   Built Jun 30 2026.,static_crystal_polymer,C,
1B0H,equibind,scored,0.00303,gnina v1.3.3 master:6fe1ce2   Built Jun 30 2026.,static_crystal_polymer,B,
1B0H,diffdock,scored,0.55123,gnina v1.3.3 master:6fe1ce2   Built Jun 30 2026.,static_crystal_polymer,B,
1AZE,equibind,scored,0.00059,gnina v1.3.3 master:6fe1ce2   Built Jun 30 2026.,static_crystal_polymer,B,
1AZE,diffdock,scored,0.0083,gnina v1.3.3 master:6fe1ce2   Built Jun 30 2026.,static_crystal_polymer,B,
1B05,equibind,scored,0.04252,gnina v1.3.3 master:6fe1ce2   Built Jun 30 2026.,static_crystal_polymer,B,
1B05,diffdock,scored,0.67068,gnina v1.3.3 master:6fe1ce2   Built Jun 30 2026.,static_crystal_polymer,B,
1B2H,equibind,scored,0.00728,gnina v1.3.3 master:6fe1ce2   Built Jun 30 2026.,static_crystal_polymer,B,
1B2H,diffdock,scored,0.45677,gnina v1.3.3 master:6fe1ce2   Built Jun 30 2026.,static_crystal_polymer,B,
1B32,equibind,scored,0.0025,gnina v1.3.3 master:6fe1ce2   Built Jun 30 2026.,static_crystal_polymer,B,
1B32,diffdock,scored,0.54281,gnina v1.3.3 master:6fe1ce2   Built Jun 30 2026.,static_crystal_polymer,B,
1B3G,equibind,scored,0.00038,gnina v1.3.3 master:6fe1ce2   Built Jun 30 2026.,static_crystal_polymer,B,
1B3G,diffdock,scored,0.6061,gnina v1.3.3 master:6fe1ce2   Built Jun 30 2026.,static_crystal_polymer,B,
1B3F,equibind,scored,0.00211,gnina v1.3.3 master:6fe1ce2   Built Jun 30 2026.,static_crystal_polymer,B,
1B3F,diffdock,scored,0.73396,gnina v1.3.3 master:6fe1ce2   Built Jun 30 2026.,static_crystal_polymer,B,
1B3H,equibind,scored,0.00371,gnina v1.3.3 master:6fe1ce2   Built Jun 30 2026.,static_crystal_polymer,B,
1B3H,diffdock,scored,0.6508,gnina v1.3.3 master:6fe1ce2   Built Jun 30 2026.,static_crystal_polymer,B,
1B40,equibind,scored,0.01152,gnina v1.3.3 master:6fe1ce2   Built Jun 30 2026.,static_crystal_polymer,,
1B40,diffdock,scored,0.28118,gnina v1.3.3 master:6fe1ce2   Built Jun 30 2026.,static_crystal_polymer,,
1B46,equibind,scored,0.01391,gnina v1.3.3 master:6fe1ce2   Built Jun 30 2026.,static_crystal_polymer,B,
1B46,diffdock,scored,0.57091,gnina v1.3.3 master:6fe1ce2   Built Jun 30 2026.,static_crystal_polymer,B,
1B3L,equibind,scored,0.09734,gnina v1.3.3 master:6fe1ce2   Built Jun 30 2026.,static_crystal_polymer,B;D,
1B3L,diffdock,scored,0.38169,gnina v1.3.3 master:6fe1ce2   Built Jun 30 2026.,static_crystal_polymer,B;D,
1B4H,equibind,scored,0.00648,gnina v1.3.3 master:6fe1ce2   Built Jun 30 2026.,static_crystal_polymer,B,
1B4H,diffdock,scored,0.57823,gnina v1.3.3 master:6fe1ce2   Built Jun 30 2026.,static_crystal_polymer,B,
1B4Z,equibind,scored,0.00437,gnina v1.3.3 master:6fe1ce2   Built Jun 30 2026.,static_crystal_polymer,B,
1B4Z,diffdock,scored,0.19976,gnina v1.3.3 master:6fe1ce2   Built Jun 30 2026.,static_crystal_polymer,B,
1B51,equibind,scored,0.51559,gnina v1.3.3 master:6fe1ce2   Built Jun 30 2026.,static_crystal_polymer,B,
1B51,diffdock,scored,0.0784,gnina v1.3.3 master:6fe1ce2   Built Jun 30 2026.,static_crystal_polymer,B,
1B52,equibind,scored,0.21365,gnina v1.3.3 master:6fe1ce2   Built Jun 30 2026.,static_crystal_polymer,B,
1B52,diffdock,scored,0.60675,gnina v1.3.3 master:6fe1ce2   Built Jun 30 2026.,static_crystal_polymer,B,
1B58,equibind,scored,0.0169,gnina v1.3.3 master:6fe1ce2   Built Jun 30 2026.,static_crystal_polymer,B,
1B58,diffdock,scored,0.30137,gnina v1.3.3 master:6fe1ce2   Built Jun 30 2026.,static_crystal_polymer,B,
1B5H,equibind,scored,0.01508,gnina v1.3.3 master:6fe1ce2   Built Jun 30 2026.,static_crystal_polymer,B,
1B5H,diffdock,scored,0.64668,gnina v1.3.3 master:6fe1ce2   Built Jun 30 2026.,static_crystal_polymer,B,
1B5J,equibind,scored,0.00621,gnina v1.3.3 master:6fe1ce2   Built Jun 30 2026.,static_crystal_polymer,B,
1B5J,diffdock,scored,0.675,gnina v1.3.3 master:6fe1ce2   Built Jun 30 2026.,static_crystal_polymer,B,
1B5I,equibind,scored,0.06419,gnina v1.3.3 master:6fe1ce2   Built Jun 30 2026.,static_crystal_polymer,B,
1B5I,diffdock,scored,0.64146,gnina v1.3.3 master:6fe1ce2   Built Jun 30 2026.,static_crystal_polymer,B,
1B6H,equibind,scored,0.05687,gnina v1.3.3 master:6fe1ce2   Built Jun 30 2026.,static_crystal_polymer,B,
1B6H,diffdock,scored,0.60812,gnina v1.3.3 master:6fe1ce2   Built Jun 30 2026.,static_crystal_polymer,B,
1B6J,equibind,scored,2e-05,gnina v1.3.3 master:6fe1ce2   Built Jun 30 2026.,static_crystal_polymer,C,
1B6J,diffdock,scored,0.00421,gnina v1.3.3 master:6fe1ce2   Built Jun 30 2026.,static_crystal_polymer,C,
1B9J,equibind,scored,0.00098,gnina v1.3.3 master:6fe1ce2   Built Jun 30 2026.,static_crystal_polymer,B,
1B9J,diffdock,scored,0.6593,gnina v1.3.3 master:6fe1ce2   Built Jun 30 2026.,static_crystal_polymer,B,
1B7H,equibind,scored,0.00097,gnina v1.3.3 master:6fe1ce2   Built Jun 30 2026.,static_crystal_polymer,B,
1B7H,diffdock,scored,0.85856,gnina v1.3.3 master:6fe1ce2   Built Jun 30 2026.,static_crystal_polymer,B,
1BBZ,equibind,scored,0.00477,gnina v1.3.3 master:6fe1ce2   Built Jun 30 2026.,static_crystal_polymer,B;D;F;H,
1BBZ,diffdock,scored,0.01213,gnina v1.3.3 master:6fe1ce2   Built Jun 30 2026.,static_crystal_polymer,B;D;F;H,
1BDL,equibind,scored,0.00031,gnina v1.3.3 master:6fe1ce2   Built Jun 30 2026.,static_crystal_polymer,,
1BDL,diffdock,scored,0.31236,gnina v1.3.3 master:6fe1ce2   Built Jun 30 2026.,static_crystal_polymer,,
1BIM,equibind,scored,5e-05,gnina v1.3.3 master:6fe1ce2   Built Jun 30 2026.,static_crystal_polymer,,
1BIM,diffdock,scored,0.59517,gnina v1.3.3 master:6fe1ce2   Built Jun 30 2026.,static_crystal_polymer,,
1BDQ,equibind,scored,0.45222,gnina v1.3.3 master:6fe1ce2   Built Jun 30 2026.,static_crystal_polymer,,
1BDQ,diffdock,scored,0.3224,gnina v1.3.3 master:6fe1ce2   Built Jun 30 2026.,static_crystal_polymer,,
1BJR,equibind,scored,5e-05,gnina v1.3.3 master:6fe1ce2   Built Jun 30 2026.,static_crystal_polymer,B,
1BJR,diffdock,scored,0.14877,gnina v1.3.3 master:6fe1ce2   Built Jun 30 2026.,static_crystal_polymer,B,
1BQ3,equibind,scored,0.20787,gnina v1.3.3 master:6fe1ce2   Built Jun 30 2026.,static_crystal_polymer,,
1BQ3,diffdock,scored,0.54813,gnina v1.3.3 master:6fe1ce2   Built Jun 30 2026.,static_crystal_polymer,,
1BR8,equibind,scored,0.01431,gnina v1.3.3 master:6fe1ce2   Built Jun 30 2026.,static_crystal_polymer,C,
1BR8,diffdock,scored,0.04436,gnina v1.3.3 master:6fe1ce2   Built Jun 30 2026.,static_crystal_polymer,C,
1BT6,equibind,scored,0.0,gnina v1.3.3 master:6fe1ce2   Built Jun 30 2026.,static_crystal_polymer,,
1BT6,diffdock,scored,0.13488,gnina v1.3.3 master:6fe1ce2   Built Jun 30 2026.,static_crystal_polymer,,
1C5F,equibind,scored,0.00031,gnina v1.3.3 master:6fe1ce2   Built Jun 30 2026.,static_crystal_polymer,B;D;F;H;J;L;N;P,
1C5F,diffdock,scored,0.00887,gnina v1.3.3 master:6fe1ce2   Built Jun 30 2026.,static_crystal_polymer,B;D;F;H;J;L;N;P,
1CPI,equibind,scored,1e-05,gnina v1.3.3 master:6fe1ce2   Built Jun 30 2026.,static_crystal_polymer,C,
1CPI,diffdock,scored,0.14435,gnina v1.3.3 master:6fe1ce2   Built Jun 30 2026.,static_crystal_polymer,C,
1CKA,equibind,scored,0.0,gnina v1.3.3 master:6fe1ce2   Built Jun 30 2026.,static_crystal_polymer,B,
1CKA,diffdock,scored,0.00171,gnina v1.3.3 master:6fe1ce2   Built Jun 30 2026.,static_crystal_polymer,B,
1CKB,equibind,scored,0.0,gnina v1.3.3 master:6fe1ce2   Built Jun 30 2026.,static_crystal_polymer,B,
1CKB,diffdock,scored,0.01279,gnina v1.3.3 master:6fe1ce2   Built Jun 30 2026.,static_crystal_polymer,B,
1CPS,equibind,scored,0.06424,gnina v1.3.3 master:6fe1ce2   Built Jun 30 2026.,static_crystal_polymer,,
1CPS,diffdock,scored,0.76718,gnina v1.3.3 master:6fe1ce2   Built Jun 30 2026.,static_crystal_polymer,,
1CYN,equibind,scored,0.00234,gnina v1.3.3 master:6fe1ce2   Built Jun 30 2026.,static_crystal_polymer,B,
1CYN,diffdock,scored,0.0005,gnina v1.3.3 master:6fe1ce2   Built Jun 30 2026.,static_crystal_polymer,B,
1CWC,equibind,scored,0.00086,gnina v1.3.3 master:6fe1ce2   Built Jun 30 2026.,static_crystal_polymer,B,
1CWC,diffdock,scored,0.00067,gnina v1.3.3 master:6fe1ce2   Built Jun 30 2026.,static_crystal_polymer,B,
1CWB,equibind,scored,0.00502,gnina v1.3.3 master:6fe1ce2   Built Jun 30 2026.,static_crystal_polymer,B,
1CWB,diffdock,scored,0.00022,gnina v1.3.3 master:6fe1ce2   Built Jun 30 2026.,static_crystal_polymer,B,
1D4T,equibind,scored,0.00249,gnina v1.3.3 master:6fe1ce2   Built Jun 30 2026.,static_crystal_polymer,B,
1D4T,diffdock,scored,0.04242,gnina v1.3.3 master:6fe1ce2   Built Jun 30 2026.,static_crystal_polymer,B,
1DDM,equibind,scored,0.0,gnina v1.3.3 master:6fe1ce2   Built Jun 30 2026.,static_crystal_polymer,B,
1DDM,diffdock,scored,0.00089,gnina v1.3.3 master:6fe1ce2   Built Jun 30 2026.,static_crystal_polymer,B,
1D6S,equibind,scored,0.00019,gnina v1.3.3 master:6fe1ce2   Built Jun 30 2026.,static_crystal_polymer,,
1D6S,diffdock,scored,0.20471,gnina v1.3.3 master:6fe1ce2   Built Jun 30 2026.,static_crystal_polymer,,
1D8E,equibind,scored,0.11443,gnina v1.3.3 master:6fe1ce2   Built Jun 30 2026.,static_crystal_polymer,C,
1D8E,diffdock,scored,0.29267,gnina v1.3.3 master:6fe1ce2   Built Jun 30 2026.,static_crystal_polymer,C,
1DMB,equibind,scored,0.00048,gnina v1.3.3 master:6fe1ce2   Built Jun 30 2026.,static_crystal_polymer,B,
1DMB,diffdock,scored,0.20646,gnina v1.3.3 master:6fe1ce2   Built Jun 30 2026.,static_crystal_polymer,B,
1DZJ,equibind,scored,0.00773,gnina v1.3.3 master:6fe1ce2   Built Jun 30 2026.,static_crystal_polymer,,
1DZJ,diffdock,scored,0.24838,gnina v1.3.3 master:6fe1ce2   Built Jun 30 2026.,static_crystal_polymer,,
1E5J,equibind,scored,0.00053,gnina v1.3.3 master:6fe1ce2   Built Jun 30 2026.,static_crystal_polymer,B,
1E5J,diffdock,scored,0.45075,gnina v1.3.3 master:6fe1ce2   Built Jun 30 2026.,static_crystal_polymer,B,
1DXP,equibind,scored,0.0,gnina v1.3.3 master:6fe1ce2   Built Jun 30 2026.,static_crystal_polymer,,
1DXP,diffdock,scored,0.17633,gnina v1.3.3 master:6fe1ce2   Built Jun 30 2026.,static_crystal_polymer,,
1EB1,equibind,scored,0.0,gnina v1.3.3 master:6fe1ce2   Built Jun 30 2026.,static_crystal_polymer,A,
1EB1,diffdock,scored,0.16305,gnina v1.3.3 master:6fe1ce2   Built Jun 30 2026.,static_crystal_polymer,A,
1EKB,equibind,scored,9e-05,gnina v1.3.3 master:6fe1ce2   Built Jun 30 2026.,static_crystal_polymer,,
1EKB,diffdock,scored,0.00136,gnina v1.3.3 master:6fe1ce2   Built Jun 30 2026.,static_crystal_polymer,,
1EOJ,equibind,scored,0.0,gnina v1.3.3 master:6fe1ce2   Built Jun 30 2026.,static_crystal_polymer,,
1EOJ,diffdock,scored,0.03807,gnina v1.3.3 master:6fe1ce2   Built Jun 30 2026.,static_crystal_polymer,,
1ELR,equibind,scored,2e-05,gnina v1.3.3 master:6fe1ce2   Built Jun 30 2026.,static_crystal_polymer,B,
1ELR,diffdock,scored,0.1017,gnina v1.3.3 master:6fe1ce2   Built Jun 30 2026.,static_crystal_polymer,B,
1EOL,equibind,scored,0.0,gnina v1.3.3 master:6fe1ce2   Built Jun 30 2026.,static_crystal_polymer,,
1EOL,diffdock,scored,0.00337,gnina v1.3.3 master:6fe1ce2   Built Jun 30 2026.,static_crystal_polymer,,
1EXW,equibind,scored,0.09493,gnina v1.3.3 master:6fe1ce2   Built Jun 30 2026.,static_crystal_polymer,,
1EXW,diffdock,scored,0.71709,gnina v1.3.3 master:6fe1ce2   Built Jun 30 2026.,static_crystal_polymer,,
1EVH,equibind,scored,0.00044,gnina v1.3.3 master:6fe1ce2   Built Jun 30 2026.,static_crystal_polymer,,
1EVH,diffdock,scored,0.01212,gnina v1.3.3 master:6fe1ce2   Built Jun 30 2026.,static_crystal_polymer,,
1EPQ,equibind,scored,0.00046,gnina v1.3.3 master:6fe1ce2   Built Jun 30 2026.,static_crystal_polymer,,
1EPQ,diffdock,scored,0.68033,gnina v1.3.3 master:6fe1ce2   Built Jun 30 2026.,static_crystal_polymer,,
1EZ9,equibind,scored,0.0,gnina v1.3.3 master:6fe1ce2   Built Jun 30 2026.,static_crystal_polymer,C;D,
1EZ9,diffdock,scored,0.53466,gnina v1.3.3 master:6fe1ce2   Built Jun 30 2026.,static_crystal_polymer,C;D,
1F3J,equibind,scored,0.0,gnina v1.3.3 master:6fe1ce2   Built Jun 30 2026.,static_crystal_polymer,C;F,
1F3J,diffdock,scored,0.29035,gnina v1.3.3 master:6fe1ce2   Built Jun 30 2026.,static_crystal_polymer,C;F,
1F47,equibind,scored,0.0,gnina v1.3.3 master:6fe1ce2   Built Jun 30 2026.,static_crystal_polymer,B,
1F47,diffdock,scored,0.00057,gnina v1.3.3 master:6fe1ce2   Built Jun 30 2026.,static_crystal_polymer,B,
1F1J,equibind,scored,0.00152,gnina v1.3.3 master:6fe1ce2   Built Jun 30 2026.,static_crystal_polymer,C;D,
1F1J,diffdock,scored,0.16185,gnina v1.3.3 master:6fe1ce2   Built Jun 30 2026.,static_crystal_polymer,C;D,
1F8A,equibind,scored,0.00092,gnina v1.3.3 master:6fe1ce2   Built Jun 30 2026.,static_crystal_polymer,,
1F8A,diffdock,scored,0.09276,gnina v1.3.3 master:6fe1ce2   Built Jun 30 2026.,static_crystal_polymer,,
1F90,equibind,scored,0.0,gnina v1.3.3 master:6fe1ce2   Built Jun 30 2026.,static_crystal_polymer,C,
1F90,diffdock,scored,0.05831,gnina v1.3.3 master:6fe1ce2   Built Jun 30 2026.,static_crystal_polymer,C,
1FF1,equibind,scored,0.0,gnina v1.3.3 master:6fe1ce2   Built Jun 30 2026.,static_crystal_polymer,B,
1FF1,diffdock,scored,0.49,gnina v1.3.3 master:6fe1ce2   Built Jun 30 2026.,static_crystal_polymer,B,
1F9E,equibind,scored,0.0002,gnina v1.3.3 master:6fe1ce2   Built Jun 30 2026.,static_crystal_polymer,C;F;I;L;O;R,
1F9E,diffdock,scored,0.34244,gnina v1.3.3 master:6fe1ce2   Built Jun 30 2026.,static_crystal_polymer,C;F;I;L;O;R,
1FH7,equibind,scored,0.32568,gnina v1.3.3 master:6fe1ce2   Built Jun 30 2026.,static_crystal_polymer,,
1FH7,diffdock,scored,0.40945,gnina v1.3.3 master:6fe1ce2   Built Jun 30 2026.,static_crystal_polymer,,
1FHD,equibind,scored,0.12197,gnina v1.3.3 master:6fe1ce2   Built Jun 30 2026.,static_crystal_polymer,,
1FHD,diffdock,scored,0.76024,gnina v1.3.3 master:6fe1ce2   Built Jun 30 2026.,static_crystal_polymer,,
1FH9,equibind,scored,0.01809,gnina v1.3.3 master:6fe1ce2   Built Jun 30 2026.,static_crystal_polymer,B,
1FH9,diffdock,scored,0.98072,gnina v1.3.3 master:6fe1ce2   Built Jun 30 2026.,static_crystal_polymer,B,
1FH8,equibind,scored,0.15448,gnina v1.3.3 master:6fe1ce2   Built Jun 30 2026.,static_crystal_polymer,,
1FH8,diffdock,scored,0.69975,gnina v1.3.3 master:6fe1ce2   Built Jun 30 2026.,static_crystal_polymer,,
1FIV,equibind,scored,7e-05,gnina v1.3.3 master:6fe1ce2   Built Jun 30 2026.,static_crystal_polymer,B,
1FIV,diffdock,scored,0.02738,gnina v1.3.3 master:6fe1ce2   Built Jun 30 2026.,static_crystal_polymer,B,
1FKN,equibind,scored,2e-05,gnina v1.3.3 master:6fe1ce2   Built Jun 30 2026.,static_crystal_polymer,C;D,
1FKN,diffdock,scored,0.00553,gnina v1.3.3 master:6fe1ce2   Built Jun 30 2026.,static_crystal_polymer,C;D,
1FWV,equibind,scored,0.00375,gnina v1.3.3 master:6fe1ce2   Built Jun 30 2026.,static_crystal_polymer,B,
1FWV,diffdock,scored,0.57299,gnina v1.3.3 master:6fe1ce2   Built Jun 30 2026.,static_crystal_polymer,B,
1FO0,equibind,scored,0.00028,gnina v1.3.3 master:6fe1ce2   Built Jun 30 2026.,static_crystal_polymer,C,
1FO0,diffdock,scored,0.33108,gnina v1.3.3 master:6fe1ce2   Built Jun 30 2026.,static_crystal_polymer,C,
1FYR,equibind,scored,0.0,gnina v1.3.3 master:6fe1ce2   Built Jun 30 2026.,static_crystal_polymer,E;F;G;H,
1FYR,diffdock,scored,0.06748,gnina v1.3.3 master:6fe1ce2   Built Jun 30 2026.,static_crystal_polymer,E;F;G;H,
1FZK,equibind,scored,5e-05,gnina v1.3.3 master:6fe1ce2   Built Jun 30 2026.,static_crystal_polymer,C,
1FZK,diffdock,scored,0.07051,gnina v1.3.3 master:6fe1ce2   Built Jun 30 2026.,static_crystal_polymer,C,
1G3F,equibind,scored,0.0,gnina v1.3.3 master:6fe1ce2   Built Jun 30 2026.,static_crystal_polymer,B,
1G3F,diffdock,scored,0.06392,gnina v1.3.3 master:6fe1ce2   Built Jun 30 2026.,static_crystal_polymer,B,
1FZO,equibind,scored,0.0,gnina v1.3.3 master:6fe1ce2   Built Jun 30 2026.,static_crystal_polymer,C,
1FZO,diffdock,scored,0.0844,gnina v1.3.3 master:6fe1ce2   Built Jun 30 2026.,static_crystal_polymer,C,
1G6G,equibind,scored,9e-05,gnina v1.3.3 master:6fe1ce2   Built Jun 30 2026.,static_crystal_polymer,,
1G6G,diffdock,scored,0.01836,gnina v1.3.3 master:6fe1ce2   Built Jun 30 2026.,static_crystal_polymer,,
1G7Q,equibind,scored,0.0,gnina v1.3.3 master:6fe1ce2   Built Jun 30 2026.,static_crystal_polymer,C,
1G7Q,diffdock,scored,0.05088,gnina v1.3.3 master:6fe1ce2   Built Jun 30 2026.,static_crystal_polymer,C,
1G7P,equibind,scored,1e-05,gnina v1.3.3 master:6fe1ce2   Built Jun 30 2026.,static_crystal_polymer,C,
1G7P,diffdock,scored,0.00204,gnina v1.3.3 master:6fe1ce2   Built Jun 30 2026.,static_crystal_polymer,C,
1GA8,equibind,scored,0.00319,gnina v1.3.3 master:6fe1ce2   Built Jun 30 2026.,static_crystal_polymer,B,
1GA8,diffdock,scored,0.30274,gnina v1.3.3 master:6fe1ce2   Built Jun 30 2026.,static_crystal_polymer,B,
1GAG,equibind,scored,1e-05,gnina v1.3.3 master:6fe1ce2   Built Jun 30 2026.,static_crystal_polymer,B,
1GAG,diffdock,scored,0.0089,gnina v1.3.3 master:6fe1ce2   Built Jun 30 2026.,static_crystal_polymer,B,
1GAI,equibind,scored,0.01502,gnina v1.3.3 master:6fe1ce2   Built Jun 30 2026.,static_crystal_polymer,D,
1GAI,diffdock,scored,0.7017,gnina v1.3.3 master:6fe1ce2   Built Jun 30 2026.,static_crystal_polymer,D,
1GMY,equibind,scored,0.00064,gnina v1.3.3 master:6fe1ce2   Built Jun 30 2026.,static_crystal_polymer,,
1GMY,diffdock,scored,0.23311,gnina v1.3.3 master:6fe1ce2   Built Jun 30 2026.,static_crystal_polymer,,
1GAH,equibind,scored,0.03089,gnina v1.3.3 master:6fe1ce2   Built Jun 30 2026.,static_crystal_polymer,D,
1GAH,diffdock,scored,0.74301,gnina v1.3.3 master:6fe1ce2   Built Jun 30 2026.,static_crystal_polymer,D,
1GNY,equibind,scored,0.04604,gnina v1.3.3 master:6fe1ce2   Built Jun 30 2026.,static_crystal_polymer,B,
1GNY,diffdock,scored,0.11503,gnina v1.3.3 master:6fe1ce2   Built Jun 30 2026.,static_crystal_polymer,B,
1GU3,equibind,scored,0.03541,gnina v1.3.3 master:6fe1ce2   Built Jun 30 2026.,static_crystal_polymer,B,
1GU3,diffdock,scored,0.15788,gnina v1.3.3 master:6fe1ce2   Built Jun 30 2026.,static_crystal_polymer,B,
1GUI,equibind,scored,0.0,gnina v1.3.3 master:6fe1ce2   Built Jun 30 2026.,static_crystal_polymer,B,
1GUI,diffdock,scored,0.31024,gnina v1.3.3 master:6fe1ce2   Built Jun 30 2026.,static_crystal_polymer,B,
1GUW,equibind,scored,0.0,gnina v1.3.3 master:6fe1ce2   Built Jun 30 2026.,static_crystal_polymer,B,
1GUW,diffdock,scored,0.08873,gnina v1.3.3 master:6fe1ce2   Built Jun 30 2026.,static_crystal_polymer,B,
1GUX,equibind,scored,0.0,gnina v1.3.3 master:6fe1ce2   Built Jun 30 2026.,static_crystal_polymer,C,
1GUX,diffdock,scored,0.1928,gnina v1.3.3 master:6fe1ce2   Built Jun 30 2026.,static_crystal_polymer,C,
1GWQ,equibind,scored,0.0,gnina v1.3.3 master:6fe1ce2   Built Jun 30 2026.,static_crystal_polymer,C,
1GWQ,diffdock,scored,0.17949,gnina v1.3.3 master:6fe1ce2   Built Jun 30 2026.,static_crystal_polymer,C,
1GWM,equibind,scored,0.03837,gnina v1.3.3 master:6fe1ce2   Built Jun 30 2026.,static_crystal_polymer,B,
1GWM,diffdock,scored,0.20504,gnina v1.3.3 master:6fe1ce2   Built Jun 30 2026.,static_crystal_polymer,B,
1GVK,equibind,scored,0.00081,gnina v1.3.3 master:6fe1ce2   Built Jun 30 2026.,static_crystal_polymer,A,
1GVK,diffdock,scored,0.01837,gnina v1.3.3 master:6fe1ce2   Built Jun 30 2026.,static_crystal_polymer,A,
1GWR,equibind,scored,0.0,gnina v1.3.3 master:6fe1ce2   Built Jun 30 2026.,static_crystal_polymer,C,
1GWR,diffdock,scored,0.20691,gnina v1.3.3 master:6fe1ce2   Built Jun 30 2026.,static_crystal_polymer,C,
1GZ9,equibind,scored,0.00997,gnina v1.3.3 master:6fe1ce2   Built Jun 30 2026.,static_crystal_polymer,B,
1GZ9,diffdock,scored,0.26909,gnina v1.3.3 master:6fe1ce2   Built Jun 30 2026.,static_crystal_polymer,B,
1GZC,equibind,scored,0.00431,gnina v1.3.3 master:6fe1ce2   Built Jun 30 2026.,static_crystal_polymer,B,
1GZC,diffdock,scored,0.17495,gnina v1.3.3 master:6fe1ce2   Built Jun 30 2026.,static_crystal_polymer,B,
1GWV,equibind,scored,0.03356,gnina v1.3.3 master:6fe1ce2   Built Jun 30 2026.,static_crystal_polymer,C;D,
1GWV,diffdock,scored,0.11467,gnina v1.3.3 master:6fe1ce2   Built Jun 30 2026.,static_crystal_polymer,C;D,
1H24,equibind,scored,2e-05,gnina v1.3.3 master:6fe1ce2   Built Jun 30 2026.,static_crystal_polymer,E,
1H24,diffdock,scored,0.28771,gnina v1.3.3 master:6fe1ce2   Built Jun 30 2026.,static_crystal_polymer,E,
1H3H,equibind,scored,0.0,gnina v1.3.3 master:6fe1ce2   Built Jun 30 2026.,static_crystal_polymer,B,
1H3H,diffdock,scored,0.06513,gnina v1.3.3 master:6fe1ce2   Built Jun 30 2026.,static_crystal_polymer,B,
1H27,equibind,scored,1e-05,gnina v1.3.3 master:6fe1ce2   Built Jun 30 2026.,static_crystal_polymer,E,
1H27,diffdock,scored,0.1745,gnina v1.3.3 master:6fe1ce2   Built Jun 30 2026.,static_crystal_polymer,E,
1H2T,equibind,scored,0.0,gnina v1.3.3 master:6fe1ce2   Built Jun 30 2026.,static_crystal_polymer,,
1H2T,diffdock,scored,0.15245,gnina v1.3.3 master:6fe1ce2   Built Jun 30 2026.,static_crystal_polymer,,
1H5V,equibind,scored,0.00015,gnina v1.3.3 master:6fe1ce2   Built Jun 30 2026.,static_crystal_polymer,B,
1H5V,diffdock,scored,0.26932,gnina v1.3.3 master:6fe1ce2   Built Jun 30 2026.,static_crystal_polymer,B,
1HC9,equibind,scored,0.0,gnina v1.3.3 master:6fe1ce2   Built Jun 30 2026.,static_crystal_polymer,C,
1HC9,diffdock,scored,0.00096,gnina v1.3.3 master:6fe1ce2   Built Jun 30 2026.,static_crystal_polymer,C,
1HEF,equibind,scored,0.0001,gnina v1.3.3 master:6fe1ce2   Built Jun 30 2026.,static_crystal_polymer,B,
1HEF,diffdock,scored,0.25431,gnina v1.3.3 master:6fe1ce2   Built Jun 30 2026.,static_crystal_polymer,B,
1H9L,equibind,scored,0.00079,gnina v1.3.3 master:6fe1ce2   Built Jun 30 2026.,static_crystal_polymer,A,
1H9L,diffdock,scored,0.13196,gnina v1.3.3 master:6fe1ce2   Built Jun 30 2026.,static_crystal_polymer,A,
1HGT,equibind,scored,0.0,gnina v1.3.3 master:6fe1ce2   Built Jun 30 2026.,static_crystal_polymer,,
1HGT,diffdock,scored,0.00196,gnina v1.3.3 master:6fe1ce2   Built Jun 30 2026.,static_crystal_polymer,,
1HKJ,equibind,scored,0.00808,gnina v1.3.3 master:6fe1ce2   Built Jun 30 2026.,static_crystal_polymer,,
1HKJ,diffdock,scored,0.5656,gnina v1.3.3 master:6fe1ce2   Built Jun 30 2026.,static_crystal_polymer,,
1HKK,equibind,scored,0.0132,gnina v1.3.3 master:6fe1ce2   Built Jun 30 2026.,static_crystal_polymer,,
1HKK,diffdock,scored,0.40348,gnina v1.3.3 master:6fe1ce2   Built Jun 30 2026.,static_crystal_polymer,,
1HKM,equibind,scored,0.00465,gnina v1.3.3 master:6fe1ce2   Built Jun 30 2026.,static_crystal_polymer,,
1HKM,diffdock,scored,0.39756,gnina v1.3.3 master:6fe1ce2   Built Jun 30 2026.,static_crystal_polymer,,
1I5H,equibind,scored,0.0,gnina v1.3.3 master:6fe1ce2   Built Jun 30 2026.,static_crystal_polymer,B,
1I5H,diffdock,scored,0.22045,gnina v1.3.3 master:6fe1ce2   Built Jun 30 2026.,static_crystal_polymer,B,
1I8I,equibind,scored,0.0,gnina v1.3.3 master:6fe1ce2   Built Jun 30 2026.,static_crystal_polymer,C,
1I8I,diffdock,scored,0.00148,gnina v1.3.3 master:6fe1ce2   Built Jun 30 2026.,static_crystal_polymer,C,
1IBC,equibind,scored,0.00297,gnina v1.3.3 master:6fe1ce2   Built Jun 30 2026.,static_crystal_polymer,C,
1IBC,diffdock,scored,0.04337,gnina v1.3.3 master:6fe1ce2   Built Jun 30 2026.,static_crystal_polymer,C,
1IAU,equibind,scored,1e-05,gnina v1.3.3 master:6fe1ce2   Built Jun 30 2026.,static_crystal_polymer,B,
1IAU,diffdock,scored,0.00438,gnina v1.3.3 master:6fe1ce2   Built Jun 30 2026.,static_crystal_polymer,B,
1IHT,equibind,scored,0.0,gnina v1.3.3 master:6fe1ce2   Built Jun 30 2026.,static_crystal_polymer,C,
1IHT,diffdock,scored,0.11769,gnina v1.3.3 master:6fe1ce2   Built Jun 30 2026.,static_crystal_polymer,C,
1IQ1,equibind,scored,1e-05,gnina v1.3.3 master:6fe1ce2   Built Jun 30 2026.,static_crystal_polymer,,
1IQ1,diffdock,scored,0.03682,gnina v1.3.3 master:6fe1ce2   Built Jun 30 2026.,static_crystal_polymer,,
1INQ,equibind,scored,3e-05,gnina v1.3.3 master:6fe1ce2   Built Jun 30 2026.,static_crystal_polymer,C,
1INQ,diffdock,scored,0.05501,gnina v1.3.3 master:6fe1ce2   Built Jun 30 2026.,static_crystal_polymer,C,
1ILQ,equibind,scored,0.0,gnina v1.3.3 master:6fe1ce2   Built Jun 30 2026.,static_crystal_polymer,C,
1ILQ,diffdock,scored,0.00751,gnina v1.3.3 master:6fe1ce2   Built Jun 30 2026.,static_crystal_polymer,C,
1IS0,equibind,scored,0.00232,gnina v1.3.3 master:6fe1ce2   Built Jun 30 2026.,static_crystal_polymer,,
1IS0,diffdock,scored,0.00011,gnina v1.3.3 master:6fe1ce2   Built Jun 30 2026.,static_crystal_polymer,,
1IWQ,equibind,scored,0.0,gnina v1.3.3 master:6fe1ce2   Built Jun 30 2026.,static_crystal_polymer,,
1IWQ,diffdock,scored,0.00037,gnina v1.3.3 master:6fe1ce2   Built Jun 30 2026.,static_crystal_polymer,,
1J19,equibind,scored,0.0,gnina v1.3.3 master:6fe1ce2   Built Jun 30 2026.,static_crystal_polymer,B,
1J19,diffdock,scored,0.03523,gnina v1.3.3 master:6fe1ce2   Built Jun 30 2026.,static_crystal_polymer,B,
1J4P,equibind,scored,0.0,gnina v1.3.3 master:6fe1ce2   Built Jun 30 2026.,static_crystal_polymer,B,
1J4P,diffdock,scored,0.03524,gnina v1.3.3 master:6fe1ce2   Built Jun 30 2026.,static_crystal_polymer,B,
1J4Q,equibind,scored,0.0,gnina v1.3.3 master:6fe1ce2   Built Jun 30 2026.,static_crystal_polymer,,
1J4Q,diffdock,scored,0.14335,gnina v1.3.3 master:6fe1ce2   Built Jun 30 2026.,static_crystal_polymer,,
1JEV,equibind,scored,0.03128,gnina v1.3.3 master:6fe1ce2   Built Jun 30 2026.,static_crystal_polymer,B,
1JEV,diffdock,scored,0.46143,gnina v1.3.3 master:6fe1ce2   Built Jun 30 2026.,static_crystal_polymer,B,
1JEU,equibind,scored,0.02403,gnina v1.3.3 master:6fe1ce2   Built Jun 30 2026.,static_crystal_polymer,B,
1JEU,diffdock,scored,0.4995,gnina v1.3.3 master:6fe1ce2   Built Jun 30 2026.,static_crystal_polymer,B,
1JET,equibind,scored,0.10769,gnina v1.3.3 master:6fe1ce2   Built Jun 30 2026.,static_crystal_polymer,B,
1JET,diffdock,scored,0.67508,gnina v1.3.3 master:6fe1ce2   Built Jun 30 2026.,static_crystal_polymer,B,
1JFH,equibind,scored,0.00984,gnina v1.3.3 master:6fe1ce2   Built Jun 30 2026.,static_crystal_polymer,B,
1JFH,diffdock,scored,0.2519,gnina v1.3.3 master:6fe1ce2   Built Jun 30 2026.,static_crystal_polymer,B,
1JP5,equibind,scored,0.00072,gnina v1.3.3 master:6fe1ce2   Built Jun 30 2026.,static_crystal_polymer,C;D,
1JP5,diffdock,scored,0.15496,gnina v1.3.3 master:6fe1ce2   Built Jun 30 2026.,static_crystal_polymer,C;D,
1JOJ,equibind,scored,0.01552,gnina v1.3.3 master:6fe1ce2   Built Jun 30 2026.,static_crystal_polymer,E;F;G;H,
1JOJ,diffdock,scored,0.03786,gnina v1.3.3 master:6fe1ce2   Built Jun 30 2026.,static_crystal_polymer,E;F;G;H,
1JMQ,equibind,scored,0.0,gnina v1.3.3 master:6fe1ce2   Built Jun 30 2026.,static_crystal_polymer,B,
1JMQ,diffdock,scored,0.00434,gnina v1.3.3 master:6fe1ce2   Built Jun 30 2026.,static_crystal_polymer,B,
1JPL,equibind,scored,0.0,gnina v1.3.3 master:6fe1ce2   Built Jun 30 2026.,static_crystal_polymer,B;D;F,
1JPL,diffdock,scored,0.00872,gnina v1.3.3 master:6fe1ce2   Built Jun 30 2026.,static_crystal_polymer,B;D;F,
1JQ8,equibind,scored,0.00131,gnina v1.3.3 master:6fe1ce2   Built Jun 30 2026.,static_crystal_polymer,C,
1JQ8,diffdock,scored,0.02058,gnina v1.3.3 master:6fe1ce2   Built Jun 30 2026.,static_crystal_polymer,C,
1JRS,equibind,scored,0.00315,gnina v1.3.3 master:6fe1ce2   Built Jun 30 2026.,static_crystal_polymer,B,
1JRS,diffdock,scored,0.04677,gnina v1.3.3 master:6fe1ce2   Built Jun 30 2026.,static_crystal_polymer,B,
1JQ9,equibind,scored,1e-05,gnina v1.3.3 master:6fe1ce2   Built Jun 30 2026.,static_crystal_polymer,C,
1JQ9,diffdock,scored,0.36232,gnina v1.3.3 master:6fe1ce2   Built Jun 30 2026.,static_crystal_polymer,C,
1JUF,equibind,scored,2e-05,gnina v1.3.3 master:6fe1ce2   Built Jun 30 2026.,static_crystal_polymer,C,
1JUF,diffdock,scored,0.00935,gnina v1.3.3 master:6fe1ce2   Built Jun 30 2026.,static_crystal_polymer,C,
1JWM,equibind,scored,7e-05,gnina v1.3.3 master:6fe1ce2   Built Jun 30 2026.,static_crystal_polymer,C,
1JWM,diffdock,scored,0.05439,gnina v1.3.3 master:6fe1ce2   Built Jun 30 2026.,static_crystal_polymer,C,
1JYI,equibind,scored,0.0,gnina v1.3.3 master:6fe1ce2   Built Jun 30 2026.,static_crystal_polymer,E;F;G;H,
1JYI,diffdock,scored,0.0471,gnina v1.3.3 master:6fe1ce2   Built Jun 30 2026.,static_crystal_polymer,E;F;G;H,
1JUQ,equibind,scored,0.00029,gnina v1.3.3 master:6fe1ce2   Built Jun 30 2026.,static_crystal_polymer,B;F,
1JUQ,diffdock,scored,0.15897,gnina v1.3.3 master:6fe1ce2   Built Jun 30 2026.,static_crystal_polymer,B;F,
1K1Y,equibind,scored,0.0,gnina v1.3.3 master:6fe1ce2   Built Jun 30 2026.,static_crystal_polymer,C,
1K1Y,diffdock,scored,0.19043,gnina v1.3.3 master:6fe1ce2   Built Jun 30 2026.,static_crystal_polymer,C,
1K9Q,equibind,scored,3e-05,gnina v1.3.3 master:6fe1ce2   Built Jun 30 2026.,static_crystal_polymer,,
1K9Q,diffdock,scored,0.00154,gnina v1.3.3 master:6fe1ce2   Built Jun 30 2026.,static_crystal_polymer,,
1K3Q,equibind,scored,0.0,gnina v1.3.3 master:6fe1ce2   Built Jun 30 2026.,static_crystal_polymer,B,
1K3Q,diffdock,scored,0.13881,gnina v1.3.3 master:6fe1ce2   Built Jun 30 2026.,static_crystal_polymer,B,
1K3N,equibind,scored,0.0,gnina v1.3.3 master:6fe1ce2   Built Jun 30 2026.,static_crystal_polymer,B,
1K3N,diffdock,scored,0.03876,gnina v1.3.3 master:6fe1ce2   Built Jun 30 2026.,static_crystal_polymer,B,
1K9R,equibind,scored,0.0,gnina v1.3.3 master:6fe1ce2   Built Jun 30 2026.,static_crystal_polymer,B,
1K9R,diffdock,scored,0.10177,gnina v1.3.3 master:6fe1ce2   Built Jun 30 2026.,static_crystal_polymer,B,
1KJR,equibind,scored,0.11448,gnina v1.3.3 master:6fe1ce2   Built Jun 30 2026.,static_crystal_polymer,,
1KJR,diffdock,scored,0.31893,gnina v1.3.3 master:6fe1ce2   Built Jun 30 2026.,static_crystal_polymer,,
1KC5,equibind,scored,0.0,gnina v1.3.3 master:6fe1ce2   Built Jun 30 2026.,static_crystal_polymer,,
1KC5,diffdock,scored,0.03009,gnina v1.3.3 master:6fe1ce2   Built Jun 30 2026.,static_crystal_polymer,,
1KCS,equibind,scored,1e-05,gnina v1.3.3 master:6fe1ce2   Built Jun 30 2026.,static_crystal_polymer,,
1KCS,diffdock,scored,0.11642,gnina v1.3.3 master:6fe1ce2   Built Jun 30 2026.,static_crystal_polymer,,
1KL3,equibind,scored,2e-05,gnina v1.3.3 master:6fe1ce2   Built Jun 30 2026.,static_crystal_polymer,E,
1KL3,diffdock,scored,0.00174,gnina v1.3.3 master:6fe1ce2   Built Jun 30 2026.,static_crystal_polymer,E,
1KLU,equibind,scored,0.00029,gnina v1.3.3 master:6fe1ce2   Built Jun 30 2026.,static_crystal_polymer,C,
1KLU,diffdock,scored,0.28721,gnina v1.3.3 master:6fe1ce2   Built Jun 30 2026.,static_crystal_polymer,C,
1KNA,equibind,scored,1e-05,gnina v1.3.3 master:6fe1ce2   Built Jun 30 2026.,static_crystal_polymer,B,
1KNA,diffdock,scored,0.15027,gnina v1.3.3 master:6fe1ce2   Built Jun 30 2026.,static_crystal_polymer,B,
1KLG,equibind,scored,0.0143,gnina v1.3.3 master:6fe1ce2   Built Jun 30 2026.,static_crystal_polymer,C,
1KLG,diffdock,scored,0.01858,gnina v1.3.3 master:6fe1ce2   Built Jun 30 2026.,static_crystal_polymer,C,
1KNE,equibind,scored,1e-05,gnina v1.3.3 master:6fe1ce2   Built Jun 30 2026.,static_crystal_polymer,B,
1KNE,diffdock,scored,0.06909,gnina v1.3.3 master:6fe1ce2   Built Jun 30 2026.,static_crystal_polymer,B,
1KUK,equibind,scored,0.02232,gnina v1.3.3 master:6fe1ce2   Built Jun 30 2026.,static_crystal_polymer,B,
1KUK,diffdock,scored,0.00886,gnina v1.3.3 master:6fe1ce2   Built Jun 30 2026.,static_crystal_polymer,B,
1KUG,equibind,scored,0.0044,gnina v1.3.3 master:6fe1ce2   Built Jun 30 2026.,static_crystal_polymer,B,
1KUG,diffdock,scored,0.34926,gnina v1.3.3 master:6fe1ce2   Built Jun 30 2026.,static_crystal_polymer,B,
1KUI,equibind,scored,0.38047,gnina v1.3.3 master:6fe1ce2   Built Jun 30 2026.,static_crystal_polymer,B,
1KUI,diffdock,scored,0.01626,gnina v1.3.3 master:6fe1ce2   Built Jun 30 2026.,static_crystal_polymer,B,
1L0A,equibind,scored,0.0,gnina v1.3.3 master:6fe1ce2   Built Jun 30 2026.,static_crystal_polymer,B,
1L0A,diffdock,scored,0.25287,gnina v1.3.3 master:6fe1ce2   Built Jun 30 2026.,static_crystal_polymer,B,
1LEG,equibind,scored,5e-05,gnina v1.3.3 master:6fe1ce2   Built Jun 30 2026.,static_crystal_polymer,C,
1LEG,diffdock,scored,7e-05,gnina v1.3.3 master:6fe1ce2   Built Jun 30 2026.,static_crystal_polymer,C,
1LB6,equibind,scored,2e-05,gnina v1.3.3 master:6fe1ce2   Built Jun 30 2026.,static_crystal_polymer,B,
1LB6,diffdock,scored,0.02171,gnina v1.3.3 master:6fe1ce2   Built Jun 30 2026.,static_crystal_polymer,B,
1LCJ,equibind,scored,0.0,gnina v1.3.3 master:6fe1ce2   Built Jun 30 2026.,static_crystal_polymer,,
1LCJ,diffdock,scored,0.00267,gnina v1.3.3 master:6fe1ce2   Built Jun 30 2026.,static_crystal_polymer,,
1LEK,equibind,scored,1e-05,gnina v1.3.3 master:6fe1ce2   Built Jun 30 2026.,static_crystal_polymer,C,
1LEK,diffdock,scored,0.00119,gnina v1.3.3 master:6fe1ce2   Built Jun 30 2026.,static_crystal_polymer,C,
1LF8,equibind,scored,0.0,gnina v1.3.3 master:6fe1ce2   Built Jun 30 2026.,static_crystal_polymer,E;F;G;H,
1LF8,diffdock,scored,0.00483,gnina v1.3.3 master:6fe1ce2   Built Jun 30 2026.,static_crystal_polymer,E;F;G;H,
1LF9,equibind,scored,0.00517,gnina v1.3.3 master:6fe1ce2   Built Jun 30 2026.,static_crystal_polymer,C;D,
1LF9,diffdock,scored,0.2635,gnina v1.3.3 master:6fe1ce2   Built Jun 30 2026.,static_crystal_polymer,C;D,
1LL4,equibind,scored,1e-05,gnina v1.3.3 master:6fe1ce2   Built Jun 30 2026.,static_crystal_polymer,,
1LL4,diffdock,scored,0.4703,gnina v1.3.3 master:6fe1ce2   Built Jun 30 2026.,static_crystal_polymer,,
1LT5,equibind,scored,0.04425,gnina v1.3.3 master:6fe1ce2   Built Jun 30 2026.,static_crystal_polymer,F;G;H;I;J,
1LT5,diffdock,scored,0.56075,gnina v1.3.3 master:6fe1ce2   Built Jun 30 2026.,static_crystal_polymer,F;G;H;I;J,
1LYB,equibind,scored,0.00016,gnina v1.3.3 master:6fe1ce2   Built Jun 30 2026.,static_crystal_polymer,C;F,
1LYB,diffdock,scored,0.46166,gnina v1.3.3 master:6fe1ce2   Built Jun 30 2026.,static_crystal_polymer,C;F,
1LXH,equibind,scored,0.0001,gnina v1.3.3 master:6fe1ce2   Built Jun 30 2026.,static_crystal_polymer,,
1LXH,diffdock,scored,0.27922,gnina v1.3.3 master:6fe1ce2   Built Jun 30 2026.,static_crystal_polymer,,
1M4H,equibind,scored,1e-05,gnina v1.3.3 master:6fe1ce2   Built Jun 30 2026.,static_crystal_polymer,C;D,
1M4H,diffdock,scored,0.22868,gnina v1.3.3 master:6fe1ce2   Built Jun 30 2026.,static_crystal_polymer,C;D,
1M7D,equibind,scored,0.00516,gnina v1.3.3 master:6fe1ce2   Built Jun 30 2026.,static_crystal_polymer,C,
1M7D,diffdock,scored,0.20085,gnina v1.3.3 master:6fe1ce2   Built Jun 30 2026.,static_crystal_polymer,C,
1MF4,equibind,scored,0.00657,gnina v1.3.3 master:6fe1ce2   Built Jun 30 2026.,static_crystal_polymer,B,
1MF4,diffdock,scored,0.03075,gnina v1.3.3 master:6fe1ce2   Built Jun 30 2026.,static_crystal_polymer,B,
1MFA,equibind,scored,0.04004,gnina v1.3.3 master:6fe1ce2   Built Jun 30 2026.,static_crystal_polymer,C,
1MFA,diffdock,scored,0.47187,gnina v1.3.3 master:6fe1ce2   Built Jun 30 2026.,static_crystal_polymer,C,
1M7I,equibind,scored,0.0,gnina v1.3.3 master:6fe1ce2   Built Jun 30 2026.,static_crystal_polymer,C,
1M7I,diffdock,scored,0.25254,gnina v1.3.3 master:6fe1ce2   Built Jun 30 2026.,static_crystal_polymer,C,
1MFD,equibind,scored,0.00152,gnina v1.3.3 master:6fe1ce2   Built Jun 30 2026.,static_crystal_polymer,C,
1MFD,diffdock,scored,0.0186,gnina v1.3.3 master:6fe1ce2   Built Jun 30 2026.,static_crystal_polymer,C,
1MFG,equibind,scored,0.0,gnina v1.3.3 master:6fe1ce2   Built Jun 30 2026.,static_crystal_polymer,B,
1MFG,diffdock,scored,0.01226,gnina v1.3.3 master:6fe1ce2   Built Jun 30 2026.,static_crystal_polymer,B,
1MIK,equibind,scored,0.00045,gnina v1.3.3 master:6fe1ce2   Built Jun 30 2026.,static_crystal_polymer,B,
1MIK,diffdock,scored,0.00166,gnina v1.3.3 master:6fe1ce2   Built Jun 30 2026.,static_crystal_polymer,B,
1MMR,equibind,scored,0.04601,gnina v1.3.3 master:6fe1ce2   Built Jun 30 2026.,static_crystal_polymer,,
1MMR,diffdock,scored,0.28491,gnina v1.3.3 master:6fe1ce2   Built Jun 30 2026.,static_crystal_polymer,,
1MPL,equibind,scored,0.00224,gnina v1.3.3 master:6fe1ce2   Built Jun 30 2026.,static_crystal_polymer,,
1MPL,diffdock,scored,0.15868,gnina v1.3.3 master:6fe1ce2   Built Jun 30 2026.,static_crystal_polymer,,
1MV0,equibind,scored,0.0,gnina v1.3.3 master:6fe1ce2   Built Jun 30 2026.,static_crystal_polymer,,
1MV0,diffdock,scored,0.20101,gnina v1.3.3 master:6fe1ce2   Built Jun 30 2026.,static_crystal_polymer,,
1MQ1,equibind,scored,0.00778,gnina v1.3.3 master:6fe1ce2   Built Jun 30 2026.,static_crystal_polymer,C;D,
1MQ1,diffdock,scored,0.04404,gnina v1.3.3 master:6fe1ce2   Built Jun 30 2026.,static_crystal_polymer,C;D,
1MWN,equibind,scored,0.0,gnina v1.3.3 master:6fe1ce2   Built Jun 30 2026.,static_crystal_polymer,C;D,
1MWN,diffdock,scored,0.00947,gnina v1.3.3 master:6fe1ce2   Built Jun 30 2026.,static_crystal_polymer,C;D,
1N3W,equibind,scored,0.00152,gnina v1.3.3 master:6fe1ce2   Built Jun 30 2026.,static_crystal_polymer,B,
1N3W,diffdock,scored,0.70947,gnina v1.3.3 master:6fe1ce2   Built Jun 30 2026.,static_crystal_polymer,B,
1N5Z,equibind,scored,0.0,gnina v1.3.3 master:6fe1ce2   Built Jun 30 2026.,static_crystal_polymer,,
1N5Z,diffdock,scored,0.12657,gnina v1.3.3 master:6fe1ce2   Built Jun 30 2026.,static_crystal_polymer,,
1N51,equibind,scored,0.00129,gnina v1.3.3 master:6fe1ce2   Built Jun 30 2026.,static_crystal_polymer,B,
1N51,diffdock,scored,0.0341,gnina v1.3.3 master:6fe1ce2   Built Jun 30 2026.,static_crystal_polymer,B,
1N7T,equibind,scored,0.00014,gnina v1.3.3 master:6fe1ce2   Built Jun 30 2026.,static_crystal_polymer,B,
1N7T,diffdock,scored,0.00978,gnina v1.3.3 master:6fe1ce2   Built Jun 30 2026.,static_crystal_polymer,B,
1NFS,equibind,scored,1e-05,gnina v1.3.3 master:6fe1ce2   Built Jun 30 2026.,static_crystal_polymer,,
1NFS,diffdock,scored,0.34558,gnina v1.3.3 master:6fe1ce2   Built Jun 30 2026.,static_crystal_polymer,,
1NH0,equibind,scored,3e-05,gnina v1.3.3 master:6fe1ce2   Built Jun 30 2026.,static_crystal_polymer,C;D,
1NH0,diffdock,scored,0.34905,gnina v1.3.3 master:6fe1ce2   Built Jun 30 2026.,static_crystal_polymer,C;D,
1NLP,equibind,scored,0.0,gnina v1.3.3 master:6fe1ce2   Built Jun 30 2026.,static_crystal_polymer,B,
1NLP,diffdock,scored,0.00402,gnina v1.3.3 master:6fe1ce2   Built Jun 30 2026.,static_crystal_polymer,B,
1NJT,equibind,scored,0.00327,gnina v1.3.3 master:6fe1ce2   Built Jun 30 2026.,static_crystal_polymer,,
1NJT,diffdock,scored,0.06368,gnina v1.3.3 master:6fe1ce2   Built Jun 30 2026.,static_crystal_polymer,,
1NLT,equibind,scored,0.00034,gnina v1.3.3 master:6fe1ce2   Built Jun 30 2026.,static_crystal_polymer,B,
1NLT,diffdock,scored,0.17239,gnina v1.3.3 master:6fe1ce2   Built Jun 30 2026.,static_crystal_polymer,B,
1NU8,equibind,scored,4e-05,gnina v1.3.3 master:6fe1ce2   Built Jun 30 2026.,static_crystal_polymer,C,
1NU8,diffdock,scored,0.15901,gnina v1.3.3 master:6fe1ce2   Built Jun 30 2026.,static_crystal_polymer,C,
1NY2,equibind,scored,0.00014,gnina v1.3.3 master:6fe1ce2   Built Jun 30 2026.,static_crystal_polymer,,
1NY2,diffdock,scored,0.06383,gnina v1.3.3 master:6fe1ce2   Built Jun 30 2026.,static_crystal_polymer,,
1O6I,equibind,scored,0.15078,gnina v1.3.3 master:6fe1ce2   Built Jun 30 2026.,static_crystal_polymer,,
1O6I,diffdock,scored,0.54905,gnina v1.3.3 master:6fe1ce2   Built Jun 30 2026.,static_crystal_polymer,,
1OBX,equibind,scored,0.00188,gnina v1.3.3 master:6fe1ce2   Built Jun 30 2026.,static_crystal_polymer,B,
1OBX,diffdock,scored,0.05245,gnina v1.3.3 master:6fe1ce2   Built Jun 30 2026.,static_crystal_polymer,B,
1OCQ,equibind,scored,0.12148,gnina v1.3.3 master:6fe1ce2   Built Jun 30 2026.,static_crystal_polymer,,
1OCQ,diffdock,scored,0.87663,gnina v1.3.3 master:6fe1ce2   Built Jun 30 2026.,static_crystal_polymer,,
1OD8,equibind,scored,0.11231,gnina v1.3.3 master:6fe1ce2   Built Jun 30 2026.,static_crystal_polymer,,
1OD8,diffdock,scored,0.95325,gnina v1.3.3 master:6fe1ce2   Built Jun 30 2026.,static_crystal_polymer,,
1OCN,equibind,scored,0.0005,gnina v1.3.3 master:6fe1ce2   Built Jun 30 2026.,static_crystal_polymer,,
1OCN,diffdock,scored,0.46574,gnina v1.3.3 master:6fe1ce2   Built Jun 30 2026.,static_crystal_polymer,,
1OEB,equibind,scored,0.0,gnina v1.3.3 master:6fe1ce2   Built Jun 30 2026.,static_crystal_polymer,C,
1OEB,diffdock,scored,0.00176,gnina v1.3.3 master:6fe1ce2   Built Jun 30 2026.,static_crystal_polymer,C,
1OH4,equibind,scored,5e-05,gnina v1.3.3 master:6fe1ce2   Built Jun 30 2026.,static_crystal_polymer,,
1OH4,diffdock,scored,0.33816,gnina v1.3.3 master:6fe1ce2   Built Jun 30 2026.,static_crystal_polymer,,
1OJ5,equibind,scored,0.0,gnina v1.3.3 master:6fe1ce2   Built Jun 30 2026.,static_crystal_polymer,,
1OJ5,diffdock,scored,0.00304,gnina v1.3.3 master:6fe1ce2   Built Jun 30 2026.,static_crystal_polymer,,
1OGG,equibind,scored,0.0,gnina v1.3.3 master:6fe1ce2   Built Jun 30 2026.,static_crystal_polymer,,
1OGG,diffdock,scored,0.63487,gnina v1.3.3 master:6fe1ce2   Built Jun 30 2026.,static_crystal_polymer,,
1OKX,equibind,scored,0.00011,gnina v1.3.3 master:6fe1ce2   Built Jun 30 2026.,static_crystal_polymer,,
1OKX,diffdock,scored,0.01092,gnina v1.3.3 master:6fe1ce2   Built Jun 30 2026.,static_crystal_polymer,,
1OPI,equibind,scored,0.0,gnina v1.3.3 master:6fe1ce2   Built Jun 30 2026.,static_crystal_polymer,B,
1OPI,diffdock,scored,0.00994,gnina v1.3.3 master:6fe1ce2   Built Jun 30 2026.,static_crystal_polymer,B,
1OM9,equibind,scored,0.0,gnina v1.3.3 master:6fe1ce2   Built Jun 30 2026.,static_crystal_polymer,,
1OM9,diffdock,scored,0.28533,gnina v1.3.3 master:6fe1ce2   Built Jun 30 2026.,static_crystal_polymer,,
1OL1,equibind,scored,1e-05,gnina v1.3.3 master:6fe1ce2   Built Jun 30 2026.,static_crystal_polymer,,
1OL1,diffdock,scored,3e-05,gnina v1.3.3 master:6fe1ce2   Built Jun 30 2026.,static_crystal_polymer,,
1OV3,equibind,scored,0.0,gnina v1.3.3 master:6fe1ce2   Built Jun 30 2026.,static_crystal_polymer,C;D,
1OV3,diffdock,scored,0.00761,gnina v1.3.3 master:6fe1ce2   Built Jun 30 2026.,static_crystal_polymer,C;D,
1OW6,equibind,scored,0.01243,gnina v1.3.3 master:6fe1ce2   Built Jun 30 2026.,static_crystal_polymer,D,
1OW6,diffdock,scored,0.32744,gnina v1.3.3 master:6fe1ce2   Built Jun 30 2026.,static_crystal_polymer,D,
1OSG,equibind,scored,0.00667,gnina v1.3.3 master:6fe1ce2   Built Jun 30 2026.,static_crystal_polymer,,
1OSG,diffdock,scored,0.00016,gnina v1.3.3 master:6fe1ce2   Built Jun 30 2026.,static_crystal_polymer,,
1ORW,equibind,scored,0.55579,gnina v1.3.3 master:6fe1ce2   Built Jun 30 2026.,static_crystal_polymer,,
1ORW,diffdock,scored,0.29054,gnina v1.3.3 master:6fe1ce2   Built Jun 30 2026.,static_crystal_polymer,,
1OW7,equibind,scored,5e-05,gnina v1.3.3 master:6fe1ce2   Built Jun 30 2026.,static_crystal_polymer,D;E;F,
1OW7,diffdock,scored,0.00487,gnina v1.3.3 master:6fe1ce2   Built Jun 30 2026.,static_crystal_polymer,D;E;F,
1OW8,equibind,scored,0.00014,gnina v1.3.3 master:6fe1ce2   Built Jun 30 2026.,static_crystal_polymer,D;E,
1OW8,diffdock,scored,0.0001,gnina v1.3.3 master:6fe1ce2   Built Jun 30 2026.,static_crystal_polymer,D;E,
1OX9,equibind,scored,5e-05,gnina v1.3.3 master:6fe1ce2   Built Jun 30 2026.,static_crystal_polymer,B;D;F;H;J;L;N;P,
1OX9,diffdock,scored,0.27463,gnina v1.3.3 master:6fe1ce2   Built Jun 30 2026.,static_crystal_polymer,B;D;F;H;J;L;N;P,
1OXG,equibind,scored,0.0,gnina v1.3.3 master:6fe1ce2   Built Jun 30 2026.,static_crystal_polymer,,
1OXG,diffdock,scored,0.0018,gnina v1.3.3 master:6fe1ce2   Built Jun 30 2026.,static_crystal_polymer,,
1OY7,equibind,scored,0.00344,gnina v1.3.3 master:6fe1ce2   Built Jun 30 2026.,static_crystal_polymer,,
1OY7,diffdock,scored,0.24895,gnina v1.3.3 master:6fe1ce2   Built Jun 30 2026.,static_crystal_polymer,,
1OXQ,equibind,scored,0.0382,gnina v1.3.3 master:6fe1ce2   Built Jun 30 2026.,static_crystal_polymer,,
1OXQ,diffdock,scored,0.15876,gnina v1.3.3 master:6fe1ce2   Built Jun 30 2026.,static_crystal_polymer,,
1OXN,equibind,scored,0.01283,gnina v1.3.3 master:6fe1ce2   Built Jun 30 2026.,static_crystal_polymer,,
1OXN,diffdock,scored,0.2359,gnina v1.3.3 master:6fe1ce2   Built Jun 30 2026.,static_crystal_polymer,,
1P02,equibind,scored,0.03325,gnina v1.3.3 master:6fe1ce2   Built Jun 30 2026.,static_crystal_polymer,B,
1P02,diffdock,scored,0.02981,gnina v1.3.3 master:6fe1ce2   Built Jun 30 2026.,static_crystal_polymer,B,
1P03,equibind,scored,0.00126,gnina v1.3.3 master:6fe1ce2   Built Jun 30 2026.,static_crystal_polymer,B,
1P03,diffdock,scored,0.05359,gnina v1.3.3 master:6fe1ce2   Built Jun 30 2026.,static_crystal_polymer,B,
1P04,equibind,scored,0.01297,gnina v1.3.3 master:6fe1ce2   Built Jun 30 2026.,static_crystal_polymer,B,
1P04,diffdock,scored,0.02376,gnina v1.3.3 master:6fe1ce2   Built Jun 30 2026.,static_crystal_polymer,B,
1P05,equibind,scored,0.00596,gnina v1.3.3 master:6fe1ce2   Built Jun 30 2026.,static_crystal_polymer,B,
1P05,diffdock,scored,0.01572,gnina v1.3.3 master:6fe1ce2   Built Jun 30 2026.,static_crystal_polymer,B,
1P06,equibind,scored,0.00536,gnina v1.3.3 master:6fe1ce2   Built Jun 30 2026.,static_crystal_polymer,B,
1P06,diffdock,scored,0.25242,gnina v1.3.3 master:6fe1ce2   Built Jun 30 2026.,static_crystal_polymer,B,
1P4U,equibind,scored,8e-05,gnina v1.3.3 master:6fe1ce2   Built Jun 30 2026.,static_crystal_polymer,,
1P4U,diffdock,scored,0.00135,gnina v1.3.3 master:6fe1ce2   Built Jun 30 2026.,static_crystal_polymer,,
1P2G,equibind,scored,0.0,gnina v1.3.3 master:6fe1ce2   Built Jun 30 2026.,static_crystal_polymer,B,
1P2G,diffdock,scored,0.0071,gnina v1.3.3 master:6fe1ce2   Built Jun 30 2026.,static_crystal_polymer,B,
1P10,equibind,scored,0.01781,gnina v1.3.3 master:6fe1ce2   Built Jun 30 2026.,static_crystal_polymer,B,
1P10,diffdock,scored,0.21187,gnina v1.3.3 master:6fe1ce2   Built Jun 30 2026.,static_crystal_polymer,B,
1PAU,equibind,scored,0.00885,gnina v1.3.3 master:6fe1ce2   Built Jun 30 2026.,static_crystal_polymer,C,
1PAU,diffdock,scored,0.27408,gnina v1.3.3 master:6fe1ce2   Built Jun 30 2026.,static_crystal_polymer,C,
1PFU,equibind,scored,0.10502,gnina v1.3.3 master:6fe1ce2   Built Jun 30 2026.,static_crystal_polymer,,
1PFU,diffdock,scored,0.40954,gnina v1.3.3 master:6fe1ce2   Built Jun 30 2026.,static_crystal_polymer,,
1PDQ,equibind,scored,3e-05,gnina v1.3.3 master:6fe1ce2   Built Jun 30 2026.,static_crystal_polymer,,
1PDQ,diffdock,scored,0.00086,gnina v1.3.3 master:6fe1ce2   Built Jun 30 2026.,static_crystal_polymer,,
1PCG,equibind,scored,0.0,gnina v1.3.3 master:6fe1ce2   Built Jun 30 2026.,static_crystal_polymer,C;D,
1PCG,diffdock,scored,0.12684,gnina v1.3.3 master:6fe1ce2   Built Jun 30 2026.,static_crystal_polymer,C;D,
1PIG,equibind,scored,0.00019,gnina v1.3.3 master:6fe1ce2   Built Jun 30 2026.,static_crystal_polymer,,
1PIG,diffdock,scored,0.35867,gnina v1.3.3 master:6fe1ce2   Built Jun 30 2026.,static_crystal_polymer,,
1POP,equibind,scored,0.0001,gnina v1.3.3 master:6fe1ce2   Built Jun 30 2026.,static_crystal_polymer,B,
1POP,diffdock,scored,0.30617,gnina v1.3.3 master:6fe1ce2   Built Jun 30 2026.,static_crystal_polymer,B,
1PRL,equibind,scored,2e-05,gnina v1.3.3 master:6fe1ce2   Built Jun 30 2026.,static_crystal_polymer,B,
1PRL,diffdock,scored,0.00945,gnina v1.3.3 master:6fe1ce2   Built Jun 30 2026.,static_crystal_polymer,B,
1PPI,equibind,scored,0.00119,gnina v1.3.3 master:6fe1ce2   Built Jun 30 2026.,static_crystal_polymer,,
1PPI,diffdock,scored,0.36882,gnina v1.3.3 master:6fe1ce2   Built Jun 30 2026.,static_crystal_polymer,,
1PRM,equibind,scored,0.0,gnina v1.3.3 master:6fe1ce2   Built Jun 30 2026.,static_crystal_polymer,B,
1PRM,diffdock,scored,0.0272,gnina v1.3.3 master:6fe1ce2   Built Jun 30 2026.,static_crystal_polymer,B,
1PYW,equibind,scored,0.0,gnina v1.3.3 master:6fe1ce2   Built Jun 30 2026.,static_crystal_polymer,,
1PYW,diffdock,scored,0.00344,gnina v1.3.3 master:6fe1ce2   Built Jun 30 2026.,static_crystal_polymer,,
1PY1,equibind,scored,6e-05,gnina v1.3.3 master:6fe1ce2   Built Jun 30 2026.,static_crystal_polymer,,
1PY1,diffdock,scored,0.57323,gnina v1.3.3 master:6fe1ce2   Built Jun 30 2026.,static_crystal_polymer,,
1PZ5,equibind,scored,0.00019,gnina v1.3.3 master:6fe1ce2   Built Jun 30 2026.,static_crystal_polymer,C,
1PZ5,diffdock,scored,6e-05,gnina v1.3.3 master:6fe1ce2   Built Jun 30 2026.,static_crystal_polymer,C,
1Q1Y,equibind,scored,0.00023,gnina v1.3.3 master:6fe1ce2   Built Jun 30 2026.,static_crystal_polymer,,
1Q1Y,diffdock,scored,0.74085,gnina v1.3.3 master:6fe1ce2   Built Jun 30 2026.,static_crystal_polymer,,
1Q4K,equibind,scored,8e-05,gnina v1.3.3 master:6fe1ce2   Built Jun 30 2026.,static_crystal_polymer,,
1Q4K,diffdock,scored,0.04329,gnina v1.3.3 master:6fe1ce2   Built Jun 30 2026.,static_crystal_polymer,,
1Q5L,equibind,scored,4e-05,gnina v1.3.3 master:6fe1ce2   Built Jun 30 2026.,static_crystal_polymer,B,
1Q5L,diffdock,scored,0.48558,gnina v1.3.3 master:6fe1ce2   Built Jun 30 2026.,static_crystal_polymer,B,
1QI0,equibind,scored,0.00747,gnina v1.3.3 master:6fe1ce2   Built Jun 30 2026.,static_crystal_polymer,B,
1QI0,diffdock,scored,0.52162,gnina v1.3.3 master:6fe1ce2   Built Jun 30 2026.,static_crystal_polymer,B,
1QJI,equibind,scored,0.00097,gnina v1.3.3 master:6fe1ce2   Built Jun 30 2026.,static_crystal_polymer,,
1QJI,diffdock,scored,0.41078,gnina v1.3.3 master:6fe1ce2   Built Jun 30 2026.,static_crystal_polymer,,
1QKA,equibind,scored,0.09946,gnina v1.3.3 master:6fe1ce2   Built Jun 30 2026.,static_crystal_polymer,B,
1QKA,diffdock,scored,0.65584,gnina v1.3.3 master:6fe1ce2   Built Jun 30 2026.,static_crystal_polymer,B,
1QKB,equibind,scored,0.0057,gnina v1.3.3 master:6fe1ce2   Built Jun 30 2026.,static_crystal_polymer,B,
1QKB,diffdock,scored,0.51796,gnina v1.3.3 master:6fe1ce2   Built Jun 30 2026.,static_crystal_polymer,B,
1QM5,equibind,scored,0.0,gnina v1.3.3 master:6fe1ce2   Built Jun 30 2026.,static_crystal_polymer,,
1QM5,diffdock,scored,0.44242,gnina v1.3.3 master:6fe1ce2   Built Jun 30 2026.,static_crystal_polymer,,
1QNG,equibind,scored,0.0,gnina v1.3.3 master:6fe1ce2   Built Jun 30 2026.,static_crystal_polymer,,
1QNG,diffdock,scored,0.0,gnina v1.3.3 master:6fe1ce2   Built Jun 30 2026.,static_crystal_polymer,,
1QNH,equibind,scored,0.0,gnina v1.3.3 master:6fe1ce2   Built Jun 30 2026.,static_crystal_polymer,,
1QNH,diffdock,scored,0.0,gnina v1.3.3 master:6fe1ce2   Built Jun 30 2026.,static_crystal_polymer,,
1QR3,equibind,scored,0.0,gnina v1.3.3 master:6fe1ce2   Built Jun 30 2026.,static_crystal_polymer,B,
1QR3,diffdock,scored,0.0179,gnina v1.3.3 master:6fe1ce2   Built Jun 30 2026.,static_crystal_polymer,B,
1QSC,equibind,scored,0.00461,gnina v1.3.3 master:6fe1ce2   Built Jun 30 2026.,static_crystal_polymer,,
1QSC,diffdock,scored,0.45129,gnina v1.3.3 master:6fe1ce2   Built Jun 30 2026.,static_crystal_polymer,,
1QTN,equibind,scored,0.00014,gnina v1.3.3 master:6fe1ce2   Built Jun 30 2026.,static_crystal_polymer,,
1QTN,diffdock,scored,0.13313,gnina v1.3.3 master:6fe1ce2   Built Jun 30 2026.,static_crystal_polymer,,
1R17,equibind,scored,0.0,gnina v1.3.3 master:6fe1ce2   Built Jun 30 2026.,static_crystal_polymer,,
1R17,diffdock,scored,0.01919,gnina v1.3.3 master:6fe1ce2   Built Jun 30 2026.,static_crystal_polymer,,
1QWE,equibind,scored,8e-05,gnina v1.3.3 master:6fe1ce2   Built Jun 30 2026.,static_crystal_polymer,B,
1QWE,diffdock,scored,0.00597,gnina v1.3.3 master:6fe1ce2   Built Jun 30 2026.,static_crystal_polymer,B,
1QWF,equibind,scored,0.0,gnina v1.3.3 master:6fe1ce2   Built Jun 30 2026.,static_crystal_polymer,B,
1QWF,diffdock,scored,0.10529,gnina v1.3.3 master:6fe1ce2   Built Jun 30 2026.,static_crystal_polymer,B,
1R2B,equibind,scored,0.0,gnina v1.3.3 master:6fe1ce2   Built Jun 30 2026.,static_crystal_polymer,C,
1R2B,diffdock,scored,0.02812,gnina v1.3.3 master:6fe1ce2   Built Jun 30 2026.,static_crystal_polymer,C,
1R5W,equibind,scored,9e-05,gnina v1.3.3 master:6fe1ce2   Built Jun 30 2026.,static_crystal_polymer,E;F,
1R5W,diffdock,scored,0.01956,gnina v1.3.3 master:6fe1ce2   Built Jun 30 2026.,static_crystal_polymer,E;F,
1R5V,equibind,scored,3e-05,gnina v1.3.3 master:6fe1ce2   Built Jun 30 2026.,static_crystal_polymer,B;E,
1R5V,diffdock,scored,0.0338,gnina v1.3.3 master:6fe1ce2   Built Jun 30 2026.,static_crystal_polymer,B;E,
1R6Z,equibind,scored,0.53374,gnina v1.3.3 master:6fe1ce2   Built Jun 30 2026.,static_crystal_polymer,D;E;F,
1R6Z,diffdock,scored,0.71244,gnina v1.3.3 master:6fe1ce2   Built Jun 30 2026.,static_crystal_polymer,D;E;F,
1RHK,equibind,scored,0.03216,gnina v1.3.3 master:6fe1ce2   Built Jun 30 2026.,static_crystal_polymer,C,
1RHK,diffdock,scored,0.11864,gnina v1.3.3 master:6fe1ce2   Built Jun 30 2026.,static_crystal_polymer,C,
1RLP,equibind,scored,2e-05,gnina v1.3.3 master:6fe1ce2   Built Jun 30 2026.,static_crystal_polymer,B,
1RLP,diffdock,scored,0.16222,gnina v1.3.3 master:6fe1ce2   Built Jun 30 2026.,static_crystal_polymer,B,
1RZX,equibind,scored,0.00653,gnina v1.3.3 master:6fe1ce2   Built Jun 30 2026.,static_crystal_polymer,B,
1RZX,diffdock,scored,0.15207,gnina v1.3.3 master:6fe1ce2   Built Jun 30 2026.,static_crystal_polymer,B,
1RHQ,equibind,scored,0.76933,gnina v1.3.3 master:6fe1ce2   Built Jun 30 2026.,static_crystal_polymer,,
1RHQ,diffdock,scored,0.62995,gnina v1.3.3 master:6fe1ce2   Built Jun 30 2026.,static_crystal_polymer,,
1S3K,equibind,scored,2e-05,gnina v1.3.3 master:6fe1ce2   Built Jun 30 2026.,static_crystal_polymer,C,
1S3K,diffdock,scored,0.01121,gnina v1.3.3 master:6fe1ce2   Built Jun 30 2026.,static_crystal_polymer,C,
1SJE,equibind,scored,0.0,gnina v1.3.3 master:6fe1ce2   Built Jun 30 2026.,static_crystal_polymer,,
1SJE,diffdock,scored,0.00019,gnina v1.3.3 master:6fe1ce2   Built Jun 30 2026.,static_crystal_polymer,,
1S9V,equibind,scored,1e-05,gnina v1.3.3 master:6fe1ce2   Built Jun 30 2026.,static_crystal_polymer,C,
1S9V,diffdock,scored,0.00862,gnina v1.3.3 master:6fe1ce2   Built Jun 30 2026.,static_crystal_polymer,C,
1SHD,equibind,scored,0.0016,gnina v1.3.3 master:6fe1ce2   Built Jun 30 2026.,static_crystal_polymer,,
1SHD,diffdock,scored,0.00047,gnina v1.3.3 master:6fe1ce2   Built Jun 30 2026.,static_crystal_polymer,,
1SJH,equibind,scored,1e-05,gnina v1.3.3 master:6fe1ce2   Built Jun 30 2026.,static_crystal_polymer,C,
1SJH,diffdock,scored,0.13457,gnina v1.3.3 master:6fe1ce2   Built Jun 30 2026.,static_crystal_polymer,C,
1SLE,equibind,scored,0.0004,gnina v1.3.3 master:6fe1ce2   Built Jun 30 2026.,static_crystal_polymer,D,
1SLE,diffdock,scored,0.06038,gnina v1.3.3 master:6fe1ce2   Built Jun 30 2026.,static_crystal_polymer,D,
1SLG,equibind,scored,0.0,gnina v1.3.3 master:6fe1ce2   Built Jun 30 2026.,static_crystal_polymer,D,
1SLG,diffdock,scored,0.03081,gnina v1.3.3 master:6fe1ce2   Built Jun 30 2026.,static_crystal_polymer,D,
1SLD,equibind,scored,0.00165,gnina v1.3.3 master:6fe1ce2   Built Jun 30 2026.,static_crystal_polymer,B,
1SLD,diffdock,scored,0.04791,gnina v1.3.3 master:6fe1ce2   Built Jun 30 2026.,static_crystal_polymer,B,
1SM3,equibind,scored,0.0,gnina v1.3.3 master:6fe1ce2   Built Jun 30 2026.,static_crystal_polymer,C,
1SM3,diffdock,scored,0.05416,gnina v1.3.3 master:6fe1ce2   Built Jun 30 2026.,static_crystal_polymer,C,
1STR,equibind,scored,0.00139,gnina v1.3.3 master:6fe1ce2   Built Jun 30 2026.,static_crystal_polymer,D,
1STR,diffdock,scored,0.16291,gnina v1.3.3 master:6fe1ce2   Built Jun 30 2026.,static_crystal_polymer,D,
1SME,equibind,scored,3e-05,gnina v1.3.3 master:6fe1ce2   Built Jun 30 2026.,static_crystal_polymer,C;D,
1SME,diffdock,scored,0.17904,gnina v1.3.3 master:6fe1ce2   Built Jun 30 2026.,static_crystal_polymer,C;D,
1SPS,equibind,scored,0.02596,gnina v1.3.3 master:6fe1ce2   Built Jun 30 2026.,static_crystal_polymer,,
1SPS,diffdock,scored,0.00128,gnina v1.3.3 master:6fe1ce2   Built Jun 30 2026.,static_crystal_polymer,,
1STS,equibind,scored,0.0,gnina v1.3.3 master:6fe1ce2   Built Jun 30 2026.,static_crystal_polymer,D,
1STS,diffdock,scored,0.01451,gnina v1.3.3 master:6fe1ce2   Built Jun 30 2026.,static_crystal_polymer,D,
1T37,equibind,scored,0.00011,gnina v1.3.3 master:6fe1ce2   Built Jun 30 2026.,static_crystal_polymer,B,
1T37,diffdock,scored,0.28644,gnina v1.3.3 master:6fe1ce2   Built Jun 30 2026.,static_crystal_polymer,B,
1T29,equibind,scored,8e-05,gnina v1.3.3 master:6fe1ce2   Built Jun 30 2026.,static_crystal_polymer,,
1T29,diffdock,scored,0.00324,gnina v1.3.3 master:6fe1ce2   Built Jun 30 2026.,static_crystal_polymer,,
1T08,equibind,scored,0.0,gnina v1.3.3 master:6fe1ce2   Built Jun 30 2026.,static_crystal_polymer,C,
1T08,diffdock,scored,0.06373,gnina v1.3.3 master:6fe1ce2   Built Jun 30 2026.,static_crystal_polymer,C,
1T79,equibind,scored,0.0,gnina v1.3.3 master:6fe1ce2   Built Jun 30 2026.,static_crystal_polymer,,
1T79,diffdock,scored,0.00669,gnina v1.3.3 master:6fe1ce2   Built Jun 30 2026.,static_crystal_polymer,,
1T7F,equibind,scored,0.00088,gnina v1.3.3 master:6fe1ce2   Built Jun 30 2026.,static_crystal_polymer,,
1T7F,diffdock,scored,0.04945,gnina v1.3.3 master:6fe1ce2   Built Jun 30 2026.,static_crystal_polymer,,
1T7D,equibind,scored,2e-05,gnina v1.3.3 master:6fe1ce2   Built Jun 30 2026.,static_crystal_polymer,,
1T7D,diffdock,scored,0.18103,gnina v1.3.3 master:6fe1ce2   Built Jun 30 2026.,static_crystal_polymer,,
1T7R,equibind,scored,0.0,gnina v1.3.3 master:6fe1ce2   Built Jun 30 2026.,static_crystal_polymer,,
1T7R,diffdock,scored,0.12879,gnina v1.3.3 master:6fe1ce2   Built Jun 30 2026.,static_crystal_polymer,,
1TET,equibind,scored,3e-05,gnina v1.3.3 master:6fe1ce2   Built Jun 30 2026.,static_crystal_polymer,C,
1TET,diffdock,scored,0.00046,gnina v1.3.3 master:6fe1ce2   Built Jun 30 2026.,static_crystal_polymer,C,
1THS,equibind,scored,2e-05,gnina v1.3.3 master:6fe1ce2   Built Jun 30 2026.,static_crystal_polymer,,
1THS,diffdock,scored,0.01468,gnina v1.3.3 master:6fe1ce2   Built Jun 30 2026.,static_crystal_polymer,,
1THR,equibind,scored,0.00013,gnina v1.3.3 master:6fe1ce2   Built Jun 30 2026.,static_crystal_polymer,C,
1THR,diffdock,scored,0.01603,gnina v1.3.3 master:6fe1ce2   Built Jun 30 2026.,static_crystal_polymer,C,
1TL7,equibind,scored,3e-05,gnina v1.3.3 master:6fe1ce2   Built Jun 30 2026.,static_crystal_polymer,,
1TL7,diffdock,scored,0.22169,gnina v1.3.3 master:6fe1ce2   Built Jun 30 2026.,static_crystal_polymer,,
1U9L,equibind,scored,0.0,gnina v1.3.3 master:6fe1ce2   Built Jun 30 2026.,static_crystal_polymer,C,
1U9L,diffdock,scored,0.03299,gnina v1.3.3 master:6fe1ce2   Built Jun 30 2026.,static_crystal_polymer,C,
1UKT,equibind,scored,0.0,gnina v1.3.3 master:6fe1ce2   Built Jun 30 2026.,static_crystal_polymer,,
1UKT,diffdock,scored,0.78082,gnina v1.3.3 master:6fe1ce2   Built Jun 30 2026.,static_crystal_polymer,,
1UJJ,equibind,scored,4e-05,gnina v1.3.3 master:6fe1ce2   Built Jun 30 2026.,static_crystal_polymer,C,
1UJJ,diffdock,scored,0.01863,gnina v1.3.3 master:6fe1ce2   Built Jun 30 2026.,static_crystal_polymer,C,
1UKH,equibind,scored,9e-05,gnina v1.3.3 master:6fe1ce2   Built Jun 30 2026.,static_crystal_polymer,B,
1UKH,diffdock,scored,0.03607,gnina v1.3.3 master:6fe1ce2   Built Jun 30 2026.,static_crystal_polymer,B,
1UEF,equibind,scored,0.0,gnina v1.3.3 master:6fe1ce2   Built Jun 30 2026.,static_crystal_polymer,,
1UEF,diffdock,scored,0.00613,gnina v1.3.3 master:6fe1ce2   Built Jun 30 2026.,static_crystal_polymer,,
1URG,equibind,scored,0.0004,gnina v1.3.3 master:6fe1ce2   Built Jun 30 2026.,static_crystal_polymer,B,
1URG,diffdock,scored,0.63555,gnina v1.3.3 master:6fe1ce2   Built Jun 30 2026.,static_crystal_polymer,B,
1UGX,equibind,scored,0.01258,gnina v1.3.3 master:6fe1ce2   Built Jun 30 2026.,static_crystal_polymer,C,
1UGX,diffdock,scored,0.39562,gnina v1.3.3 master:6fe1ce2   Built Jun 30 2026.,static_crystal_polymer,C,
1UMW,equibind,scored,6e-05,gnina v1.3.3 master:6fe1ce2   Built Jun 30 2026.,static_crystal_polymer,,
1UMW,diffdock,scored,0.0078,gnina v1.3.3 master:6fe1ce2   Built Jun 30 2026.,static_crystal_polymer,,
1UR9,equibind,scored,0.00136,gnina v1.3.3 master:6fe1ce2   Built Jun 30 2026.,static_crystal_polymer,,
1UR9,diffdock,scored,0.21428,gnina v1.3.3 master:6fe1ce2   Built Jun 30 2026.,static_crystal_polymer,,
1ULE,equibind,scored,1e-05,gnina v1.3.3 master:6fe1ce2   Built Jun 30 2026.,static_crystal_polymer,C;D,
1ULE,diffdock,scored,0.24717,gnina v1.3.3 master:6fe1ce2   Built Jun 30 2026.,static_crystal_polymer,C;D,
1UJK,equibind,scored,0.0,gnina v1.3.3 master:6fe1ce2   Built Jun 30 2026.,static_crystal_polymer,,
1UJK,diffdock,scored,0.00812,gnina v1.3.3 master:6fe1ce2   Built Jun 30 2026.,static_crystal_polymer,,
1UTC,equibind,scored,0.0,gnina v1.3.3 master:6fe1ce2   Built Jun 30 2026.,static_crystal_polymer,,
1UTC,diffdock,scored,0.01456,gnina v1.3.3 master:6fe1ce2   Built Jun 30 2026.,static_crystal_polymer,,
1U8T,equibind,scored,2e-05,gnina v1.3.3 master:6fe1ce2   Built Jun 30 2026.,static_crystal_polymer,E;F,
1U8T,diffdock,scored,0.0061,gnina v1.3.3 master:6fe1ce2   Built Jun 30 2026.,static_crystal_polymer,E;F,
1UPK,equibind,scored,0.00016,gnina v1.3.3 master:6fe1ce2   Built Jun 30 2026.,static_crystal_polymer,B,
1UPK,diffdock,scored,0.06341,gnina v1.3.3 master:6fe1ce2   Built Jun 30 2026.,static_crystal_polymer,B,
1UH1,equibind,scored,0.80742,gnina v1.3.3 master:6fe1ce2   Built Jun 30 2026.,static_crystal_polymer,I;J;K,
1UH1,diffdock,scored,0.84509,gnina v1.3.3 master:6fe1ce2   Built Jun 30 2026.,static_crystal_polymer,I;J;K,
1URC,equibind,scored,0.00171,gnina v1.3.3 master:6fe1ce2   Built Jun 30 2026.,static_crystal_polymer,E;F,
1URC,diffdock,scored,0.2354,gnina v1.3.3 master:6fe1ce2   Built Jun 30 2026.,static_crystal_polymer,E;F,
1UJ0,equibind,scored,0.0,gnina v1.3.3 master:6fe1ce2   Built Jun 30 2026.,static_crystal_polymer,,
1UJ0,diffdock,scored,0.05222,gnina v1.3.3 master:6fe1ce2   Built Jun 30 2026.,static_crystal_polymer,,
1ULG,equibind,scored,2e-05,gnina v1.3.3 master:6fe1ce2   Built Jun 30 2026.,static_crystal_polymer,E;F;G;H,
1ULG,diffdock,scored,0.42917,gnina v1.3.3 master:6fe1ce2   Built Jun 30 2026.,static_crystal_polymer,E;F;G;H,
1TL9,equibind,scored,0.0,gnina v1.3.3 master:6fe1ce2   Built Jun 30 2026.,static_crystal_polymer,B,
1TL9,diffdock,scored,0.26185,gnina v1.3.3 master:6fe1ce2   Built Jun 30 2026.,static_crystal_polymer,B,
1UGY,equibind,scored,0.00197,gnina v1.3.3 master:6fe1ce2   Built Jun 30 2026.,static_crystal_polymer,I;J;K;L,
1UGY,diffdock,scored,0.61665,gnina v1.3.3 master:6fe1ce2   Built Jun 30 2026.,static_crystal_polymer,I;J;K;L,
1UX7,equibind,scored,0.00015,gnina v1.3.3 master:6fe1ce2   Built Jun 30 2026.,static_crystal_polymer,B,
1UX7,diffdock,scored,0.62075,gnina v1.3.3 master:6fe1ce2   Built Jun 30 2026.,static_crystal_polymer,B,
1VWF,equibind,scored,0.00024,gnina v1.3.3 master:6fe1ce2   Built Jun 30 2026.,static_crystal_polymer,B,
1VWF,diffdock,scored,0.02723,gnina v1.3.3 master:6fe1ce2   Built Jun 30 2026.,static_crystal_polymer,B,
1VIK,equibind,scored,0.00156,gnina v1.3.3 master:6fe1ce2   Built Jun 30 2026.,static_crystal_polymer,,
1VIK,diffdock,scored,0.59023,gnina v1.3.3 master:6fe1ce2   Built Jun 30 2026.,static_crystal_polymer,,
1UXA,equibind,scored,0.1666,gnina v1.3.3 master:6fe1ce2   Built Jun 30 2026.,static_crystal_polymer,D;E,
1UXA,diffdock,scored,0.46526,gnina v1.3.3 master:6fe1ce2   Built Jun 30 2026.,static_crystal_polymer,D;E,
1V0N,equibind,scored,0.20895,gnina v1.3.3 master:6fe1ce2   Built Jun 30 2026.,static_crystal_polymer,,
1V0N,diffdock,scored,0.61363,gnina v1.3.3 master:6fe1ce2   Built Jun 30 2026.,static_crystal_polymer,,
1V0M,equibind,scored,0.26835,gnina v1.3.3 master:6fe1ce2   Built Jun 30 2026.,static_crystal_polymer,,
1V0M,diffdock,scored,0.75308,gnina v1.3.3 master:6fe1ce2   Built Jun 30 2026.,static_crystal_polymer,,
1UXB,equibind,scored,0.53843,gnina v1.3.3 master:6fe1ce2   Built Jun 30 2026.,static_crystal_polymer,D;E,
1UXB,diffdock,scored,0.30816,gnina v1.3.3 master:6fe1ce2   Built Jun 30 2026.,static_crystal_polymer,D;E,
1UZ8,equibind,scored,0.00022,gnina v1.3.3 master:6fe1ce2   Built Jun 30 2026.,static_crystal_polymer,E;F,
1UZ8,diffdock,scored,0.05157,gnina v1.3.3 master:6fe1ce2   Built Jun 30 2026.,static_crystal_polymer,E;F,
1V0L,equibind,scored,0.23786,gnina v1.3.3 master:6fe1ce2   Built Jun 30 2026.,static_crystal_polymer,,
1V0L,diffdock,scored,0.18303,gnina v1.3.3 master:6fe1ce2   Built Jun 30 2026.,static_crystal_polymer,,
1V0K,equibind,scored,0.17604,gnina v1.3.3 master:6fe1ce2   Built Jun 30 2026.,static_crystal_polymer,,
1V0K,diffdock,scored,0.43054,gnina v1.3.3 master:6fe1ce2   Built Jun 30 2026.,static_crystal_polymer,,
1WDQ,equibind,scored,0.06804,gnina v1.3.3 master:6fe1ce2   Built Jun 30 2026.,static_crystal_polymer,B;C,
1WDQ,diffdock,scored,0.10926,gnina v1.3.3 master:6fe1ce2   Built Jun 30 2026.,static_crystal_polymer,B;C,
1WDN,equibind,scored,0.00066,gnina v1.3.3 master:6fe1ce2   Built Jun 30 2026.,static_crystal_polymer,,
1WDN,diffdock,scored,0.01952,gnina v1.3.3 master:6fe1ce2   Built Jun 30 2026.,static_crystal_polymer,,
1W25,equibind,scored,0.57129,gnina v1.3.3 master:6fe1ce2   Built Jun 30 2026.,static_crystal_polymer,,
1W25,diffdock,scored,0.74483,gnina v1.3.3 master:6fe1ce2   Built Jun 30 2026.,static_crystal_polymer,,
1WDR,equibind,scored,0.09278,gnina v1.3.3 master:6fe1ce2   Built Jun 30 2026.,static_crystal_polymer,,
1WDR,diffdock,scored,0.64476,gnina v1.3.3 master:6fe1ce2   Built Jun 30 2026.,static_crystal_polymer,,
1WS1,equibind,scored,0.6019,gnina v1.3.3 master:6fe1ce2   Built Jun 30 2026.,static_crystal_polymer,,
1WS1,diffdock,scored,0.69652,gnina v1.3.3 master:6fe1ce2   Built Jun 30 2026.,static_crystal_polymer,,
1W3L,equibind,scored,0.00329,gnina v1.3.3 master:6fe1ce2   Built Jun 30 2026.,static_crystal_polymer,,
1W3L,diffdock,scored,0.69016,gnina v1.3.3 master:6fe1ce2   Built Jun 30 2026.,static_crystal_polymer,,
1WZY,equibind,scored,0.48692,gnina v1.3.3 master:6fe1ce2   Built Jun 30 2026.,static_crystal_polymer,,
1WZY,diffdock,scored,0.78227,gnina v1.3.3 master:6fe1ce2   Built Jun 30 2026.,static_crystal_polymer,,
1W3K,equibind,scored,0.3461,gnina v1.3.3 master:6fe1ce2   Built Jun 30 2026.,static_crystal_polymer,,
1W3K,diffdock,scored,0.80341,gnina v1.3.3 master:6fe1ce2   Built Jun 30 2026.,static_crystal_polymer,,
1VYJ,equibind,scored,0.0,gnina v1.3.3 master:6fe1ce2   Built Jun 30 2026.,static_crystal_polymer,B;D;F;H;J;L,
1VYJ,diffdock,scored,0.00346,gnina v1.3.3 master:6fe1ce2   Built Jun 30 2026.,static_crystal_polymer,B;D;F;H;J;L,
1W80,equibind,scored,1e-05,gnina v1.3.3 master:6fe1ce2   Built Jun 30 2026.,static_crystal_polymer,,
1W80,diffdock,scored,0.05661,gnina v1.3.3 master:6fe1ce2   Built Jun 30 2026.,static_crystal_polymer,,
1X7Q,equibind,scored,0.00078,gnina v1.3.3 master:6fe1ce2   Built Jun 30 2026.,static_crystal_polymer,C,
1X7Q,diffdock,scored,0.08836,gnina v1.3.3 master:6fe1ce2   Built Jun 30 2026.,static_crystal_polymer,C,
1XH3,equibind,scored,0.0,gnina v1.3.3 master:6fe1ce2   Built Jun 30 2026.,static_crystal_polymer,C,
1XH3,diffdock,scored,0.055,gnina v1.3.3 master:6fe1ce2   Built Jun 30 2026.,static_crystal_polymer,C,
1XHM,equibind,scored,0.0,gnina v1.3.3 master:6fe1ce2   Built Jun 30 2026.,static_crystal_polymer,,
1XHM,diffdock,scored,0.00231,gnina v1.3.3 master:6fe1ce2   Built Jun 30 2026.,static_crystal_polymer,,
1XB7,equibind,scored,0.0,gnina v1.3.3 master:6fe1ce2   Built Jun 30 2026.,static_crystal_polymer,,
1XB7,diffdock,scored,0.11619,gnina v1.3.3 master:6fe1ce2   Built Jun 30 2026.,static_crystal_polymer,,
1X9D,equibind,scored,0.00102,gnina v1.3.3 master:6fe1ce2   Built Jun 30 2026.,static_crystal_polymer,B,
1X9D,diffdock,scored,0.16696,gnina v1.3.3 master:6fe1ce2   Built Jun 30 2026.,static_crystal_polymer,B,
1XR9,equibind,scored,0.0,gnina v1.3.3 master:6fe1ce2   Built Jun 30 2026.,static_crystal_polymer,C,
1XR9,diffdock,scored,0.00754,gnina v1.3.3 master:6fe1ce2   Built Jun 30 2026.,static_crystal_polymer,C,
1Y19,equibind,scored,0.22308,gnina v1.3.3 master:6fe1ce2   Built Jun 30 2026.,static_crystal_polymer,,
1Y19,diffdock,scored,0.00519,gnina v1.3.3 master:6fe1ce2   Built Jun 30 2026.,static_crystal_polymer,,
1XN3,equibind,scored,0.0,gnina v1.3.3 master:6fe1ce2   Built Jun 30 2026.,static_crystal_polymer,E,
1XN3,diffdock,scored,0.39444,gnina v1.3.3 master:6fe1ce2   Built Jun 30 2026.,static_crystal_polymer,E,
1XR8,equibind,scored,0.0,gnina v1.3.3 master:6fe1ce2   Built Jun 30 2026.,static_crystal_polymer,C,
1XR8,diffdock,scored,0.0339,gnina v1.3.3 master:6fe1ce2   Built Jun 30 2026.,static_crystal_polymer,C,
1XN2,equibind,scored,1e-05,gnina v1.3.3 master:6fe1ce2   Built Jun 30 2026.,static_crystal_polymer,E;F;G;H,
1XN2,diffdock,scored,0.02483,gnina v1.3.3 master:6fe1ce2   Built Jun 30 2026.,static_crystal_polymer,E;F;G;H,
1Y3G,diffdock,scored,0.14835,gnina v1.3.3 master:6fe1ce2   Built Jun 30 2026.,static_crystal_polymer,,
1YY6,equibind,scored,0.0,gnina v1.3.3 master:6fe1ce2   Built Jun 30 2026.,static_crystal_polymer,,
1YY6,diffdock,scored,0.04239,gnina v1.3.3 master:6fe1ce2   Built Jun 30 2026.,static_crystal_polymer,,
1YWI,equibind,scored,2e-05,gnina v1.3.3 master:6fe1ce2   Built Jun 30 2026.,static_crystal_polymer,B,
1YWI,diffdock,scored,0.10348,gnina v1.3.3 master:6fe1ce2   Built Jun 30 2026.,static_crystal_polymer,B,
1Y3P,equibind,scored,0.00016,gnina v1.3.3 master:6fe1ce2   Built Jun 30 2026.,static_crystal_polymer,B,
1Y3P,diffdock,scored,0.43558,gnina v1.3.3 master:6fe1ce2   Built Jun 30 2026.,static_crystal_polymer,B,
1Y3N,equibind,scored,0.14686,gnina v1.3.3 master:6fe1ce2   Built Jun 30 2026.,static_crystal_polymer,B,
1Y3N,diffdock,scored,0.32716,gnina v1.3.3 master:6fe1ce2   Built Jun 30 2026.,static_crystal_polymer,B,
1YM2,equibind,scored,2e-05,gnina v1.3.3 master:6fe1ce2   Built Jun 30 2026.,static_crystal_polymer,D;E;F,
1YM2,diffdock,scored,0.24194,gnina v1.3.3 master:6fe1ce2   Built Jun 30 2026.,static_crystal_polymer,D;E;F,
1Y3A,equibind,scored,0.0,gnina v1.3.3 master:6fe1ce2   Built Jun 30 2026.,static_crystal_polymer,,
1Y3A,diffdock,scored,0.16039,gnina v1.3.3 master:6fe1ce2   Built Jun 30 2026.,static_crystal_polymer,,
1Y2A,equibind,scored,5e-05,gnina v1.3.3 master:6fe1ce2   Built Jun 30 2026.,static_crystal_polymer,B,
1Y2A,diffdock,scored,0.01332,gnina v1.3.3 master:6fe1ce2   Built Jun 30 2026.,static_crystal_polymer,B,
1YM4,equibind,scored,0.00077,gnina v1.3.3 master:6fe1ce2   Built Jun 30 2026.,static_crystal_polymer,D;E;F,
1YM4,diffdock,scored,0.49351,gnina v1.3.3 master:6fe1ce2   Built Jun 30 2026.,static_crystal_polymer,D;E;F,
1YWH,equibind,scored,0.05512,gnina v1.3.3 master:6fe1ce2   Built Jun 30 2026.,static_crystal_polymer,B;D;F;H;J;L;N;P,
1YWH,diffdock,scored,4e-05,gnina v1.3.3 master:6fe1ce2   Built Jun 30 2026.,static_crystal_polymer,B;D;F;H;J;L;N;P,
1Z3T,equibind,scored,0.11541,gnina v1.3.3 master:6fe1ce2   Built Jun 30 2026.,static_crystal_polymer,B,
1Z3T,diffdock,scored,0.32246,gnina v1.3.3 master:6fe1ce2   Built Jun 30 2026.,static_crystal_polymer,B,
1ZM6,equibind,scored,0.0,gnina v1.3.3 master:6fe1ce2   Built Jun 30 2026.,static_crystal_polymer,B,
1ZM6,diffdock,scored,0.11051,gnina v1.3.3 master:6fe1ce2   Built Jun 30 2026.,static_crystal_polymer,B,
1ZUB,equibind,scored,0.00072,gnina v1.3.3 master:6fe1ce2   Built Jun 30 2026.,static_crystal_polymer,B,
1ZUB,diffdock,scored,0.05253,gnina v1.3.3 master:6fe1ce2   Built Jun 30 2026.,static_crystal_polymer,B,
1ZSH,equibind,scored,5e-05,gnina v1.3.3 master:6fe1ce2   Built Jun 30 2026.,static_crystal_polymer,,
1ZSH,diffdock,scored,0.29734,gnina v1.3.3 master:6fe1ce2   Built Jun 30 2026.,static_crystal_polymer,,
1Z3V,equibind,scored,1e-05,gnina v1.3.3 master:6fe1ce2   Built Jun 30 2026.,static_crystal_polymer,B,
1Z3V,diffdock,scored,0.55256,gnina v1.3.3 master:6fe1ce2   Built Jun 30 2026.,static_crystal_polymer,B,
1ZHL,equibind,scored,0.00015,gnina v1.3.3 master:6fe1ce2   Built Jun 30 2026.,static_crystal_polymer,C,
1ZHL,diffdock,scored,0.00024,gnina v1.3.3 master:6fe1ce2   Built Jun 30 2026.,static_crystal_polymer,C,
1ZKK,equibind,scored,0.0,gnina v1.3.3 master:6fe1ce2   Built Jun 30 2026.,static_crystal_polymer,,
1ZKK,diffdock,scored,0.06095,gnina v1.3.3 master:6fe1ce2   Built Jun 30 2026.,static_crystal_polymer,,
1ZH7,equibind,scored,0.0,gnina v1.3.3 master:6fe1ce2   Built Jun 30 2026.,static_crystal_polymer,C;D,
1ZH7,diffdock,scored,0.08646,gnina v1.3.3 master:6fe1ce2   Built Jun 30 2026.,static_crystal_polymer,C;D,
1ZHK,equibind,scored,0.0,gnina v1.3.3 master:6fe1ce2   Built Jun 30 2026.,static_crystal_polymer,C,
1ZHK,diffdock,scored,0.0087,gnina v1.3.3 master:6fe1ce2   Built Jun 30 2026.,static_crystal_polymer,C,
2A0T,equibind,scored,3e-05,gnina v1.3.3 master:6fe1ce2   Built Jun 30 2026.,static_crystal_polymer,B,
2A0T,diffdock,scored,0.09325,gnina v1.3.3 master:6fe1ce2   Built Jun 30 2026.,static_crystal_polymer,B,
2A25,equibind,scored,0.00028,gnina v1.3.3 master:6fe1ce2   Built Jun 30 2026.,static_crystal_polymer,,
2A25,diffdock,scored,0.55082,gnina v1.3.3 master:6fe1ce2   Built Jun 30 2026.,static_crystal_polymer,,
2AEB,diffdock,scored,0.80515,gnina v1.3.3 master:6fe1ce2   Built Jun 30 2026.,static_crystal_polymer,,
2A3I,equibind,scored,2e-05,gnina v1.3.3 master:6fe1ce2   Built Jun 30 2026.,static_crystal_polymer,B,
2A3I,diffdock,scored,0.00049,gnina v1.3.3 master:6fe1ce2   Built Jun 30 2026.,static_crystal_polymer,B,
2AOC,equibind,scored,0.00065,gnina v1.3.3 master:6fe1ce2   Built Jun 30 2026.,static_crystal_polymer,,
2AOC,diffdock,scored,0.64043,gnina v1.3.3 master:6fe1ce2   Built Jun 30 2026.,static_crystal_polymer,,
2AOH,equibind,scored,0.0,gnina v1.3.3 master:6fe1ce2   Built Jun 30 2026.,static_crystal_polymer,,
2AOH,diffdock,scored,0.0,gnina v1.3.3 master:6fe1ce2   Built Jun 30 2026.,static_crystal_polymer,,
2AOJ,equibind,scored,0.0,gnina v1.3.3 master:6fe1ce2   Built Jun 30 2026.,static_crystal_polymer,C,
2AOJ,diffdock,scored,0.03017,gnina v1.3.3 master:6fe1ce2   Built Jun 30 2026.,static_crystal_polymer,C,
2AOD,equibind,scored,6e-05,gnina v1.3.3 master:6fe1ce2   Built Jun 30 2026.,static_crystal_polymer,,
2AOD,diffdock,scored,0.60454,gnina v1.3.3 master:6fe1ce2   Built Jun 30 2026.,static_crystal_polymer,,
2AQ9,equibind,scored,0.0,gnina v1.3.3 master:6fe1ce2   Built Jun 30 2026.,static_crystal_polymer,B,
2AQ9,diffdock,scored,0.03386,gnina v1.3.3 master:6fe1ce2   Built Jun 30 2026.,static_crystal_polymer,B,
2AOI,equibind,scored,2e-05,gnina v1.3.3 master:6fe1ce2   Built Jun 30 2026.,static_crystal_polymer,C,
2AOI,diffdock,scored,0.27645,gnina v1.3.3 master:6fe1ce2   Built Jun 30 2026.,static_crystal_polymer,C,
2AOF,equibind,scored,0.0,gnina v1.3.3 master:6fe1ce2   Built Jun 30 2026.,static_crystal_polymer,C,
2AOF,diffdock,scored,0.2863,gnina v1.3.3 master:6fe1ce2   Built Jun 30 2026.,static_crystal_polymer,C,
2AEZ,equibind,scored,0.02718,gnina v1.3.3 master:6fe1ce2   Built Jun 30 2026.,static_crystal_polymer,D,
2AEZ,diffdock,scored,0.34977,gnina v1.3.3 master:6fe1ce2   Built Jun 30 2026.,static_crystal_polymer,D,
2ARM,equibind,scored,0.06251,gnina v1.3.3 master:6fe1ce2   Built Jun 30 2026.,static_crystal_polymer,,
2ARM,diffdock,scored,0.61329,gnina v1.3.3 master:6fe1ce2   Built Jun 30 2026.,static_crystal_polymer,,
2ASU,equibind,scored,0.0009,gnina v1.3.3 master:6fe1ce2   Built Jun 30 2026.,static_crystal_polymer,,
2ASU,diffdock,scored,0.68855,gnina v1.3.3 master:6fe1ce2   Built Jun 30 2026.,static_crystal_polymer,,
2AUC,equibind,scored,0.0,gnina v1.3.3 master:6fe1ce2   Built Jun 30 2026.,static_crystal_polymer,D,
2AUC,diffdock,scored,0.09836,gnina v1.3.3 master:6fe1ce2   Built Jun 30 2026.,static_crystal_polymer,D,
2AZC,equibind,scored,5e-05,gnina v1.3.3 master:6fe1ce2   Built Jun 30 2026.,static_crystal_polymer,,
2AZC,diffdock,scored,0.59647,gnina v1.3.3 master:6fe1ce2   Built Jun 30 2026.,static_crystal_polymer,,
2B1Q,equibind,scored,0.00942,gnina v1.3.3 master:6fe1ce2   Built Jun 30 2026.,static_crystal_polymer,B,
2B1Q,diffdock,scored,0.53783,gnina v1.3.3 master:6fe1ce2   Built Jun 30 2026.,static_crystal_polymer,B,
2B2V,equibind,scored,1e-05,gnina v1.3.3 master:6fe1ce2   Built Jun 30 2026.,static_crystal_polymer,,
2B2V,diffdock,scored,0.41084,gnina v1.3.3 master:6fe1ce2   Built Jun 30 2026.,static_crystal_polymer,,
2AZM,equibind,scored,0.05483,gnina v1.3.3 master:6fe1ce2   Built Jun 30 2026.,static_crystal_polymer,C;D,
2AZM,diffdock,scored,0.14842,gnina v1.3.3 master:6fe1ce2   Built Jun 30 2026.,static_crystal_polymer,C;D,
2B7F,equibind,scored,0.01966,gnina v1.3.3 master:6fe1ce2   Built Jun 30 2026.,static_crystal_polymer,C;I,
2B7F,diffdock,scored,0.30533,gnina v1.3.3 master:6fe1ce2   Built Jun 30 2026.,static_crystal_polymer,C;I,
2B1R,equibind,scored,0.01025,gnina v1.3.3 master:6fe1ce2   Built Jun 30 2026.,static_crystal_polymer,B,
2B1R,diffdock,scored,0.27717,gnina v1.3.3 master:6fe1ce2   Built Jun 30 2026.,static_crystal_polymer,B,
2AY7,equibind,scored,0.67106,gnina v1.3.3 master:6fe1ce2   Built Jun 30 2026.,static_crystal_polymer,,
2AY7,diffdock,scored,0.8958,gnina v1.3.3 master:6fe1ce2   Built Jun 30 2026.,static_crystal_polymer,,
2BBA,equibind,scored,0.0,gnina v1.3.3 master:6fe1ce2   Built Jun 30 2026.,static_crystal_polymer,B,
2BBA,diffdock,scored,0.0,gnina v1.3.3 master:6fe1ce2   Built Jun 30 2026.,static_crystal_polymer,B,
2BCD,equibind,scored,0.00195,gnina v1.3.3 master:6fe1ce2   Built Jun 30 2026.,static_crystal_polymer,B,
2BCD,diffdock,scored,0.21262,gnina v1.3.3 master:6fe1ce2   Built Jun 30 2026.,static_crystal_polymer,B,
2BMZ,equibind,scored,0.02526,gnina v1.3.3 master:6fe1ce2   Built Jun 30 2026.,static_crystal_polymer,C;D;E;F,
2BMZ,diffdock,scored,0.74175,gnina v1.3.3 master:6fe1ce2   Built Jun 30 2026.,static_crystal_polymer,C;D;E;F,
2CIA,equibind,scored,0.0,gnina v1.3.3 master:6fe1ce2   Built Jun 30 2026.,static_crystal_polymer,B,
2CIA,diffdock,scored,0.02139,gnina v1.3.3 master:6fe1ce2   Built Jun 30 2026.,static_crystal_polymer,B,
2BZ8,equibind,scored,0.0,gnina v1.3.3 master:6fe1ce2   Built Jun 30 2026.,static_crystal_polymer,C,
2BZ8,diffdock,scored,0.02486,gnina v1.3.3 master:6fe1ce2   Built Jun 30 2026.,static_crystal_polymer,C,
2C2L,equibind,scored,0.0,gnina v1.3.3 master:6fe1ce2   Built Jun 30 2026.,static_crystal_polymer,E;F;G;H,
2C2L,diffdock,scored,0.25919,gnina v1.3.3 master:6fe1ce2   Built Jun 30 2026.,static_crystal_polymer,E;F;G;H,
2BGR,equibind,scored,0.04123,gnina v1.3.3 master:6fe1ce2   Built Jun 30 2026.,static_crystal_polymer,C;D,
2BGR,diffdock,scored,0.21757,gnina v1.3.3 master:6fe1ce2   Built Jun 30 2026.,static_crystal_polymer,C;D,
2CE9,equibind,scored,0.0223,gnina v1.3.3 master:6fe1ce2   Built Jun 30 2026.,static_crystal_polymer,E,
2CE9,diffdock,scored,0.2779,gnina v1.3.3 master:6fe1ce2   Built Jun 30 2026.,static_crystal_polymer,E,
2CV3,equibind,scored,0.0,gnina v1.3.3 master:6fe1ce2   Built Jun 30 2026.,static_crystal_polymer,B,
2CV3,diffdock,scored,0.0082,gnina v1.3.3 master:6fe1ce2   Built Jun 30 2026.,static_crystal_polymer,B,
2D1X,equibind,scored,0.0,gnina v1.3.3 master:6fe1ce2   Built Jun 30 2026.,static_crystal_polymer,,
2D1X,diffdock,scored,3e-05,gnina v1.3.3 master:6fe1ce2   Built Jun 30 2026.,static_crystal_polymer,,
2BO4,equibind,scored,0.22085,gnina v1.3.3 master:6fe1ce2   Built Jun 30 2026.,static_crystal_polymer,,
2BO4,diffdock,scored,0.75948,gnina v1.3.3 master:6fe1ce2   Built Jun 30 2026.,static_crystal_polymer,,
2E7L,equibind,scored,2e-05,gnina v1.3.3 master:6fe1ce2   Built Jun 30 2026.,static_crystal_polymer,,
2E7L,diffdock,scored,0.00045,gnina v1.3.3 master:6fe1ce2   Built Jun 30 2026.,static_crystal_polymer,,
2ER6,equibind,scored,2e-05,gnina v1.3.3 master:6fe1ce2   Built Jun 30 2026.,static_crystal_polymer,B,
2ER6,diffdock,scored,0.00474,gnina v1.3.3 master:6fe1ce2   Built Jun 30 2026.,static_crystal_polymer,B,
2ER9,equibind,scored,4e-05,gnina v1.3.3 master:6fe1ce2   Built Jun 30 2026.,static_crystal_polymer,B,
2ER9,diffdock,scored,0.0113,gnina v1.3.3 master:6fe1ce2   Built Jun 30 2026.,static_crystal_polymer,B,
2DWX,equibind,scored,0.00037,gnina v1.3.3 master:6fe1ce2   Built Jun 30 2026.,static_crystal_polymer,E,
2DWX,diffdock,scored,0.62999,gnina v1.3.3 master:6fe1ce2   Built Jun 30 2026.,static_crystal_polymer,E,
2D2V,equibind,scored,0.00463,gnina v1.3.3 master:6fe1ce2   Built Jun 30 2026.,static_crystal_polymer,B,
2D2V,diffdock,scored,0.0333,gnina v1.3.3 master:6fe1ce2   Built Jun 30 2026.,static_crystal_polymer,B,
2ER0,equibind,scored,1e-05,gnina v1.3.3 master:6fe1ce2   Built Jun 30 2026.,static_crystal_polymer,B,
2ER0,diffdock,scored,0.01987,gnina v1.3.3 master:6fe1ce2   Built Jun 30 2026.,static_crystal_polymer,B,
2EVL,equibind,scored,2e-05,gnina v1.3.3 master:6fe1ce2   Built Jun 30 2026.,static_crystal_polymer,,
2EVL,diffdock,scored,0.69094,gnina v1.3.3 master:6fe1ce2   Built Jun 30 2026.,static_crystal_polymer,,
2EUM,equibind,scored,0.0,gnina v1.3.3 master:6fe1ce2   Built Jun 30 2026.,static_crystal_polymer,,
2EUM,diffdock,scored,0.38813,gnina v1.3.3 master:6fe1ce2   Built Jun 30 2026.,static_crystal_polymer,,
2EZ5,equibind,scored,1e-05,gnina v1.3.3 master:6fe1ce2   Built Jun 30 2026.,static_crystal_polymer,,
2EZ5,diffdock,scored,0.00696,gnina v1.3.3 master:6fe1ce2   Built Jun 30 2026.,static_crystal_polymer,,
2BGN,equibind,scored,0.0006,gnina v1.3.3 master:6fe1ce2   Built Jun 30 2026.,static_crystal_polymer,I;J;K;L,
2FLU,equibind,scored,0.0,gnina v1.3.3 master:6fe1ce2   Built Jun 30 2026.,static_crystal_polymer,B,
2FLU,diffdock,scored,0.00333,gnina v1.3.3 master:6fe1ce2   Built Jun 30 2026.,static_crystal_polymer,B,
2FX7,equibind,scored,0.0,gnina v1.3.3 master:6fe1ce2   Built Jun 30 2026.,static_crystal_polymer,C,
2FX7,diffdock,scored,0.0021,gnina v1.3.3 master:6fe1ce2   Built Jun 30 2026.,static_crystal_polymer,C,
2FO4,equibind,scored,0.0,gnina v1.3.3 master:6fe1ce2   Built Jun 30 2026.,static_crystal_polymer,C,
2FO4,diffdock,scored,0.00195,gnina v1.3.3 master:6fe1ce2   Built Jun 30 2026.,static_crystal_polymer,C,
2FGV,equibind,scored,0.04301,gnina v1.3.3 master:6fe1ce2   Built Jun 30 2026.,static_crystal_polymer,,
2FGV,diffdock,scored,0.71507,gnina v1.3.3 master:6fe1ce2   Built Jun 30 2026.,static_crystal_polymer,,
2F5T,equibind,scored,1e-05,gnina v1.3.3 master:6fe1ce2   Built Jun 30 2026.,static_crystal_polymer,B,
2F5T,diffdock,scored,0.07228,gnina v1.3.3 master:6fe1ce2   Built Jun 30 2026.,static_crystal_polymer,B,
2F6J,equibind,scored,3e-05,gnina v1.3.3 master:6fe1ce2   Built Jun 30 2026.,static_crystal_polymer,,
2F6J,diffdock,scored,0.03769,gnina v1.3.3 master:6fe1ce2   Built Jun 30 2026.,static_crystal_polymer,,
2FX9,equibind,scored,0.00129,gnina v1.3.3 master:6fe1ce2   Built Jun 30 2026.,static_crystal_polymer,E;F,
2FX9,diffdock,scored,0.0,gnina v1.3.3 master:6fe1ce2   Built Jun 30 2026.,static_crystal_polymer,E;F,
2FGU,equibind,scored,0.00524,gnina v1.3.3 master:6fe1ce2   Built Jun 30 2026.,static_crystal_polymer,,
2FGU,diffdock,scored,0.57949,gnina v1.3.3 master:6fe1ce2   Built Jun 30 2026.,static_crystal_polymer,,
2GFA,equibind,scored,0.00022,gnina v1.3.3 master:6fe1ce2   Built Jun 30 2026.,static_crystal_polymer,,
2GFA,diffdock,scored,0.0573,gnina v1.3.3 master:6fe1ce2   Built Jun 30 2026.,static_crystal_polymer,,
2G6Q,equibind,scored,1e-05,gnina v1.3.3 master:6fe1ce2   Built Jun 30 2026.,static_crystal_polymer,,
2G6Q,diffdock,scored,0.05489,gnina v1.3.3 master:6fe1ce2   Built Jun 30 2026.,static_crystal_polymer,,
2GGU,equibind,scored,0.20367,gnina v1.3.3 master:6fe1ce2   Built Jun 30 2026.,static_crystal_polymer,D;E;F,
2GGU,diffdock,scored,0.27339,gnina v1.3.3 master:6fe1ce2   Built Jun 30 2026.,static_crystal_polymer,D;E;F,
2H2D,equibind,scored,5e-05,gnina v1.3.3 master:6fe1ce2   Built Jun 30 2026.,static_crystal_polymer,B,
2H2D,diffdock,scored,0.0049,gnina v1.3.3 master:6fe1ce2   Built Jun 30 2026.,static_crystal_polymer,B,
2H5J,equibind,scored,0.00245,gnina v1.3.3 master:6fe1ce2   Built Jun 30 2026.,static_crystal_polymer,E;F,
2H5J,diffdock,scored,0.14211,gnina v1.3.3 master:6fe1ce2   Built Jun 30 2026.,static_crystal_polymer,E;F,
2H13,equibind,scored,0.0007,gnina v1.3.3 master:6fe1ce2   Built Jun 30 2026.,static_crystal_polymer,,
2H13,diffdock,scored,7e-05,gnina v1.3.3 master:6fe1ce2   Built Jun 30 2026.,static_crystal_polymer,,
2H5I,equibind,scored,0.196,gnina v1.3.3 master:6fe1ce2   Built Jun 30 2026.,static_crystal_polymer,C,
2H5I,diffdock,scored,0.20354,gnina v1.3.3 master:6fe1ce2   Built Jun 30 2026.,static_crystal_polymer,C,
2H2G,equibind,scored,3e-05,gnina v1.3.3 master:6fe1ce2   Built Jun 30 2026.,static_crystal_polymer,,
2H2G,diffdock,scored,0.02248,gnina v1.3.3 master:6fe1ce2   Built Jun 30 2026.,static_crystal_polymer,,
2H5D,equibind,scored,0.02326,gnina v1.3.3 master:6fe1ce2   Built Jun 30 2026.,static_crystal_polymer,B,
2H5D,diffdock,scored,0.06158,gnina v1.3.3 master:6fe1ce2   Built Jun 30 2026.,static_crystal_polymer,B,
2GH9,equibind,scored,0.00037,gnina v1.3.3 master:6fe1ce2   Built Jun 30 2026.,static_crystal_polymer,B,
2GH9,diffdock,scored,0.65859,gnina v1.3.3 master:6fe1ce2   Built Jun 30 2026.,static_crystal_polymer,B,
2H65,equibind,scored,1e-05,gnina v1.3.3 master:6fe1ce2   Built Jun 30 2026.,static_crystal_polymer,E;F,
2H65,diffdock,scored,0.26209,gnina v1.3.3 master:6fe1ce2   Built Jun 30 2026.,static_crystal_polymer,E;F,
2H6K,equibind,scored,1e-05,gnina v1.3.3 master:6fe1ce2   Built Jun 30 2026.,static_crystal_polymer,C,
2H6K,diffdock,scored,0.36784,gnina v1.3.3 master:6fe1ce2   Built Jun 30 2026.,static_crystal_polymer,C,
2H9P,equibind,scored,0.00187,gnina v1.3.3 master:6fe1ce2   Built Jun 30 2026.,static_crystal_polymer,,
2H9P,diffdock,scored,0.00055,gnina v1.3.3 master:6fe1ce2   Built Jun 30 2026.,static_crystal_polymer,,
2HKF,equibind,scored,0.00015,gnina v1.3.3 master:6fe1ce2   Built Jun 30 2026.,static_crystal_polymer,C,
2HKF,diffdock,scored,0.04041,gnina v1.3.3 master:6fe1ce2   Built Jun 30 2026.,static_crystal_polymer,C,
2I3H,equibind,scored,0.00356,gnina v1.3.3 master:6fe1ce2   Built Jun 30 2026.,static_crystal_polymer,C;D,
2I3H,diffdock,scored,0.04319,gnina v1.3.3 master:6fe1ce2   Built Jun 30 2026.,static_crystal_polymer,C;D,
2H9T,equibind,scored,0.00629,gnina v1.3.3 master:6fe1ce2   Built Jun 30 2026.,static_crystal_polymer,,
2H9T,diffdock,scored,0.21614,gnina v1.3.3 master:6fe1ce2   Built Jun 30 2026.,static_crystal_polymer,,
2HOB,equibind,scored,0.0,gnina v1.3.3 master:6fe1ce2   Built Jun 30 2026.,static_crystal_polymer,B,
2HOB,diffdock,scored,0.18695,gnina v1.3.3 master:6fe1ce2   Built Jun 30 2026.,static_crystal_polymer,B,
2H9N,equibind,scored,0.00031,gnina v1.3.3 master:6fe1ce2   Built Jun 30 2026.,static_crystal_polymer,,
2H9N,diffdock,scored,0.00315,gnina v1.3.3 master:6fe1ce2   Built Jun 30 2026.,static_crystal_polymer,,
2H6T,equibind,scored,0.00425,gnina v1.3.3 master:6fe1ce2   Built Jun 30 2026.,static_crystal_polymer,B,
2H6T,diffdock,scored,0.28572,gnina v1.3.3 master:6fe1ce2   Built Jun 30 2026.,static_crystal_polymer,B,
2H9M,equibind,scored,1e-05,gnina v1.3.3 master:6fe1ce2   Built Jun 30 2026.,static_crystal_polymer,,
2H9M,diffdock,scored,0.05034,gnina v1.3.3 master:6fe1ce2   Built Jun 30 2026.,static_crystal_polymer,,
2IG0,equibind,scored,0.00056,gnina v1.3.3 master:6fe1ce2   Built Jun 30 2026.,static_crystal_polymer,B,
2IG0,diffdock,scored,0.10796,gnina v1.3.3 master:6fe1ce2   Built Jun 30 2026.,static_crystal_polymer,B,
2I5F,equibind,scored,0.00839,gnina v1.3.3 master:6fe1ce2   Built Jun 30 2026.,static_crystal_polymer,,
2I5F,diffdock,scored,0.35657,gnina v1.3.3 master:6fe1ce2   Built Jun 30 2026.,static_crystal_polymer,,
2J9A,equibind,scored,0.0003,gnina v1.3.3 master:6fe1ce2   Built Jun 30 2026.,static_crystal_polymer,,
2J9A,diffdock,scored,0.00277,gnina v1.3.3 master:6fe1ce2   Built Jun 30 2026.,static_crystal_polymer,,
2IV9,equibind,scored,6e-05,gnina v1.3.3 master:6fe1ce2   Built Jun 30 2026.,static_crystal_polymer,,
2IV9,diffdock,scored,0.01134,gnina v1.3.3 master:6fe1ce2   Built Jun 30 2026.,static_crystal_polymer,,
2IMD,equibind,scored,0.00329,gnina v1.3.3 master:6fe1ce2   Built Jun 30 2026.,static_crystal_polymer,,
2IMD,diffdock,scored,0.81515,gnina v1.3.3 master:6fe1ce2   Built Jun 30 2026.,static_crystal_polymer,,
2IGW,equibind,scored,0.02099,gnina v1.3.3 master:6fe1ce2   Built Jun 30 2026.,static_crystal_polymer,,
2IGW,diffdock,scored,0.10618,gnina v1.3.3 master:6fe1ce2   Built Jun 30 2026.,static_crystal_polymer,,
2IGV,equibind,scored,0.00598,gnina v1.3.3 master:6fe1ce2   Built Jun 30 2026.,static_crystal_polymer,,
2IGV,diffdock,scored,0.199,gnina v1.3.3 master:6fe1ce2   Built Jun 30 2026.,static_crystal_polymer,,
2JDH,equibind,scored,0.0,gnina v1.3.3 master:6fe1ce2   Built Jun 30 2026.,static_crystal_polymer,,
2JDH,diffdock,scored,0.06609,gnina v1.3.3 master:6fe1ce2   Built Jun 30 2026.,static_crystal_polymer,,
2IVZ,equibind,scored,8e-05,gnina v1.3.3 master:6fe1ce2   Built Jun 30 2026.,static_crystal_polymer,,
2IVZ,diffdock,scored,0.0255,gnina v1.3.3 master:6fe1ce2   Built Jun 30 2026.,static_crystal_polymer,,
2JDL,equibind,scored,0.0,gnina v1.3.3 master:6fe1ce2   Built Jun 30 2026.,static_crystal_polymer,C,
2JDL,diffdock,scored,0.01258,gnina v1.3.3 master:6fe1ce2   Built Jun 30 2026.,static_crystal_polymer,C,
2JBU,equibind,scored,0.00272,gnina v1.3.3 master:6fe1ce2   Built Jun 30 2026.,static_crystal_polymer,,
2JBU,diffdock,scored,0.36298,gnina v1.3.3 master:6fe1ce2   Built Jun 30 2026.,static_crystal_polymer,,
2JOA,equibind,scored,0.0,gnina v1.3.3 master:6fe1ce2   Built Jun 30 2026.,static_crystal_polymer,B,
2JOA,diffdock,scored,0.00852,gnina v1.3.3 master:6fe1ce2   Built Jun 30 2026.,static_crystal_polymer,B,
2JK9,equibind,scored,0.00049,gnina v1.3.3 master:6fe1ce2   Built Jun 30 2026.,static_crystal_polymer,,
2JK9,diffdock,scored,0.00927,gnina v1.3.3 master:6fe1ce2   Built Jun 30 2026.,static_crystal_polymer,,
2JQ9,equibind,scored,0.0,gnina v1.3.3 master:6fe1ce2   Built Jun 30 2026.,static_crystal_polymer,B,
2JQ9,diffdock,scored,1e-05,gnina v1.3.3 master:6fe1ce2   Built Jun 30 2026.,static_crystal_polymer,B,
2JO9,equibind,scored,3e-05,gnina v1.3.3 master:6fe1ce2   Built Jun 30 2026.,static_crystal_polymer,B,
2JO9,diffdock,scored,0.00211,gnina v1.3.3 master:6fe1ce2   Built Jun 30 2026.,static_crystal_polymer,B,
2JQL,equibind,scored,1e-05,gnina v1.3.3 master:6fe1ce2   Built Jun 30 2026.,static_crystal_polymer,B,
2JQL,diffdock,scored,0.07314,gnina v1.3.3 master:6fe1ce2   Built Jun 30 2026.,static_crystal_polymer,B,
2JQK,equibind,scored,4e-05,gnina v1.3.3 master:6fe1ce2   Built Jun 30 2026.,static_crystal_polymer,B,
2JQK,diffdock,scored,0.00925,gnina v1.3.3 master:6fe1ce2   Built Jun 30 2026.,static_crystal_polymer,B,
2JQI,equibind,scored,0.0,gnina v1.3.3 master:6fe1ce2   Built Jun 30 2026.,static_crystal_polymer,B,
2JQI,diffdock,scored,0.03315,gnina v1.3.3 master:6fe1ce2   Built Jun 30 2026.,static_crystal_polymer,B,
2JJB,equibind,scored,0.1631,gnina v1.3.3 master:6fe1ce2   Built Jun 30 2026.,static_crystal_polymer,,
2JJB,diffdock,scored,0.50835,gnina v1.3.3 master:6fe1ce2   Built Jun 30 2026.,static_crystal_polymer,,
2JKT,equibind,scored,1e-05,gnina v1.3.3 master:6fe1ce2   Built Jun 30 2026.,static_crystal_polymer,,
2JKR,equibind,scored,0.00091,gnina v1.3.3 master:6fe1ce2   Built Jun 30 2026.,static_crystal_polymer,,
2K1Q,equibind,scored,0.00019,gnina v1.3.3 master:6fe1ce2   Built Jun 30 2026.,static_crystal_polymer,B,
2K1Q,diffdock,scored,0.52491,gnina v1.3.3 master:6fe1ce2   Built Jun 30 2026.,static_crystal_polymer,B,
2K00,equibind,scored,0.0,gnina v1.3.3 master:6fe1ce2   Built Jun 30 2026.,static_crystal_polymer,B,
2K00,diffdock,scored,0.04318,gnina v1.3.3 master:6fe1ce2   Built Jun 30 2026.,static_crystal_polymer,B,
2K0X,equibind,scored,0.11912,gnina v1.3.3 master:6fe1ce2   Built Jun 30 2026.,static_crystal_polymer,,
2K0X,diffdock,scored,0.18443,gnina v1.3.3 master:6fe1ce2   Built Jun 30 2026.,static_crystal_polymer,,
2JUP,equibind,scored,0.0,gnina v1.3.3 master:6fe1ce2   Built Jun 30 2026.,static_crystal_polymer,B,
2JUP,diffdock,scored,0.00143,gnina v1.3.3 master:6fe1ce2   Built Jun 30 2026.,static_crystal_polymer,B,
2K3W,equibind,scored,0.0,gnina v1.3.3 master:6fe1ce2   Built Jun 30 2026.,static_crystal_polymer,,
2K3W,diffdock,scored,0.1958,gnina v1.3.3 master:6fe1ce2   Built Jun 30 2026.,static_crystal_polymer,,
2K2R,equibind,scored,0.0,gnina v1.3.3 master:6fe1ce2   Built Jun 30 2026.,static_crystal_polymer,B,
2K2R,diffdock,scored,0.23458,gnina v1.3.3 master:6fe1ce2   Built Jun 30 2026.,static_crystal_polymer,B,
2K46,equibind,scored,0.00366,gnina v1.3.3 master:6fe1ce2   Built Jun 30 2026.,static_crystal_polymer,B,
2K46,diffdock,scored,0.27705,gnina v1.3.3 master:6fe1ce2   Built Jun 30 2026.,static_crystal_polymer,B,
2KBR,equibind,scored,0.0,gnina v1.3.3 master:6fe1ce2   Built Jun 30 2026.,static_crystal_polymer,,
2KBR,diffdock,scored,0.0,gnina v1.3.3 master:6fe1ce2   Built Jun 30 2026.,static_crystal_polymer,,
2KE1,equibind,scored,0.0,gnina v1.3.3 master:6fe1ce2   Built Jun 30 2026.,static_crystal_polymer,B,
2KE1,diffdock,scored,0.28528,gnina v1.3.3 master:6fe1ce2   Built Jun 30 2026.,static_crystal_polymer,B,
2KBS,equibind,scored,2e-05,gnina v1.3.3 master:6fe1ce2   Built Jun 30 2026.,static_crystal_polymer,B,
2KBS,diffdock,scored,0.03593,gnina v1.3.3 master:6fe1ce2   Built Jun 30 2026.,static_crystal_polymer,B,
2KOH,equibind,scored,0.0,gnina v1.3.3 master:6fe1ce2   Built Jun 30 2026.,static_crystal_polymer,B,
2KOH,diffdock,scored,0.02843,gnina v1.3.3 master:6fe1ce2   Built Jun 30 2026.,static_crystal_polymer,B,
2KHH,equibind,scored,0.0,gnina v1.3.3 master:6fe1ce2   Built Jun 30 2026.,static_crystal_polymer,B,
2KHH,diffdock,scored,0.23979,gnina v1.3.3 master:6fe1ce2   Built Jun 30 2026.,static_crystal_polymer,B,
2KNH,equibind,scored,0.0,gnina v1.3.3 master:6fe1ce2   Built Jun 30 2026.,static_crystal_polymer,,
2KNH,diffdock,scored,0.00012,gnina v1.3.3 master:6fe1ce2   Built Jun 30 2026.,static_crystal_polymer,,
2KGI,equibind,scored,0.0,gnina v1.3.3 master:6fe1ce2   Built Jun 30 2026.,static_crystal_polymer,B,
2KGI,diffdock,scored,0.48587,gnina v1.3.3 master:6fe1ce2   Built Jun 30 2026.,static_crystal_polymer,B,
2KSP,equibind,scored,4e-05,gnina v1.3.3 master:6fe1ce2   Built Jun 30 2026.,static_crystal_polymer,B,
2KSP,diffdock,scored,0.00026,gnina v1.3.3 master:6fe1ce2   Built Jun 30 2026.,static_crystal_polymer,B,
2KS9,equibind,scored,0.00219,gnina v1.3.3 master:6fe1ce2   Built Jun 30 2026.,static_crystal_polymer,B,
2KS9,diffdock,scored,0.04173,gnina v1.3.3 master:6fe1ce2   Built Jun 30 2026.,static_crystal_polymer,B,
2L0I,equibind,scored,2e-05,gnina v1.3.3 master:6fe1ce2   Built Jun 30 2026.,static_crystal_polymer,B,
2L0I,diffdock,scored,0.13957,gnina v1.3.3 master:6fe1ce2   Built Jun 30 2026.,static_crystal_polymer,B,
2KVM,equibind,scored,0.0,gnina v1.3.3 master:6fe1ce2   Built Jun 30 2026.,static_crystal_polymer,B,
2KVM,diffdock,scored,0.18264,gnina v1.3.3 master:6fe1ce2   Built Jun 30 2026.,static_crystal_polymer,B,
2KUP,equibind,scored,0.0,gnina v1.3.3 master:6fe1ce2   Built Jun 30 2026.,static_crystal_polymer,,
2KUP,diffdock,scored,0.00022,gnina v1.3.3 master:6fe1ce2   Built Jun 30 2026.,static_crystal_polymer,,
2L12,equibind,scored,0.0,gnina v1.3.3 master:6fe1ce2   Built Jun 30 2026.,static_crystal_polymer,B,
2L12,diffdock,scored,0.0016,gnina v1.3.3 master:6fe1ce2   Built Jun 30 2026.,static_crystal_polymer,B,
2L6E,equibind,scored,1e-05,gnina v1.3.3 master:6fe1ce2   Built Jun 30 2026.,static_crystal_polymer,B,
2L6E,diffdock,scored,0.00058,gnina v1.3.3 master:6fe1ce2   Built Jun 30 2026.,static_crystal_polymer,B,
2L1B,equibind,scored,0.0,gnina v1.3.3 master:6fe1ce2   Built Jun 30 2026.,static_crystal_polymer,B,
2L1B,diffdock,scored,0.11128,gnina v1.3.3 master:6fe1ce2   Built Jun 30 2026.,static_crystal_polymer,B,
2L6J,equibind,scored,1e-05,gnina v1.3.3 master:6fe1ce2   Built Jun 30 2026.,static_crystal_polymer,B,
2L6J,diffdock,scored,0.26819,gnina v1.3.3 master:6fe1ce2   Built Jun 30 2026.,static_crystal_polymer,B,
2L3R,equibind,scored,0.0,gnina v1.3.3 master:6fe1ce2   Built Jun 30 2026.,static_crystal_polymer,B,
2L3R,diffdock,scored,0.1878,gnina v1.3.3 master:6fe1ce2   Built Jun 30 2026.,static_crystal_polymer,B,
2LCT,equibind,scored,0.0,gnina v1.3.3 master:6fe1ce2   Built Jun 30 2026.,static_crystal_polymer,,
2LCT,diffdock,scored,0.00224,gnina v1.3.3 master:6fe1ce2   Built Jun 30 2026.,static_crystal_polymer,,
2LAS,equibind,scored,0.0,gnina v1.3.3 master:6fe1ce2   Built Jun 30 2026.,static_crystal_polymer,B,
2LAS,diffdock,scored,0.04695,gnina v1.3.3 master:6fe1ce2   Built Jun 30 2026.,static_crystal_polymer,B,
2LBM,equibind,scored,0.0,gnina v1.3.3 master:6fe1ce2   Built Jun 30 2026.,static_crystal_polymer,B,
2LBM,diffdock,scored,0.00218,gnina v1.3.3 master:6fe1ce2   Built Jun 30 2026.,static_crystal_polymer,B,
2L8J,equibind,scored,0.00059,gnina v1.3.3 master:6fe1ce2   Built Jun 30 2026.,static_crystal_polymer,,
2L8J,diffdock,scored,0.00418,gnina v1.3.3 master:6fe1ce2   Built Jun 30 2026.,static_crystal_polymer,,
2LCS,equibind,scored,0.0,gnina v1.3.3 master:6fe1ce2   Built Jun 30 2026.,static_crystal_polymer,,
2LCS,diffdock,scored,0.00558,gnina v1.3.3 master:6fe1ce2   Built Jun 30 2026.,static_crystal_polymer,,
2L7U,equibind,scored,0.0,gnina v1.3.3 master:6fe1ce2   Built Jun 30 2026.,static_crystal_polymer,,
2L7U,diffdock,scored,0.00206,gnina v1.3.3 master:6fe1ce2   Built Jun 30 2026.,static_crystal_polymer,,
2LIQ,equibind,scored,0.00013,gnina v1.3.3 master:6fe1ce2   Built Jun 30 2026.,static_crystal_polymer,B,
2LIQ,diffdock,scored,0.11229,gnina v1.3.3 master:6fe1ce2   Built Jun 30 2026.,static_crystal_polymer,B,
2LHA,equibind,scored,6e-05,gnina v1.3.3 master:6fe1ce2   Built Jun 30 2026.,static_crystal_polymer,,
2LHA,diffdock,scored,0.21037,gnina v1.3.3 master:6fe1ce2   Built Jun 30 2026.,static_crystal_polymer,,
2LL7,equibind,scored,0.0,gnina v1.3.3 master:6fe1ce2   Built Jun 30 2026.,static_crystal_polymer,B,
2LL7,diffdock,scored,0.00495,gnina v1.3.3 master:6fe1ce2   Built Jun 30 2026.,static_crystal_polymer,B,
2LL6,equibind,scored,3e-05,gnina v1.3.3 master:6fe1ce2   Built Jun 30 2026.,static_crystal_polymer,B,
2LL6,diffdock,scored,0.04527,gnina v1.3.3 master:6fe1ce2   Built Jun 30 2026.,static_crystal_polymer,B,
2LTX,equibind,scored,0.0,gnina v1.3.3 master:6fe1ce2   Built Jun 30 2026.,static_crystal_polymer,B,
2LTX,diffdock,scored,0.20302,gnina v1.3.3 master:6fe1ce2   Built Jun 30 2026.,static_crystal_polymer,B,
2LPR,equibind,scored,0.00521,gnina v1.3.3 master:6fe1ce2   Built Jun 30 2026.,static_crystal_polymer,B,
2LPR,diffdock,scored,0.17718,gnina v1.3.3 master:6fe1ce2   Built Jun 30 2026.,static_crystal_polymer,B,
2LSR,equibind,scored,0.0,gnina v1.3.3 master:6fe1ce2   Built Jun 30 2026.,static_crystal_polymer,,
2LSR,diffdock,scored,0.04197,gnina v1.3.3 master:6fe1ce2   Built Jun 30 2026.,static_crystal_polymer,,
2LSV,equibind,scored,0.0,gnina v1.3.3 master:6fe1ce2   Built Jun 30 2026.,static_crystal_polymer,B,
2LSV,diffdock,scored,0.05798,gnina v1.3.3 master:6fe1ce2   Built Jun 30 2026.,static_crystal_polymer,B,
2LTV,equibind,scored,0.0,gnina v1.3.3 master:6fe1ce2   Built Jun 30 2026.,static_crystal_polymer,B,
2LTV,diffdock,scored,0.08491,gnina v1.3.3 master:6fe1ce2   Built Jun 30 2026.,static_crystal_polymer,B,
2LTW,equibind,scored,0.0,gnina v1.3.3 master:6fe1ce2   Built Jun 30 2026.,static_crystal_polymer,B,
2LTW,diffdock,scored,0.00304,gnina v1.3.3 master:6fe1ce2   Built Jun 30 2026.,static_crystal_polymer,B,
2M0O,equibind,scored,3e-05,gnina v1.3.3 master:6fe1ce2   Built Jun 30 2026.,static_crystal_polymer,B,
2M0O,diffdock,scored,0.004,gnina v1.3.3 master:6fe1ce2   Built Jun 30 2026.,static_crystal_polymer,B,
2LTY,equibind,scored,0.0,gnina v1.3.3 master:6fe1ce2   Built Jun 30 2026.,static_crystal_polymer,B,
2LTY,diffdock,scored,0.01059,gnina v1.3.3 master:6fe1ce2   Built Jun 30 2026.,static_crystal_polymer,B,
2M3O,equibind,scored,0.0,gnina v1.3.3 master:6fe1ce2   Built Jun 30 2026.,static_crystal_polymer,,
2M3O,diffdock,scored,0.01337,gnina v1.3.3 master:6fe1ce2   Built Jun 30 2026.,static_crystal_polymer,,
2M0V,equibind,scored,5e-05,gnina v1.3.3 master:6fe1ce2   Built Jun 30 2026.,static_crystal_polymer,B,
2M0V,diffdock,scored,0.21728,gnina v1.3.3 master:6fe1ce2   Built Jun 30 2026.,static_crystal_polymer,B,
2MKR,equibind,scored,0.0,gnina v1.3.3 master:6fe1ce2   Built Jun 30 2026.,static_crystal_polymer,,
2MKR,diffdock,scored,1e-05,gnina v1.3.3 master:6fe1ce2   Built Jun 30 2026.,static_crystal_polymer,,
2MIP,equibind,scored,0.00265,gnina v1.3.3 master:6fe1ce2   Built Jun 30 2026.,static_crystal_polymer,E;F;G;H,
2MIP,diffdock,scored,0.0003,gnina v1.3.3 master:6fe1ce2   Built Jun 30 2026.,static_crystal_polymer,E;F;G;H,
2MC1,equibind,scored,0.0,gnina v1.3.3 master:6fe1ce2   Built Jun 30 2026.,static_crystal_polymer,B,
2MC1,diffdock,scored,0.00801,gnina v1.3.3 master:6fe1ce2   Built Jun 30 2026.,static_crystal_polymer,B,
2M41,equibind,scored,0.0,gnina v1.3.3 master:6fe1ce2   Built Jun 30 2026.,static_crystal_polymer,A,
2M41,diffdock,scored,0.0004,gnina v1.3.3 master:6fe1ce2   Built Jun 30 2026.,static_crystal_polymer,A,
2MNZ,equibind,scored,7e-05,gnina v1.3.3 master:6fe1ce2   Built Jun 30 2026.,static_crystal_polymer,B,
2MNZ,diffdock,scored,0.09546,gnina v1.3.3 master:6fe1ce2   Built Jun 30 2026.,static_crystal_polymer,B,
2MG5,equibind,scored,1e-05,gnina v1.3.3 master:6fe1ce2   Built Jun 30 2026.,static_crystal_polymer,B,
2MG5,diffdock,scored,0.0,gnina v1.3.3 master:6fe1ce2   Built Jun 30 2026.,static_crystal_polymer,B,
2MPS,equibind,scored,0.0,gnina v1.3.3 master:6fe1ce2   Built Jun 30 2026.,static_crystal_polymer,B,
2MPS,diffdock,scored,0.00302,gnina v1.3.3 master:6fe1ce2   Built Jun 30 2026.,static_crystal_polymer,B,
2MWY,equibind,scored,0.0,gnina v1.3.3 master:6fe1ce2   Built Jun 30 2026.,static_crystal_polymer,,
2MWY,diffdock,scored,0.00093,gnina v1.3.3 master:6fe1ce2   Built Jun 30 2026.,static_crystal_polymer,,
2MS4,equibind,scored,0.0,gnina v1.3.3 master:6fe1ce2   Built Jun 30 2026.,static_crystal_polymer,B,
2MS4,diffdock,scored,0.24583,gnina v1.3.3 master:6fe1ce2   Built Jun 30 2026.,static_crystal_polymer,B,
2MOW,equibind,scored,0.0,gnina v1.3.3 master:6fe1ce2   Built Jun 30 2026.,static_crystal_polymer,,
2MOW,diffdock,scored,0.00136,gnina v1.3.3 master:6fe1ce2   Built Jun 30 2026.,static_crystal_polymer,,
2N9X,equibind,scored,0.0,gnina v1.3.3 master:6fe1ce2   Built Jun 30 2026.,static_crystal_polymer,,
2N9X,diffdock,scored,2e-05,gnina v1.3.3 master:6fe1ce2   Built Jun 30 2026.,static_crystal_polymer,,
2N8T,equibind,scored,0.0,gnina v1.3.3 master:6fe1ce2   Built Jun 30 2026.,static_crystal_polymer,B,
2N8T,diffdock,scored,6e-05,gnina v1.3.3 master:6fe1ce2   Built Jun 30 2026.,static_crystal_polymer,B,
2N3K,equibind,scored,0.0,gnina v1.3.3 master:6fe1ce2   Built Jun 30 2026.,static_crystal_polymer,,
2N3K,diffdock,scored,0.01501,gnina v1.3.3 master:6fe1ce2   Built Jun 30 2026.,static_crystal_polymer,,
2N9E,equibind,scored,0.0,gnina v1.3.3 master:6fe1ce2   Built Jun 30 2026.,static_crystal_polymer,,
2N9E,diffdock,scored,0.02865,gnina v1.3.3 master:6fe1ce2   Built Jun 30 2026.,static_crystal_polymer,,
2ND0,equibind,scored,0.0,gnina v1.3.3 master:6fe1ce2   Built Jun 30 2026.,static_crystal_polymer,B,
2ND0,diffdock,scored,0.00179,gnina v1.3.3 master:6fe1ce2   Built Jun 30 2026.,static_crystal_polymer,B,
2NCZ,equibind,scored,0.0,gnina v1.3.3 master:6fe1ce2   Built Jun 30 2026.,static_crystal_polymer,B,
2NCZ,diffdock,scored,0.00713,gnina v1.3.3 master:6fe1ce2   Built Jun 30 2026.,static_crystal_polymer,B,
2NDG,equibind,scored,0.0,gnina v1.3.3 master:6fe1ce2   Built Jun 30 2026.,static_crystal_polymer,B,
2NDG,diffdock,scored,0.15533,gnina v1.3.3 master:6fe1ce2   Built Jun 30 2026.,static_crystal_polymer,B,
2NN8,equibind,scored,0.05175,gnina v1.3.3 master:6fe1ce2   Built Jun 30 2026.,static_crystal_polymer,B;C,
2NN8,diffdock,scored,0.23005,gnina v1.3.3 master:6fe1ce2   Built Jun 30 2026.,static_crystal_polymer,B;C,
2NM1,equibind,scored,1e-05,gnina v1.3.3 master:6fe1ce2   Built Jun 30 2026.,static_crystal_polymer,B,
2NM1,diffdock,scored,0.01702,gnina v1.3.3 master:6fe1ce2   Built Jun 30 2026.,static_crystal_polymer,B,
2NDF,equibind,scored,0.0,gnina v1.3.3 master:6fe1ce2   Built Jun 30 2026.,static_crystal_polymer,B,
2NDF,diffdock,scored,0.06187,gnina v1.3.3 master:6fe1ce2   Built Jun 30 2026.,static_crystal_polymer,B,
2NXD,equibind,scored,0.0,gnina v1.3.3 master:6fe1ce2   Built Jun 30 2026.,static_crystal_polymer,,
2NXD,diffdock,scored,0.01072,gnina v1.3.3 master:6fe1ce2   Built Jun 30 2026.,static_crystal_polymer,,
2NWN,equibind,scored,0.0,gnina v1.3.3 master:6fe1ce2   Built Jun 30 2026.,static_crystal_polymer,B,
2NWN,diffdock,scored,0.00026,gnina v1.3.3 master:6fe1ce2   Built Jun 30 2026.,static_crystal_polymer,B,
2O7V,equibind,scored,0.1394,gnina v1.3.3 master:6fe1ce2   Built Jun 30 2026.,static_crystal_polymer,,
2O7V,diffdock,scored,0.23162,gnina v1.3.3 master:6fe1ce2   Built Jun 30 2026.,static_crystal_polymer,,
2NYR,equibind,scored,1e-05,gnina v1.3.3 master:6fe1ce2   Built Jun 30 2026.,static_crystal_polymer,,
2NYR,diffdock,scored,0.33207,gnina v1.3.3 master:6fe1ce2   Built Jun 30 2026.,static_crystal_polymer,,
2O9R,equibind,scored,0.59422,gnina v1.3.3 master:6fe1ce2   Built Jun 30 2026.,static_crystal_polymer,B,
2O9R,diffdock,scored,0.09282,gnina v1.3.3 master:6fe1ce2   Built Jun 30 2026.,static_crystal_polymer,B,
2O9V,equibind,scored,0.0,gnina v1.3.3 master:6fe1ce2   Built Jun 30 2026.,static_crystal_polymer,,
2O9V,diffdock,scored,0.03542,gnina v1.3.3 master:6fe1ce2   Built Jun 30 2026.,static_crystal_polymer,,
2OI3,equibind,scored,0.0,gnina v1.3.3 master:6fe1ce2   Built Jun 30 2026.,static_crystal_polymer,B,
2OI3,diffdock,scored,0.00236,gnina v1.3.3 master:6fe1ce2   Built Jun 30 2026.,static_crystal_polymer,B,
2OI9,equibind,scored,1e-05,gnina v1.3.3 master:6fe1ce2   Built Jun 30 2026.,static_crystal_polymer,,
2OI9,diffdock,scored,0.12606,gnina v1.3.3 master:6fe1ce2   Built Jun 30 2026.,static_crystal_polymer,,
2PEH,equibind,scored,0.0,gnina v1.3.3 master:6fe1ce2   Built Jun 30 2026.,static_crystal_polymer,B,
2PEH,diffdock,scored,0.00577,gnina v1.3.3 master:6fe1ce2   Built Jun 30 2026.,static_crystal_polymer,B,
2ODD,equibind,scored,0.0,gnina v1.3.3 master:6fe1ce2   Built Jun 30 2026.,static_crystal_polymer,,
2ODD,diffdock,scored,0.12462,gnina v1.3.3 master:6fe1ce2   Built Jun 30 2026.,static_crystal_polymer,,
2OVQ,equibind,scored,0.0,gnina v1.3.3 master:6fe1ce2   Built Jun 30 2026.,static_crystal_polymer,,
2OVQ,diffdock,scored,0.04293,gnina v1.3.3 master:6fe1ce2   Built Jun 30 2026.,static_crystal_polymer,,
2P0X,equibind,scored,0.0006,gnina v1.3.3 master:6fe1ce2   Built Jun 30 2026.,static_crystal_polymer,,
2P0X,diffdock,scored,0.28468,gnina v1.3.3 master:6fe1ce2   Built Jun 30 2026.,static_crystal_polymer,,
2OEI,equibind,scored,1e-05,gnina v1.3.3 master:6fe1ce2   Built Jun 30 2026.,static_crystal_polymer,,
2OEI,diffdock,scored,0.00195,gnina v1.3.3 master:6fe1ce2   Built Jun 30 2026.,static_crystal_polymer,,
2OLB,equibind,scored,0.00916,gnina v1.3.3 master:6fe1ce2   Built Jun 30 2026.,static_crystal_polymer,B,
2OLB,diffdock,scored,0.47034,gnina v1.3.3 master:6fe1ce2   Built Jun 30 2026.,static_crystal_polymer,B,
2PEM,equibind,scored,0.16623,gnina v1.3.3 master:6fe1ce2   Built Jun 30 2026.,static_crystal_polymer,G,
2PEM,diffdock,scored,0.59709,gnina v1.3.3 master:6fe1ce2   Built Jun 30 2026.,static_crystal_polymer,G,
2OR9,equibind,scored,0.0,gnina v1.3.3 master:6fe1ce2   Built Jun 30 2026.,static_crystal_polymer,E,
2OR9,diffdock,scored,0.00024,gnina v1.3.3 master:6fe1ce2   Built Jun 30 2026.,static_crystal_polymer,E,
2PV2,equibind,scored,0.00019,gnina v1.3.3 master:6fe1ce2   Built Jun 30 2026.,static_crystal_polymer,E;F,
2PV2,diffdock,scored,0.00075,gnina v1.3.3 master:6fe1ce2   Built Jun 30 2026.,static_crystal_polymer,E;F,
2PUY,equibind,scored,4e-05,gnina v1.3.3 master:6fe1ce2   Built Jun 30 2026.,static_crystal_polymer,C,
2PUY,diffdock,scored,0.28643,gnina v1.3.3 master:6fe1ce2   Built Jun 30 2026.,static_crystal_polymer,C,
2PR9,equibind,scored,1e-05,gnina v1.3.3 master:6fe1ce2   Built Jun 30 2026.,static_crystal_polymer,B,
2PR9,diffdock,scored,0.31863,gnina v1.3.3 master:6fe1ce2   Built Jun 30 2026.,static_crystal_polymer,B,
2PV1,equibind,scored,1e-05,gnina v1.3.3 master:6fe1ce2   Built Jun 30 2026.,static_crystal_polymer,B,
2PV1,diffdock,scored,0.15308,gnina v1.3.3 master:6fe1ce2   Built Jun 30 2026.,static_crystal_polymer,B,
2PNX,equibind,scored,0.00215,gnina v1.3.3 master:6fe1ce2   Built Jun 30 2026.,static_crystal_polymer,D,
2PNX,diffdock,scored,0.06333,gnina v1.3.3 master:6fe1ce2   Built Jun 30 2026.,static_crystal_polymer,D,
2PMC,equibind,scored,0.00059,gnina v1.3.3 master:6fe1ce2   Built Jun 30 2026.,static_crystal_polymer,E;F,
2PMC,diffdock,scored,0.08986,gnina v1.3.3 master:6fe1ce2   Built Jun 30 2026.,static_crystal_polymer,E;F,
2Q3Z,equibind,scored,0.0,gnina v1.3.3 master:6fe1ce2   Built Jun 30 2026.,static_crystal_polymer,,
2Q3Z,diffdock,scored,0.05455,gnina v1.3.3 master:6fe1ce2   Built Jun 30 2026.,static_crystal_polymer,,
2PSX,equibind,scored,4e-05,gnina v1.3.3 master:6fe1ce2   Built Jun 30 2026.,static_crystal_polymer,,
2PSX,diffdock,scored,0.00819,gnina v1.3.3 master:6fe1ce2   Built Jun 30 2026.,static_crystal_polymer,,
2PG2,equibind,scored,0.00422,gnina v1.3.3 master:6fe1ce2   Built Jun 30 2026.,static_crystal_polymer,,
2PG2,diffdock,scored,0.66986,gnina v1.3.3 master:6fe1ce2   Built Jun 30 2026.,static_crystal_polymer,,
2PV3,equibind,scored,4e-05,gnina v1.3.3 master:6fe1ce2   Built Jun 30 2026.,static_crystal_polymer,,
2PV3,diffdock,scored,0.16699,gnina v1.3.3 master:6fe1ce2   Built Jun 30 2026.,static_crystal_polymer,,
2QKI,equibind,scored,0.0001,gnina v1.3.3 master:6fe1ce2   Built Jun 30 2026.,static_crystal_polymer,,
2QIC,equibind,scored,8e-05,gnina v1.3.3 master:6fe1ce2   Built Jun 30 2026.,static_crystal_polymer,,
2QIC,diffdock,scored,0.07904,gnina v1.3.3 master:6fe1ce2   Built Jun 30 2026.,static_crystal_polymer,,
2QBW,equibind,scored,1e-05,gnina v1.3.3 master:6fe1ce2   Built Jun 30 2026.,static_crystal_polymer,B,
2QBW,diffdock,scored,0.10294,gnina v1.3.3 master:6fe1ce2   Built Jun 30 2026.,static_crystal_polymer,B,
2QL7,equibind,scored,0.00041,gnina v1.3.3 master:6fe1ce2   Built Jun 30 2026.,static_crystal_polymer,,
2QL7,diffdock,scored,0.00244,gnina v1.3.3 master:6fe1ce2   Built Jun 30 2026.,static_crystal_polymer,,
2QLB,equibind,scored,4e-05,gnina v1.3.3 master:6fe1ce2   Built Jun 30 2026.,static_crystal_polymer,,
2QLB,diffdock,scored,0.00455,gnina v1.3.3 master:6fe1ce2   Built Jun 30 2026.,static_crystal_polymer,,
2QBX,equibind,scored,0.00101,gnina v1.3.3 master:6fe1ce2   Built Jun 30 2026.,static_crystal_polymer,C,
2QBX,diffdock,scored,0.00071,gnina v1.3.3 master:6fe1ce2   Built Jun 30 2026.,static_crystal_polymer,C,
2Q6F,equibind,scored,1e-05,gnina v1.3.3 master:6fe1ce2   Built Jun 30 2026.,static_crystal_polymer,C;D,
2Q6F,diffdock,scored,0.30484,gnina v1.3.3 master:6fe1ce2   Built Jun 30 2026.,static_crystal_polymer,C;D,
2QL9,equibind,scored,4e-05,gnina v1.3.3 master:6fe1ce2   Built Jun 30 2026.,static_crystal_polymer,,
2QL9,diffdock,scored,0.10279,gnina v1.3.3 master:6fe1ce2   Built Jun 30 2026.,static_crystal_polymer,,
2Q9M,equibind,scored,0.3349,gnina v1.3.3 master:6fe1ce2   Built Jun 30 2026.,static_crystal_polymer,,
2Q9M,diffdock,scored,0.53991,gnina v1.3.3 master:6fe1ce2   Built Jun 30 2026.,static_crystal_polymer,,
2QL5,equibind,scored,0.00013,gnina v1.3.3 master:6fe1ce2   Built Jun 30 2026.,static_crystal_polymer,,
2QL5,diffdock,scored,0.00299,gnina v1.3.3 master:6fe1ce2   Built Jun 30 2026.,static_crystal_polymer,,
2QLF,equibind,scored,0.00111,gnina v1.3.3 master:6fe1ce2   Built Jun 30 2026.,static_crystal_polymer,,
2QLF,diffdock,scored,0.00245,gnina v1.3.3 master:6fe1ce2   Built Jun 30 2026.,static_crystal_polymer,,
2R03,equibind,scored,0.0001,gnina v1.3.3 master:6fe1ce2   Built Jun 30 2026.,static_crystal_polymer,,
2R03,diffdock,scored,0.02484,gnina v1.3.3 master:6fe1ce2   Built Jun 30 2026.,static_crystal_polymer,,
2R0Y,equibind,scored,0.02051,gnina v1.3.3 master:6fe1ce2   Built Jun 30 2026.,static_crystal_polymer,,
2R0Y,diffdock,scored,0.0002,gnina v1.3.3 master:6fe1ce2   Built Jun 30 2026.,static_crystal_polymer,,
2QNN,equibind,scored,0.00062,gnina v1.3.3 master:6fe1ce2   Built Jun 30 2026.,static_crystal_polymer,,
2QNN,diffdock,scored,0.1492,gnina v1.3.3 master:6fe1ce2   Built Jun 30 2026.,static_crystal_polymer,,
2R0H,equibind,scored,4e-05,gnina v1.3.3 master:6fe1ce2   Built Jun 30 2026.,static_crystal_polymer,E;F;G;H,
2R0H,diffdock,scored,0.01851,gnina v1.3.3 master:6fe1ce2   Built Jun 30 2026.,static_crystal_polymer,E;F;G;H,
2QLJ,equibind,scored,0.00041,gnina v1.3.3 master:6fe1ce2   Built Jun 30 2026.,static_crystal_polymer,,
2QLJ,diffdock,scored,0.00186,gnina v1.3.3 master:6fe1ce2   Built Jun 30 2026.,static_crystal_polymer,,
2QMJ,equibind,scored,0.00109,gnina v1.3.3 master:6fe1ce2   Built Jun 30 2026.,static_crystal_polymer,C,
2QMJ,diffdock,scored,0.17161,gnina v1.3.3 master:6fe1ce2   Built Jun 30 2026.,static_crystal_polymer,C,
2QZX,equibind,scored,0.00047,gnina v1.3.3 master:6fe1ce2   Built Jun 30 2026.,static_crystal_polymer,C;D,
2QZX,diffdock,scored,0.47346,gnina v1.3.3 master:6fe1ce2   Built Jun 30 2026.,static_crystal_polymer,C;D,
2R1W,equibind,scored,0.01775,gnina v1.3.3 master:6fe1ce2   Built Jun 30 2026.,static_crystal_polymer,,
2R1W,diffdock,scored,0.64322,gnina v1.3.3 master:6fe1ce2   Built Jun 30 2026.,static_crystal_polymer,,
2QT5,equibind,scored,0.03874,gnina v1.3.3 master:6fe1ce2   Built Jun 30 2026.,static_crystal_polymer,C;D,
2QT5,diffdock,scored,0.65395,gnina v1.3.3 master:6fe1ce2   Built Jun 30 2026.,static_crystal_polymer,C;D,
2R1X,equibind,scored,0.00083,gnina v1.3.3 master:6fe1ce2   Built Jun 30 2026.,static_crystal_polymer,C,
2R1X,diffdock,scored,0.52865,gnina v1.3.3 master:6fe1ce2   Built Jun 30 2026.,static_crystal_polymer,C,
2RKM,equibind,scored,0.00386,gnina v1.3.3 master:6fe1ce2   Built Jun 30 2026.,static_crystal_polymer,,
2RKM,diffdock,scored,0.18101,gnina v1.3.3 master:6fe1ce2   Built Jun 30 2026.,static_crystal_polymer,,
2R7G,equibind,scored,2e-05,gnina v1.3.3 master:6fe1ce2   Built Jun 30 2026.,static_crystal_polymer,,
2R7G,diffdock,scored,0.01165,gnina v1.3.3 master:6fe1ce2   Built Jun 30 2026.,static_crystal_polymer,,
2R9B,equibind,scored,2e-05,gnina v1.3.3 master:6fe1ce2   Built Jun 30 2026.,static_crystal_polymer,B;D,
2R9B,diffdock,scored,0.18818,gnina v1.3.3 master:6fe1ce2   Built Jun 30 2026.,static_crystal_polymer,B;D,
2R3Y,equibind,scored,0.00073,gnina v1.3.3 master:6fe1ce2   Built Jun 30 2026.,static_crystal_polymer,D;E;F,
2R3Y,diffdock,scored,0.13369,gnina v1.3.3 master:6fe1ce2   Built Jun 30 2026.,static_crystal_polymer,D;E;F,
2R1Y,equibind,scored,0.0028,gnina v1.3.3 master:6fe1ce2   Built Jun 30 2026.,static_crystal_polymer,C,
2R1Y,diffdock,scored,0.10402,gnina v1.3.3 master:6fe1ce2   Built Jun 30 2026.,static_crystal_polymer,C,
2R23,equibind,scored,0.00018,gnina v1.3.3 master:6fe1ce2   Built Jun 30 2026.,static_crystal_polymer,C,
2R23,diffdock,scored,0.10225,gnina v1.3.3 master:6fe1ce2   Built Jun 30 2026.,static_crystal_polymer,C,
2R3C,equibind,scored,6e-05,gnina v1.3.3 master:6fe1ce2   Built Jun 30 2026.,static_crystal_polymer,,
2R3C,diffdock,scored,0.04362,gnina v1.3.3 master:6fe1ce2   Built Jun 30 2026.,static_crystal_polymer,,
2R2B,equibind,scored,2e-05,gnina v1.3.3 master:6fe1ce2   Built Jun 30 2026.,static_crystal_polymer,C,
2R2B,diffdock,scored,0.07249,gnina v1.3.3 master:6fe1ce2   Built Jun 30 2026.,static_crystal_polymer,C,
2RFY,equibind,scored,0.00171,gnina v1.3.3 master:6fe1ce2   Built Jun 30 2026.,static_crystal_polymer,E;F;G;H,
2RFY,diffdock,scored,0.24927,gnina v1.3.3 master:6fe1ce2   Built Jun 30 2026.,static_crystal_polymer,E;F;G;H,
2RLY,equibind,scored,1e-05,gnina v1.3.3 master:6fe1ce2   Built Jun 30 2026.,static_crystal_polymer,B,
2RLY,diffdock,scored,0.00754,gnina v1.3.3 master:6fe1ce2   Built Jun 30 2026.,static_crystal_polymer,B,
2RVN,equibind,scored,0.0,gnina v1.3.3 master:6fe1ce2   Built Jun 30 2026.,static_crystal_polymer,,
2RVN,diffdock,scored,0.0006,gnina v1.3.3 master:6fe1ce2   Built Jun 30 2026.,static_crystal_polymer,,
2RM0,equibind,scored,0.00031,gnina v1.3.3 master:6fe1ce2   Built Jun 30 2026.,static_crystal_polymer,B,
2RM0,diffdock,scored,0.04807,gnina v1.3.3 master:6fe1ce2   Built Jun 30 2026.,static_crystal_polymer,B,
2ROL,equibind,scored,0.0,gnina v1.3.3 master:6fe1ce2   Built Jun 30 2026.,static_crystal_polymer,B,
2ROL,diffdock,scored,0.13259,gnina v1.3.3 master:6fe1ce2   Built Jun 30 2026.,static_crystal_polymer,B,
2RNX,equibind,scored,0.0,gnina v1.3.3 master:6fe1ce2   Built Jun 30 2026.,static_crystal_polymer,B,
2RNX,diffdock,scored,1e-05,gnina v1.3.3 master:6fe1ce2   Built Jun 30 2026.,static_crystal_polymer,B,
2V7D,equibind,scored,0.18216,gnina v1.3.3 master:6fe1ce2   Built Jun 30 2026.,static_crystal_polymer,E;F;G;H,
2V7D,diffdock,scored,0.10212,gnina v1.3.3 master:6fe1ce2   Built Jun 30 2026.,static_crystal_polymer,E;F;G;H,
2TPI,equibind,scored,0.00417,gnina v1.3.3 master:6fe1ce2   Built Jun 30 2026.,static_crystal_polymer,,
2TPI,diffdock,scored,0.18637,gnina v1.3.3 master:6fe1ce2   Built Jun 30 2026.,static_crystal_polymer,,
2RQU,equibind,scored,0.0,gnina v1.3.3 master:6fe1ce2   Built Jun 30 2026.,static_crystal_polymer,B,
2RQU,diffdock,scored,0.01793,gnina v1.3.3 master:6fe1ce2   Built Jun 30 2026.,static_crystal_polymer,B,
2RNW,equibind,scored,0.0,gnina v1.3.3 master:6fe1ce2   Built Jun 30 2026.,static_crystal_polymer,B,
2RNW,diffdock,scored,0.35375,gnina v1.3.3 master:6fe1ce2   Built Jun 30 2026.,static_crystal_polymer,B,
2V83,equibind,scored,6e-05,gnina v1.3.3 master:6fe1ce2   Built Jun 30 2026.,static_crystal_polymer,D,
2V83,diffdock,scored,0.1063,gnina v1.3.3 master:6fe1ce2   Built Jun 30 2026.,static_crystal_polymer,D,
2UZ6,equibind,scored,0.0,gnina v1.3.3 master:6fe1ce2   Built Jun 30 2026.,static_crystal_polymer,K;L;M;N;O;P;Q;R;S;T,
2UZ6,diffdock,scored,0.00538,gnina v1.3.3 master:6fe1ce2   Built Jun 30 2026.,static_crystal_polymer,K;L;M;N;O;P;Q;R;S;T,
2VNF,equibind,scored,3e-05,gnina v1.3.3 master:6fe1ce2   Built Jun 30 2026.,static_crystal_polymer,,
2VNF,diffdock,scored,0.3911,gnina v1.3.3 master:6fe1ce2   Built Jun 30 2026.,static_crystal_polymer,,
2VSL,equibind,scored,1e-05,gnina v1.3.3 master:6fe1ce2   Built Jun 30 2026.,static_crystal_polymer,,
2VSL,diffdock,scored,0.0002,gnina v1.3.3 master:6fe1ce2   Built Jun 30 2026.,static_crystal_polymer,,
2W0Z,equibind,scored,6e-05,gnina v1.3.3 master:6fe1ce2   Built Jun 30 2026.,static_crystal_polymer,B,
2W0Z,diffdock,scored,0.0284,gnina v1.3.3 master:6fe1ce2   Built Jun 30 2026.,static_crystal_polymer,B,
2W0P,equibind,scored,4e-05,gnina v1.3.3 master:6fe1ce2   Built Jun 30 2026.,static_crystal_polymer,,
2W0P,diffdock,scored,0.00776,gnina v1.3.3 master:6fe1ce2   Built Jun 30 2026.,static_crystal_polymer,,
2W10,equibind,scored,0.00019,gnina v1.3.3 master:6fe1ce2   Built Jun 30 2026.,static_crystal_polymer,D,
2W10,diffdock,scored,0.00288,gnina v1.3.3 master:6fe1ce2   Built Jun 30 2026.,static_crystal_polymer,D,
2VPE,equibind,scored,8e-05,gnina v1.3.3 master:6fe1ce2   Built Jun 30 2026.,static_crystal_polymer,,
2VPE,diffdock,scored,3e-05,gnina v1.3.3 master:6fe1ce2   Built Jun 30 2026.,static_crystal_polymer,,
2W2U,equibind,scored,0.0,gnina v1.3.3 master:6fe1ce2   Built Jun 30 2026.,static_crystal_polymer,C;D,
2W2U,diffdock,scored,0.0088,gnina v1.3.3 master:6fe1ce2   Built Jun 30 2026.,static_crystal_polymer,C;D,
2VR3,equibind,scored,1e-05,gnina v1.3.3 master:6fe1ce2   Built Jun 30 2026.,static_crystal_polymer,C,
2VR3,diffdock,scored,0.13254,gnina v1.3.3 master:6fe1ce2   Built Jun 30 2026.,static_crystal_polymer,C,
2VL1,equibind,scored,0.03134,gnina v1.3.3 master:6fe1ce2   Built Jun 30 2026.,static_crystal_polymer,,
2VL1,diffdock,scored,0.77319,gnina v1.3.3 master:6fe1ce2   Built Jun 30 2026.,static_crystal_polymer,,
2W78,equibind,scored,1e-05,gnina v1.3.3 master:6fe1ce2   Built Jun 30 2026.,static_crystal_polymer,,
2W3O,equibind,scored,0.00164,gnina v1.3.3 master:6fe1ce2   Built Jun 30 2026.,static_crystal_polymer,C;D,
2W3O,diffdock,scored,0.06145,gnina v1.3.3 master:6fe1ce2   Built Jun 30 2026.,static_crystal_polymer,C;D,
2W47,equibind,scored,0.03598,gnina v1.3.3 master:6fe1ce2   Built Jun 30 2026.,static_crystal_polymer,B,
2W47,diffdock,scored,0.02158,gnina v1.3.3 master:6fe1ce2   Built Jun 30 2026.,static_crystal_polymer,B,
2W68,equibind,scored,0.00019,gnina v1.3.3 master:6fe1ce2   Built Jun 30 2026.,static_crystal_polymer,D;E;F,
2W68,diffdock,scored,0.61495,gnina v1.3.3 master:6fe1ce2   Built Jun 30 2026.,static_crystal_polymer,D;E;F,
2VXJ,equibind,scored,3e-05,gnina v1.3.3 master:6fe1ce2   Built Jun 30 2026.,static_crystal_polymer,AA;BA;CA;DA;EA;FA;GA;HA;IA;JA;KA;MA;NA;OA;PA;QA;RA;SA;TA;UA;VA;Y;Z,
2VXJ,diffdock,scored,0.67868,gnina v1.3.3 master:6fe1ce2   Built Jun 30 2026.,static_crystal_polymer,AA;BA;CA;DA;EA;FA;GA;HA;IA;JA;KA;MA;NA;OA;PA;QA;RA;SA;TA;UA;VA;Y;Z,
2W7Y,equibind,scored,0.00013,gnina v1.3.3 master:6fe1ce2   Built Jun 30 2026.,static_crystal_polymer,C;D,
2W7Y,diffdock,scored,0.44498,gnina v1.3.3 master:6fe1ce2   Built Jun 30 2026.,static_crystal_polymer,C;D,
2W77,equibind,scored,0.0,gnina v1.3.3 master:6fe1ce2   Built Jun 30 2026.,static_crystal_polymer,C,
2W77,diffdock,scored,0.1806,gnina v1.3.3 master:6fe1ce2   Built Jun 30 2026.,static_crystal_polymer,C,
2W76,equibind,scored,0.0,gnina v1.3.3 master:6fe1ce2   Built Jun 30 2026.,static_crystal_polymer,C,
2W76,diffdock,scored,0.05646,gnina v1.3.3 master:6fe1ce2   Built Jun 30 2026.,static_crystal_polymer,C,
2W6U,equibind,scored,3e-05,gnina v1.3.3 master:6fe1ce2   Built Jun 30 2026.,static_crystal_polymer,C,
2W6U,diffdock,scored,0.1804,gnina v1.3.3 master:6fe1ce2   Built Jun 30 2026.,static_crystal_polymer,C,
2W6T,equibind,scored,0.00011,gnina v1.3.3 master:6fe1ce2   Built Jun 30 2026.,static_crystal_polymer,C,
2W6T,diffdock,scored,0.13702,gnina v1.3.3 master:6fe1ce2   Built Jun 30 2026.,static_crystal_polymer,C,
2W85,equibind,scored,0.0,gnina v1.3.3 master:6fe1ce2   Built Jun 30 2026.,static_crystal_polymer,B,
2W85,diffdock,scored,0.0003,gnina v1.3.3 master:6fe1ce2   Built Jun 30 2026.,static_crystal_polymer,B,
2WFJ,equibind,scored,0.00507,gnina v1.3.3 master:6fe1ce2   Built Jun 30 2026.,static_crystal_polymer,B,
2WFJ,diffdock,scored,0.00021,gnina v1.3.3 master:6fe1ce2   Built Jun 30 2026.,static_crystal_polymer,B,
2W97,equibind,scored,0.21268,gnina v1.3.3 master:6fe1ce2   Built Jun 30 2026.,static_crystal_polymer,,
2W97,diffdock,scored,0.67313,gnina v1.3.3 master:6fe1ce2   Built Jun 30 2026.,static_crystal_polymer,,
2WA8,equibind,scored,0.00141,gnina v1.3.3 master:6fe1ce2   Built Jun 30 2026.,static_crystal_polymer,B,
2WA8,diffdock,scored,0.014,gnina v1.3.3 master:6fe1ce2   Built Jun 30 2026.,static_crystal_polymer,B,
2W9R,equibind,scored,0.0,gnina v1.3.3 master:6fe1ce2   Built Jun 30 2026.,static_crystal_polymer,B,
2W9R,diffdock,scored,0.03521,gnina v1.3.3 master:6fe1ce2   Built Jun 30 2026.,static_crystal_polymer,B,
2WIG,equibind,scored,0.47185,gnina v1.3.3 master:6fe1ce2   Built Jun 30 2026.,static_crystal_polymer,,
2WIG,diffdock,scored,0.14872,gnina v1.3.3 master:6fe1ce2   Built Jun 30 2026.,static_crystal_polymer,,
2WK2,equibind,scored,0.49456,gnina v1.3.3 master:6fe1ce2   Built Jun 30 2026.,static_crystal_polymer,,
2WK2,diffdock,scored,0.51665,gnina v1.3.3 master:6fe1ce2   Built Jun 30 2026.,static_crystal_polymer,,
2WLY,equibind,scored,0.06266,gnina v1.3.3 master:6fe1ce2   Built Jun 30 2026.,static_crystal_polymer,,
2WLY,diffdock,scored,0.59563,gnina v1.3.3 master:6fe1ce2   Built Jun 30 2026.,static_crystal_polymer,,
2WIJ,equibind,scored,0.61131,gnina v1.3.3 master:6fe1ce2   Built Jun 30 2026.,static_crystal_polymer,,
2WIJ,diffdock,scored,0.09905,gnina v1.3.3 master:6fe1ce2   Built Jun 30 2026.,static_crystal_polymer,,
2WIK,equibind,scored,0.04921,gnina v1.3.3 master:6fe1ce2   Built Jun 30 2026.,static_crystal_polymer,,
2WIK,diffdock,scored,0.16795,gnina v1.3.3 master:6fe1ce2   Built Jun 30 2026.,static_crystal_polymer,,
2WLZ,equibind,scored,0.5048,gnina v1.3.3 master:6fe1ce2   Built Jun 30 2026.,static_crystal_polymer,,
2WLZ,diffdock,scored,0.09353,gnina v1.3.3 master:6fe1ce2   Built Jun 30 2026.,static_crystal_polymer,,
2WM0,equibind,scored,0.00561,gnina v1.3.3 master:6fe1ce2   Built Jun 30 2026.,static_crystal_polymer,,
2WM0,diffdock,scored,0.5883,gnina v1.3.3 master:6fe1ce2   Built Jun 30 2026.,static_crystal_polymer,,
2WP1,equibind,scored,1e-05,gnina v1.3.3 master:6fe1ce2   Built Jun 30 2026.,static_crystal_polymer,C,
2WP1,diffdock,scored,0.07529,gnina v1.3.3 master:6fe1ce2   Built Jun 30 2026.,static_crystal_polymer,C,
2X2C,equibind,scored,0.05029,gnina v1.3.3 master:6fe1ce2   Built Jun 30 2026.,static_crystal_polymer,A;B;D;G;I,
2X2C,diffdock,scored,5e-05,gnina v1.3.3 master:6fe1ce2   Built Jun 30 2026.,static_crystal_polymer,A;B;D;G;I,
2WYF,equibind,scored,0.00761,gnina v1.3.3 master:6fe1ce2   Built Jun 30 2026.,static_crystal_polymer,I;J;K;L;M;N,
2WYF,diffdock,scored,0.36423,gnina v1.3.3 master:6fe1ce2   Built Jun 30 2026.,static_crystal_polymer,I;J;K;L;M;N,
2X4T,equibind,scored,0.0,gnina v1.3.3 master:6fe1ce2   Built Jun 30 2026.,static_crystal_polymer,C;F,
2X4T,diffdock,scored,0.11697,gnina v1.3.3 master:6fe1ce2   Built Jun 30 2026.,static_crystal_polymer,C;F,
2X4S,equibind,scored,0.0,gnina v1.3.3 master:6fe1ce2   Built Jun 30 2026.,static_crystal_polymer,C;F,
2X4S,diffdock,scored,0.07241,gnina v1.3.3 master:6fe1ce2   Built Jun 30 2026.,static_crystal_polymer,C;F,
2X4R,equibind,scored,4e-05,gnina v1.3.3 master:6fe1ce2   Built Jun 30 2026.,static_crystal_polymer,C;F,
2X4R,diffdock,scored,0.01907,gnina v1.3.3 master:6fe1ce2   Built Jun 30 2026.,static_crystal_polymer,C;F,
2X4O,equibind,scored,0.0,gnina v1.3.3 master:6fe1ce2   Built Jun 30 2026.,static_crystal_polymer,C;F,
2X4O,diffdock,scored,0.11937,gnina v1.3.3 master:6fe1ce2   Built Jun 30 2026.,static_crystal_polymer,C;F,
2WYN,equibind,scored,0.40881,gnina v1.3.3 master:6fe1ce2   Built Jun 30 2026.,static_crystal_polymer,,
2WYN,diffdock,scored,0.29541,gnina v1.3.3 master:6fe1ce2   Built Jun 30 2026.,static_crystal_polymer,,
2X6X,equibind,scored,0.00372,gnina v1.3.3 master:6fe1ce2   Built Jun 30 2026.,static_crystal_polymer,B,
2X6X,diffdock,scored,0.01828,gnina v1.3.3 master:6fe1ce2   Built Jun 30 2026.,static_crystal_polymer,B,
2X6W,equibind,scored,0.00018,gnina v1.3.3 master:6fe1ce2   Built Jun 30 2026.,static_crystal_polymer,,
2X6W,diffdock,scored,0.11255,gnina v1.3.3 master:6fe1ce2   Built Jun 30 2026.,static_crystal_polymer,,
2X4U,equibind,scored,1e-05,gnina v1.3.3 master:6fe1ce2   Built Jun 30 2026.,static_crystal_polymer,C;F,
2X4U,diffdock,scored,0.00072,gnina v1.3.3 master:6fe1ce2   Built Jun 30 2026.,static_crystal_polymer,C;F,
2X6Y,equibind,scored,0.0002,gnina v1.3.3 master:6fe1ce2   Built Jun 30 2026.,static_crystal_polymer,B,
2X6Y,diffdock,scored,0.04655,gnina v1.3.3 master:6fe1ce2   Built Jun 30 2026.,static_crystal_polymer,B,
2X85,equibind,scored,3e-05,gnina v1.3.3 master:6fe1ce2   Built Jun 30 2026.,static_crystal_polymer,B,
2X85,diffdock,scored,0.04582,gnina v1.3.3 master:6fe1ce2   Built Jun 30 2026.,static_crystal_polymer,B,
2XAF,equibind,scored,5e-05,gnina v1.3.3 master:6fe1ce2   Built Jun 30 2026.,static_crystal_polymer,,
2XAF,diffdock,scored,0.49223,gnina v1.3.3 master:6fe1ce2   Built Jun 30 2026.,static_crystal_polymer,,
2XAG,equibind,scored,0.00043,gnina v1.3.3 master:6fe1ce2   Built Jun 30 2026.,static_crystal_polymer,,
2XAG,diffdock,scored,0.40611,gnina v1.3.3 master:6fe1ce2   Built Jun 30 2026.,static_crystal_polymer,,
2XAH,equibind,scored,0.0,gnina v1.3.3 master:6fe1ce2   Built Jun 30 2026.,static_crystal_polymer,,
2XAH,diffdock,scored,0.74504,gnina v1.3.3 master:6fe1ce2   Built Jun 30 2026.,static_crystal_polymer,,
2XAJ,equibind,scored,4e-05,gnina v1.3.3 master:6fe1ce2   Built Jun 30 2026.,static_crystal_polymer,,
2XAJ,diffdock,scored,0.60498,gnina v1.3.3 master:6fe1ce2   Built Jun 30 2026.,static_crystal_polymer,,
2X2I,equibind,scored,1e-05,gnina v1.3.3 master:6fe1ce2   Built Jun 30 2026.,static_crystal_polymer,E;G;I;K,
2XAQ,equibind,scored,0.00345,gnina v1.3.3 master:6fe1ce2   Built Jun 30 2026.,static_crystal_polymer,,
2XAQ,diffdock,scored,0.69764,gnina v1.3.3 master:6fe1ce2   Built Jun 30 2026.,static_crystal_polymer,,
2XAS,equibind,scored,0.0,gnina v1.3.3 master:6fe1ce2   Built Jun 30 2026.,static_crystal_polymer,,
2XAS,diffdock,scored,0.4484,gnina v1.3.3 master:6fe1ce2   Built Jun 30 2026.,static_crystal_polymer,,
2XDW,equibind,scored,0.00256,gnina v1.3.3 master:6fe1ce2   Built Jun 30 2026.,static_crystal_polymer,B,
2XDW,diffdock,scored,0.23899,gnina v1.3.3 master:6fe1ce2   Built Jun 30 2026.,static_crystal_polymer,B,
2XG9,equibind,scored,0.19824,gnina v1.3.3 master:6fe1ce2   Built Jun 30 2026.,static_crystal_polymer,B,
2XG9,diffdock,scored,0.53015,gnina v1.3.3 master:6fe1ce2   Built Jun 30 2026.,static_crystal_polymer,B,
2XHS,equibind,scored,1e-05,gnina v1.3.3 master:6fe1ce2   Built Jun 30 2026.,static_crystal_polymer,,
2XHS,diffdock,scored,0.27107,gnina v1.3.3 master:6fe1ce2   Built Jun 30 2026.,static_crystal_polymer,,
2XL3,equibind,scored,2e-05,gnina v1.3.3 master:6fe1ce2   Built Jun 30 2026.,static_crystal_polymer,C,
2XL3,diffdock,scored,0.07266,gnina v1.3.3 master:6fe1ce2   Built Jun 30 2026.,static_crystal_polymer,C,
2XL2,equibind,scored,1e-05,gnina v1.3.3 master:6fe1ce2   Built Jun 30 2026.,static_crystal_polymer,C,
2XL2,diffdock,scored,0.19243,gnina v1.3.3 master:6fe1ce2   Built Jun 30 2026.,static_crystal_polymer,C,
2Y06,equibind,scored,1e-05,gnina v1.3.3 master:6fe1ce2   Built Jun 30 2026.,static_crystal_polymer,C,
2Y06,diffdock,scored,0.03567,gnina v1.3.3 master:6fe1ce2   Built Jun 30 2026.,static_crystal_polymer,C,
2XZC,equibind,scored,0.00123,gnina v1.3.3 master:6fe1ce2   Built Jun 30 2026.,static_crystal_polymer,,
2XZC,diffdock,scored,0.37848,gnina v1.3.3 master:6fe1ce2   Built Jun 30 2026.,static_crystal_polymer,,
2XO8,equibind,scored,0.00138,gnina v1.3.3 master:6fe1ce2   Built Jun 30 2026.,static_crystal_polymer,,
2XO8,diffdock,scored,0.06903,gnina v1.3.3 master:6fe1ce2   Built Jun 30 2026.,static_crystal_polymer,,
2XRW,equibind,scored,0.0,gnina v1.3.3 master:6fe1ce2   Built Jun 30 2026.,static_crystal_polymer,B,
2XRW,diffdock,scored,0.0944,gnina v1.3.3 master:6fe1ce2   Built Jun 30 2026.,static_crystal_polymer,B,
2XXN,equibind,scored,0.0,gnina v1.3.3 master:6fe1ce2   Built Jun 30 2026.,static_crystal_polymer,,
2XXN,diffdock,scored,0.30341,gnina v1.3.3 master:6fe1ce2   Built Jun 30 2026.,static_crystal_polymer,,
2XQQ,equibind,scored,0.00237,gnina v1.3.3 master:6fe1ce2   Built Jun 30 2026.,static_crystal_polymer,E;G;H,
2XQQ,diffdock,scored,0.25054,gnina v1.3.3 master:6fe1ce2   Built Jun 30 2026.,static_crystal_polymer,E;G;H,
2XLC,equibind,scored,0.59786,gnina v1.3.3 master:6fe1ce2   Built Jun 30 2026.,static_crystal_polymer,,
2XLC,diffdock,scored,0.16179,gnina v1.3.3 master:6fe1ce2   Built Jun 30 2026.,static_crystal_polymer,,
2Y36,equibind,scored,0.00217,gnina v1.3.3 master:6fe1ce2   Built Jun 30 2026.,static_crystal_polymer,C,
2Y36,diffdock,scored,0.05872,gnina v1.3.3 master:6fe1ce2   Built Jun 30 2026.,static_crystal_polymer,C,
2Y4S,equibind,scored,0.0,gnina v1.3.3 master:6fe1ce2   Built Jun 30 2026.,static_crystal_polymer,B,
2Y4S,diffdock,scored,0.01127,gnina v1.3.3 master:6fe1ce2   Built Jun 30 2026.,static_crystal_polymer,B,
2Y07,equibind,scored,1e-05,gnina v1.3.3 master:6fe1ce2   Built Jun 30 2026.,static_crystal_polymer,,
2Y07,diffdock,scored,0.00123,gnina v1.3.3 master:6fe1ce2   Built Jun 30 2026.,static_crystal_polymer,,
2Y8O,equibind,scored,0.0,gnina v1.3.3 master:6fe1ce2   Built Jun 30 2026.,static_crystal_polymer,,
2Y8O,diffdock,scored,0.62592,gnina v1.3.3 master:6fe1ce2   Built Jun 30 2026.,static_crystal_polymer,,
2YDT,equibind,scored,0.01347,gnina v1.3.3 master:6fe1ce2   Built Jun 30 2026.,static_crystal_polymer,,
2YDT,diffdock,scored,0.58879,gnina v1.3.3 master:6fe1ce2   Built Jun 30 2026.,static_crystal_polymer,,
2YG2,equibind,scored,0.53976,gnina v1.3.3 master:6fe1ce2   Built Jun 30 2026.,static_crystal_polymer,,
2YG2,diffdock,scored,0.54939,gnina v1.3.3 master:6fe1ce2   Built Jun 30 2026.,static_crystal_polymer,,
2Y6S,equibind,scored,0.0,gnina v1.3.3 master:6fe1ce2   Built Jun 30 2026.,static_crystal_polymer,,
2Y6S,diffdock,scored,0.06409,gnina v1.3.3 master:6fe1ce2   Built Jun 30 2026.,static_crystal_polymer,,
2Y9G,equibind,scored,0.00905,gnina v1.3.3 master:6fe1ce2   Built Jun 30 2026.,static_crystal_polymer,B;C;D;E,
2Y9G,diffdock,scored,0.70682,gnina v1.3.3 master:6fe1ce2   Built Jun 30 2026.,static_crystal_polymer,B;C;D;E,
2YJQ,equibind,scored,0.00087,gnina v1.3.3 master:6fe1ce2   Built Jun 30 2026.,static_crystal_polymer,,
2YJQ,diffdock,scored,0.13416,gnina v1.3.3 master:6fe1ce2   Built Jun 30 2026.,static_crystal_polymer,,
2YNN,equibind,scored,9e-05,gnina v1.3.3 master:6fe1ce2   Built Jun 30 2026.,static_crystal_polymer,B,
2YNN,diffdock,scored,0.15275,gnina v1.3.3 master:6fe1ce2   Built Jun 30 2026.,static_crystal_polymer,B,
2YLC,equibind,scored,0.00288,gnina v1.3.3 master:6fe1ce2   Built Jun 30 2026.,static_crystal_polymer,,
2YLC,diffdock,scored,0.08017,gnina v1.3.3 master:6fe1ce2   Built Jun 30 2026.,static_crystal_polymer,,
2YMT,equibind,scored,0.00733,gnina v1.3.3 master:6fe1ce2   Built Jun 30 2026.,static_crystal_polymer,B,
2YMT,diffdock,scored,0.0539,gnina v1.3.3 master:6fe1ce2   Built Jun 30 2026.,static_crystal_polymer,B,
2Y55,equibind,scored,0.59115,gnina v1.3.3 master:6fe1ce2   Built Jun 30 2026.,static_crystal_polymer,,
2Y55,diffdock,scored,0.6032,gnina v1.3.3 master:6fe1ce2   Built Jun 30 2026.,static_crystal_polymer,,
2YNR,equibind,scored,0.0,gnina v1.3.3 master:6fe1ce2   Built Jun 30 2026.,static_crystal_polymer,,
2YNR,diffdock,scored,0.00057,gnina v1.3.3 master:6fe1ce2   Built Jun 30 2026.,static_crystal_polymer,,
2Z5O,equibind,scored,0.00776,gnina v1.3.3 master:6fe1ce2   Built Jun 30 2026.,static_crystal_polymer,B,
2Z5O,diffdock,scored,0.20535,gnina v1.3.3 master:6fe1ce2   Built Jun 30 2026.,static_crystal_polymer,B,
2Z5T,equibind,scored,0.0,gnina v1.3.3 master:6fe1ce2   Built Jun 30 2026.,static_crystal_polymer,,
2Z5T,diffdock,scored,0.19081,gnina v1.3.3 master:6fe1ce2   Built Jun 30 2026.,static_crystal_polymer,,
2Z6W,equibind,scored,0.0,gnina v1.3.3 master:6fe1ce2   Built Jun 30 2026.,static_crystal_polymer,C;D,
2Z6W,diffdock,scored,0.00104,gnina v1.3.3 master:6fe1ce2   Built Jun 30 2026.,static_crystal_polymer,C;D,
2YNS,equibind,scored,0.00255,gnina v1.3.3 master:6fe1ce2   Built Jun 30 2026.,static_crystal_polymer,,
2YNS,diffdock,scored,0.00208,gnina v1.3.3 master:6fe1ce2   Built Jun 30 2026.,static_crystal_polymer,,
2YQ6,equibind,scored,0.0,gnina v1.3.3 master:6fe1ce2   Built Jun 30 2026.,static_crystal_polymer,B,
2YQ6,diffdock,scored,0.20939,gnina v1.3.3 master:6fe1ce2   Built Jun 30 2026.,static_crystal_polymer,B,
2ZYM,equibind,scored,6e-05,gnina v1.3.3 master:6fe1ce2   Built Jun 30 2026.,static_crystal_polymer,B,
2ZYM,diffdock,scored,0.14136,gnina v1.3.3 master:6fe1ce2   Built Jun 30 2026.,static_crystal_polymer,B,
2ZGM,equibind,scored,0.0,gnina v1.3.3 master:6fe1ce2   Built Jun 30 2026.,static_crystal_polymer,C;D,
2ZGM,diffdock,scored,0.55075,gnina v1.3.3 master:6fe1ce2   Built Jun 30 2026.,static_crystal_polymer,C;D,
2ZLF,equibind,scored,5e-05,gnina v1.3.3 master:6fe1ce2   Built Jun 30 2026.,static_crystal_polymer,B,
2ZLF,diffdock,scored,0.28292,gnina v1.3.3 master:6fe1ce2   Built Jun 30 2026.,static_crystal_polymer,B,
2ZQ0,equibind,scored,0.00076,gnina v1.3.3 master:6fe1ce2   Built Jun 30 2026.,static_crystal_polymer,C;D,
2ZQ0,diffdock,scored,0.50676,gnina v1.3.3 master:6fe1ce2   Built Jun 30 2026.,static_crystal_polymer,C;D,
3AH8,equibind,scored,1e-05,gnina v1.3.3 master:6fe1ce2   Built Jun 30 2026.,static_crystal_polymer,D,
3AH8,diffdock,scored,0.08146,gnina v1.3.3 master:6fe1ce2   Built Jun 30 2026.,static_crystal_polymer,D,
3AP7,equibind,scored,1e-05,gnina v1.3.3 master:6fe1ce2   Built Jun 30 2026.,static_crystal_polymer,B,
3AP7,diffdock,scored,0.011,gnina v1.3.3 master:6fe1ce2   Built Jun 30 2026.,static_crystal_polymer,B,
3AFK,equibind,scored,0.00017,gnina v1.3.3 master:6fe1ce2   Built Jun 30 2026.,static_crystal_polymer,,
3AFK,diffdock,scored,0.19511,gnina v1.3.3 master:6fe1ce2   Built Jun 30 2026.,static_crystal_polymer,,
2ZYN,equibind,scored,0.0,gnina v1.3.3 master:6fe1ce2   Built Jun 30 2026.,static_crystal_polymer,B,
2ZYN,diffdock,scored,0.4593,gnina v1.3.3 master:6fe1ce2   Built Jun 30 2026.,static_crystal_polymer,B,
3AP4,equibind,scored,0.00032,gnina v1.3.3 master:6fe1ce2   Built Jun 30 2026.,static_crystal_polymer,E;F;G;H,
3AP4,diffdock,scored,0.5321,gnina v1.3.3 master:6fe1ce2   Built Jun 30 2026.,static_crystal_polymer,E;F;G;H,
3ALT,equibind,scored,0.00124,gnina v1.3.3 master:6fe1ce2   Built Jun 30 2026.,static_crystal_polymer,E;F;G;H,
3ALT,diffdock,scored,0.78583,gnina v1.3.3 master:6fe1ce2   Built Jun 30 2026.,static_crystal_polymer,E;F;G;H,
3ASL,equibind,scored,0.0,gnina v1.3.3 master:6fe1ce2   Built Jun 30 2026.,static_crystal_polymer,,
3ASL,diffdock,scored,0.20223,gnina v1.3.3 master:6fe1ce2   Built Jun 30 2026.,static_crystal_polymer,,
3ATW,equibind,scored,0.00031,gnina v1.3.3 master:6fe1ce2   Built Jun 30 2026.,static_crystal_polymer,,
3ATW,diffdock,scored,2e-05,gnina v1.3.3 master:6fe1ce2   Built Jun 30 2026.,static_crystal_polymer,,
3AV9,equibind,scored,0.0,gnina v1.3.3 master:6fe1ce2   Built Jun 30 2026.,static_crystal_polymer,C;D,
3AV9,diffdock,scored,0.0011,gnina v1.3.3 master:6fe1ce2   Built Jun 30 2026.,static_crystal_polymer,C;D,
3ASK,equibind,scored,0.0,gnina v1.3.3 master:6fe1ce2   Built Jun 30 2026.,static_crystal_polymer,,
3ASK,diffdock,scored,0.00028,gnina v1.3.3 master:6fe1ce2   Built Jun 30 2026.,static_crystal_polymer,,
3AVB,equibind,scored,0.0,gnina v1.3.3 master:6fe1ce2   Built Jun 30 2026.,static_crystal_polymer,C;D,
3AVB,diffdock,scored,0.02906,gnina v1.3.3 master:6fe1ce2   Built Jun 30 2026.,static_crystal_polymer,C;D,
3AVG,equibind,scored,1e-05,gnina v1.3.3 master:6fe1ce2   Built Jun 30 2026.,static_crystal_polymer,C;D,
3AVG,diffdock,scored,0.01764,gnina v1.3.3 master:6fe1ce2   Built Jun 30 2026.,static_crystal_polymer,C;D,
3AVA,equibind,scored,8e-05,gnina v1.3.3 master:6fe1ce2   Built Jun 30 2026.,static_crystal_polymer,C;D,
3AVA,diffdock,scored,0.00666,gnina v1.3.3 master:6fe1ce2   Built Jun 30 2026.,static_crystal_polymer,C;D,
3AVF,equibind,scored,0.0,gnina v1.3.3 master:6fe1ce2   Built Jun 30 2026.,static_crystal_polymer,C;D,
3AVF,diffdock,scored,0.00109,gnina v1.3.3 master:6fe1ce2   Built Jun 30 2026.,static_crystal_polymer,C;D,
3AVH,equibind,scored,1e-05,gnina v1.3.3 master:6fe1ce2   Built Jun 30 2026.,static_crystal_polymer,C;D,
3AVH,diffdock,scored,0.00528,gnina v1.3.3 master:6fe1ce2   Built Jun 30 2026.,static_crystal_polymer,C;D,
3AVI,equibind,scored,1e-05,gnina v1.3.3 master:6fe1ce2   Built Jun 30 2026.,static_crystal_polymer,C;D,
3AVI,diffdock,scored,0.00866,gnina v1.3.3 master:6fe1ce2   Built Jun 30 2026.,static_crystal_polymer,C;D,
3AVL,equibind,scored,0.05479,gnina v1.3.3 master:6fe1ce2   Built Jun 30 2026.,static_crystal_polymer,C;D,
3AVL,diffdock,scored,0.06452,gnina v1.3.3 master:6fe1ce2   Built Jun 30 2026.,static_crystal_polymer,C;D,
3AVJ,equibind,scored,0.0,gnina v1.3.3 master:6fe1ce2   Built Jun 30 2026.,static_crystal_polymer,C;D,
3AVJ,diffdock,scored,0.00654,gnina v1.3.3 master:6fe1ce2   Built Jun 30 2026.,static_crystal_polymer,C;D,
3AVM,equibind,scored,4e-05,gnina v1.3.3 master:6fe1ce2   Built Jun 30 2026.,static_crystal_polymer,C;D,
3AVM,diffdock,scored,0.01109,gnina v1.3.3 master:6fe1ce2   Built Jun 30 2026.,static_crystal_polymer,C;D,
3AVK,equibind,scored,0.0,gnina v1.3.3 master:6fe1ce2   Built Jun 30 2026.,static_crystal_polymer,C;D,
3AVK,diffdock,scored,0.00231,gnina v1.3.3 master:6fe1ce2   Built Jun 30 2026.,static_crystal_polymer,C;D,
3AYA,equibind,scored,0.0011,gnina v1.3.3 master:6fe1ce2   Built Jun 30 2026.,static_crystal_polymer,,
3AYA,diffdock,scored,0.45225,gnina v1.3.3 master:6fe1ce2   Built Jun 30 2026.,static_crystal_polymer,,
3AVN,equibind,scored,0.0,gnina v1.3.3 master:6fe1ce2   Built Jun 30 2026.,static_crystal_polymer,C;D,
3AVN,diffdock,scored,0.01176,gnina v1.3.3 master:6fe1ce2   Built Jun 30 2026.,static_crystal_polymer,C;D,
3B95,equibind,scored,0.01998,gnina v1.3.3 master:6fe1ce2   Built Jun 30 2026.,static_crystal_polymer,,
3B95,diffdock,scored,0.03305,gnina v1.3.3 master:6fe1ce2   Built Jun 30 2026.,static_crystal_polymer,,
3AVZ,equibind,scored,4e-05,gnina v1.3.3 master:6fe1ce2   Built Jun 30 2026.,static_crystal_polymer,B,
3AVZ,diffdock,scored,0.19963,gnina v1.3.3 master:6fe1ce2   Built Jun 30 2026.,static_crystal_polymer,B,
3AW0,equibind,scored,0.0,gnina v1.3.3 master:6fe1ce2   Built Jun 30 2026.,static_crystal_polymer,,
3AW0,diffdock,scored,0.00025,gnina v1.3.3 master:6fe1ce2   Built Jun 30 2026.,static_crystal_polymer,,
3AYC,equibind,scored,0.0,gnina v1.3.3 master:6fe1ce2   Built Jun 30 2026.,static_crystal_polymer,C,
3AYC,diffdock,scored,0.59196,gnina v1.3.3 master:6fe1ce2   Built Jun 30 2026.,static_crystal_polymer,C,
3BPC,equibind,scored,0.00483,gnina v1.3.3 master:6fe1ce2   Built Jun 30 2026.,static_crystal_polymer,C,
3BPC,diffdock,scored,0.69713,gnina v1.3.3 master:6fe1ce2   Built Jun 30 2026.,static_crystal_polymer,C,
3BHB,equibind,scored,1e-05,gnina v1.3.3 master:6fe1ce2   Built Jun 30 2026.,static_crystal_polymer,C,
3BHB,diffdock,scored,0.01593,gnina v1.3.3 master:6fe1ce2   Built Jun 30 2026.,static_crystal_polymer,C,
3BL2,equibind,scored,0.0,gnina v1.3.3 master:6fe1ce2   Built Jun 30 2026.,static_crystal_polymer,C;D,
3BL2,diffdock,scored,0.0001,gnina v1.3.3 master:6fe1ce2   Built Jun 30 2026.,static_crystal_polymer,C;D,
3BIM,equibind,scored,0.0,gnina v1.3.3 master:6fe1ce2   Built Jun 30 2026.,static_crystal_polymer,B;D;F;J;N;P,
3BIM,diffdock,scored,0.00042,gnina v1.3.3 master:6fe1ce2   Built Jun 30 2026.,static_crystal_polymer,B;D;F;J;N;P,
3BUM,equibind,scored,0.0,gnina v1.3.3 master:6fe1ce2   Built Jun 30 2026.,static_crystal_polymer,,
3BUM,diffdock,scored,0.02343,gnina v1.3.3 master:6fe1ce2   Built Jun 30 2026.,static_crystal_polymer,,
3BZI,equibind,scored,0.00011,gnina v1.3.3 master:6fe1ce2   Built Jun 30 2026.,static_crystal_polymer,,
3BZI,diffdock,scored,0.05482,gnina v1.3.3 master:6fe1ce2   Built Jun 30 2026.,static_crystal_polymer,,
3BUN,equibind,scored,0.00258,gnina v1.3.3 master:6fe1ce2   Built Jun 30 2026.,static_crystal_polymer,,
3BUN,diffdock,scored,0.0022,gnina v1.3.3 master:6fe1ce2   Built Jun 30 2026.,static_crystal_polymer,,
3BUW,equibind,scored,2e-05,gnina v1.3.3 master:6fe1ce2   Built Jun 30 2026.,static_crystal_polymer,,
3BUW,diffdock,scored,0.00044,gnina v1.3.3 master:6fe1ce2   Built Jun 30 2026.,static_crystal_polymer,,
3BZF,equibind,scored,0.00021,gnina v1.3.3 master:6fe1ce2   Built Jun 30 2026.,static_crystal_polymer,C;F,
3BZF,diffdock,scored,0.01663,gnina v1.3.3 master:6fe1ce2   Built Jun 30 2026.,static_crystal_polymer,C;F,
3BTR,equibind,scored,2e-05,gnina v1.3.3 master:6fe1ce2   Built Jun 30 2026.,static_crystal_polymer,,
3BTR,diffdock,scored,0.00358,gnina v1.3.3 master:6fe1ce2   Built Jun 30 2026.,static_crystal_polymer,,
3C6W,equibind,scored,0.00042,gnina v1.3.3 master:6fe1ce2   Built Jun 30 2026.,static_crystal_polymer,,
3C6W,diffdock,scored,0.26993,gnina v1.3.3 master:6fe1ce2   Built Jun 30 2026.,static_crystal_polymer,,
3C3Q,equibind,scored,0.0,gnina v1.3.3 master:6fe1ce2   Built Jun 30 2026.,static_crystal_polymer,B,
3C3Q,diffdock,scored,0.00707,gnina v1.3.3 master:6fe1ce2   Built Jun 30 2026.,static_crystal_polymer,B,
3C3O,equibind,scored,1e-05,gnina v1.3.3 master:6fe1ce2   Built Jun 30 2026.,static_crystal_polymer,B,
3C3O,diffdock,scored,0.01328,gnina v1.3.3 master:6fe1ce2   Built Jun 30 2026.,static_crystal_polymer,B,
3C3R,equibind,scored,4e-05,gnina v1.3.3 master:6fe1ce2   Built Jun 30 2026.,static_crystal_polymer,B,
3C3R,diffdock,scored,0.02103,gnina v1.3.3 master:6fe1ce2   Built Jun 30 2026.,static_crystal_polymer,B,
3CBS,equibind,scored,0.64132,gnina v1.3.3 master:6fe1ce2   Built Jun 30 2026.,static_crystal_polymer,,
3CBS,diffdock,scored,0.82594,gnina v1.3.3 master:6fe1ce2   Built Jun 30 2026.,static_crystal_polymer,,
3CFV,equibind,scored,0.0,gnina v1.3.3 master:6fe1ce2   Built Jun 30 2026.,static_crystal_polymer,,
3CFV,diffdock,scored,0.01333,gnina v1.3.3 master:6fe1ce2   Built Jun 30 2026.,static_crystal_polymer,,
3CK8,equibind,scored,0.0,gnina v1.3.3 master:6fe1ce2   Built Jun 30 2026.,static_crystal_polymer,C;D,
3CK8,diffdock,scored,0.02719,gnina v1.3.3 master:6fe1ce2   Built Jun 30 2026.,static_crystal_polymer,C;D,
3CKB,equibind,scored,0.00546,gnina v1.3.3 master:6fe1ce2   Built Jun 30 2026.,static_crystal_polymer,C;D,
3CKB,diffdock,scored,0.10745,gnina v1.3.3 master:6fe1ce2   Built Jun 30 2026.,static_crystal_polymer,C;D,
3CII,equibind,scored,0.0,gnina v1.3.3 master:6fe1ce2   Built Jun 30 2026.,static_crystal_polymer,C;F,
3CII,diffdock,scored,0.00414,gnina v1.3.3 master:6fe1ce2   Built Jun 30 2026.,static_crystal_polymer,C;F,
3CS8,equibind,scored,0.0,gnina v1.3.3 master:6fe1ce2   Built Jun 30 2026.,static_crystal_polymer,B,
3CS8,diffdock,scored,0.02897,gnina v1.3.3 master:6fe1ce2   Built Jun 30 2026.,static_crystal_polymer,B,
3D1F,equibind,scored,0.00018,gnina v1.3.3 master:6fe1ce2   Built Jun 30 2026.,static_crystal_polymer,C;D,
3D1F,diffdock,scored,0.08223,gnina v1.3.3 master:6fe1ce2   Built Jun 30 2026.,static_crystal_polymer,C;D,
3D1E,equibind,scored,0.0,gnina v1.3.3 master:6fe1ce2   Built Jun 30 2026.,static_crystal_polymer,C,
3D1E,diffdock,scored,0.23715,gnina v1.3.3 master:6fe1ce2   Built Jun 30 2026.,static_crystal_polymer,C,
3CK7,equibind,scored,0.00014,gnina v1.3.3 master:6fe1ce2   Built Jun 30 2026.,static_crystal_polymer,E;F,
3CK7,diffdock,scored,0.25332,gnina v1.3.3 master:6fe1ce2   Built Jun 30 2026.,static_crystal_polymer,E;F,
3COJ,equibind,scored,1e-05,gnina v1.3.3 master:6fe1ce2   Built Jun 30 2026.,static_crystal_polymer,,
3COJ,diffdock,scored,0.01453,gnina v1.3.3 master:6fe1ce2   Built Jun 30 2026.,static_crystal_polymer,,
3D32,equibind,scored,0.0,gnina v1.3.3 master:6fe1ce2   Built Jun 30 2026.,static_crystal_polymer,,
3D32,diffdock,scored,0.03341,gnina v1.3.3 master:6fe1ce2   Built Jun 30 2026.,static_crystal_polymer,,
3D25,equibind,scored,7e-05,gnina v1.3.3 master:6fe1ce2   Built Jun 30 2026.,static_crystal_polymer,C,
3D25,diffdock,scored,0.01225,gnina v1.3.3 master:6fe1ce2   Built Jun 30 2026.,static_crystal_polymer,C,
3DAB,equibind,scored,0.00077,gnina v1.3.3 master:6fe1ce2   Built Jun 30 2026.,static_crystal_polymer,,
3DAB,diffdock,scored,0.02367,gnina v1.3.3 master:6fe1ce2   Built Jun 30 2026.,static_crystal_polymer,,
3DDA,equibind,scored,0.00076,gnina v1.3.3 master:6fe1ce2   Built Jun 30 2026.,static_crystal_polymer,B,
3DDA,diffdock,scored,0.21369,gnina v1.3.3 master:6fe1ce2   Built Jun 30 2026.,static_crystal_polymer,B,
3D3X,equibind,scored,0.00036,gnina v1.3.3 master:6fe1ce2   Built Jun 30 2026.,static_crystal_polymer,,
3D3X,diffdock,scored,0.52243,gnina v1.3.3 master:6fe1ce2   Built Jun 30 2026.,static_crystal_polymer,,
3DOW,equibind,scored,0.0,gnina v1.3.3 master:6fe1ce2   Built Jun 30 2026.,static_crystal_polymer,B,
3DOW,diffdock,scored,0.11758,gnina v1.3.3 master:6fe1ce2   Built Jun 30 2026.,static_crystal_polymer,B,
3DIW,equibind,scored,1e-05,gnina v1.3.3 master:6fe1ce2   Built Jun 30 2026.,static_crystal_polymer,C,
3DIW,diffdock,scored,0.14084,gnina v1.3.3 master:6fe1ce2   Built Jun 30 2026.,static_crystal_polymer,C,
3DPC,equibind,scored,3e-05,gnina v1.3.3 master:6fe1ce2   Built Jun 30 2026.,static_crystal_polymer,C,
3DPC,diffdock,scored,0.03606,gnina v1.3.3 master:6fe1ce2   Built Jun 30 2026.,static_crystal_polymer,C,
3DPO,equibind,scored,1e-05,gnina v1.3.3 master:6fe1ce2   Built Jun 30 2026.,static_crystal_polymer,C;D,
3DPO,diffdock,scored,0.00474,gnina v1.3.3 master:6fe1ce2   Built Jun 30 2026.,static_crystal_polymer,C;D,
3DRF,equibind,scored,0.0,gnina v1.3.3 master:6fe1ce2   Built Jun 30 2026.,static_crystal_polymer,,
3DRF,diffdock,scored,6e-05,gnina v1.3.3 master:6fe1ce2   Built Jun 30 2026.,static_crystal_polymer,,
3DRG,equibind,scored,0.0,gnina v1.3.3 master:6fe1ce2   Built Jun 30 2026.,static_crystal_polymer,,
3DRG,diffdock,scored,0.01132,gnina v1.3.3 master:6fe1ce2   Built Jun 30 2026.,static_crystal_polymer,,
3DS0,equibind,scored,0.0,gnina v1.3.3 master:6fe1ce2   Built Jun 30 2026.,static_crystal_polymer,B,
3DS0,diffdock,scored,0.01614,gnina v1.3.3 master:6fe1ce2   Built Jun 30 2026.,static_crystal_polymer,B,
3DS1,equibind,scored,0.0,gnina v1.3.3 master:6fe1ce2   Built Jun 30 2026.,static_crystal_polymer,B,
3DS1,diffdock,scored,0.0704,gnina v1.3.3 master:6fe1ce2   Built Jun 30 2026.,static_crystal_polymer,B,
3DRI,equibind,scored,2e-05,gnina v1.3.3 master:6fe1ce2   Built Jun 30 2026.,static_crystal_polymer,,
3DRI,diffdock,scored,0.09202,gnina v1.3.3 master:6fe1ce2   Built Jun 30 2026.,static_crystal_polymer,,
3DS3,equibind,scored,0.0,gnina v1.3.3 master:6fe1ce2   Built Jun 30 2026.,static_crystal_polymer,B;D,
3DS3,diffdock,scored,0.0735,gnina v1.3.3 master:6fe1ce2   Built Jun 30 2026.,static_crystal_polymer,B;D,
3E7A,equibind,scored,0.00069,gnina v1.3.3 master:6fe1ce2   Built Jun 30 2026.,static_crystal_polymer,C,
3E7A,diffdock,scored,0.0,gnina v1.3.3 master:6fe1ce2   Built Jun 30 2026.,static_crystal_polymer,C,
3DVP,equibind,scored,1e-05,gnina v1.3.3 master:6fe1ce2   Built Jun 30 2026.,static_crystal_polymer,C,
3DVP,diffdock,scored,0.25672,gnina v1.3.3 master:6fe1ce2   Built Jun 30 2026.,static_crystal_polymer,C,
3E8U,equibind,scored,0.00068,gnina v1.3.3 master:6fe1ce2   Built Jun 30 2026.,static_crystal_polymer,C,
3E8U,diffdock,scored,0.0312,gnina v1.3.3 master:6fe1ce2   Built Jun 30 2026.,static_crystal_polymer,C,
3DS4,equibind,scored,2e-05,gnina v1.3.3 master:6fe1ce2   Built Jun 30 2026.,static_crystal_polymer,C,
3DS4,diffdock,scored,0.07658,gnina v1.3.3 master:6fe1ce2   Built Jun 30 2026.,static_crystal_polymer,C,
3E1R,equibind,scored,0.0,gnina v1.3.3 master:6fe1ce2   Built Jun 30 2026.,static_crystal_polymer,C,
3E1R,diffdock,scored,0.00213,gnina v1.3.3 master:6fe1ce2   Built Jun 30 2026.,static_crystal_polymer,C,
3EMH,equibind,scored,0.00023,gnina v1.3.3 master:6fe1ce2   Built Jun 30 2026.,static_crystal_polymer,,
3EMH,diffdock,scored,0.00133,gnina v1.3.3 master:6fe1ce2   Built Jun 30 2026.,static_crystal_polymer,,
3EG6,equibind,scored,0.0,gnina v1.3.3 master:6fe1ce2   Built Jun 30 2026.,static_crystal_polymer,,
3EG6,diffdock,scored,0.09522,gnina v1.3.3 master:6fe1ce2   Built Jun 30 2026.,static_crystal_polymer,,
3EEB,equibind,scored,0.00027,gnina v1.3.3 master:6fe1ce2   Built Jun 30 2026.,static_crystal_polymer,,
3EEB,diffdock,scored,0.38857,gnina v1.3.3 master:6fe1ce2   Built Jun 30 2026.,static_crystal_polymer,,
3EHT,equibind,scored,0.0,gnina v1.3.3 master:6fe1ce2   Built Jun 30 2026.,static_crystal_polymer,B,
3EHT,diffdock,scored,0.02039,gnina v1.3.3 master:6fe1ce2   Built Jun 30 2026.,static_crystal_polymer,B,
3EHN,equibind,scored,0.0,gnina v1.3.3 master:6fe1ce2   Built Jun 30 2026.,static_crystal_polymer,C;D,
3EHN,diffdock,scored,0.62268,gnina v1.3.3 master:6fe1ce2   Built Jun 30 2026.,static_crystal_polymer,C;D,
3EOV,equibind,scored,0.0,gnina v1.3.3 master:6fe1ce2   Built Jun 30 2026.,static_crystal_polymer,C;D,
3EOV,diffdock,scored,0.00061,gnina v1.3.3 master:6fe1ce2   Built Jun 30 2026.,static_crystal_polymer,C;D,
3EQS,equibind,scored,0.0,gnina v1.3.3 master:6fe1ce2   Built Jun 30 2026.,static_crystal_polymer,B,
3EQS,diffdock,scored,0.03607,gnina v1.3.3 master:6fe1ce2   Built Jun 30 2026.,static_crystal_polymer,B,
3ER3,equibind,scored,0.00049,gnina v1.3.3 master:6fe1ce2   Built Jun 30 2026.,static_crystal_polymer,,
3ER3,diffdock,scored,0.14755,gnina v1.3.3 master:6fe1ce2   Built Jun 30 2026.,static_crystal_polymer,,
3ERY,equibind,scored,5e-05,gnina v1.3.3 master:6fe1ce2   Built Jun 30 2026.,static_crystal_polymer,C,
3ERY,diffdock,scored,0.17778,gnina v1.3.3 master:6fe1ce2   Built Jun 30 2026.,static_crystal_polymer,C,
3EU7,equibind,scored,0.0,gnina v1.3.3 master:6fe1ce2   Built Jun 30 2026.,static_crystal_polymer,B,
3EU7,diffdock,scored,0.01573,gnina v1.3.3 master:6fe1ce2   Built Jun 30 2026.,static_crystal_polymer,B,
3EYS,equibind,scored,0.0,gnina v1.3.3 master:6fe1ce2   Built Jun 30 2026.,static_crystal_polymer,,
3EYS,diffdock,scored,0.27241,gnina v1.3.3 master:6fe1ce2   Built Jun 30 2026.,static_crystal_polymer,,
3F5K,equibind,scored,0.0,gnina v1.3.3 master:6fe1ce2   Built Jun 30 2026.,static_crystal_polymer,C;D,
3F5K,diffdock,scored,0.11798,gnina v1.3.3 master:6fe1ce2   Built Jun 30 2026.,static_crystal_polymer,C;D,
3F5L,equibind,scored,0.0,gnina v1.3.3 master:6fe1ce2   Built Jun 30 2026.,static_crystal_polymer,C;D,
3F5L,diffdock,scored,0.58874,gnina v1.3.3 master:6fe1ce2   Built Jun 30 2026.,static_crystal_polymer,C;D,
3F5J,equibind,scored,0.0,gnina v1.3.3 master:6fe1ce2   Built Jun 30 2026.,static_crystal_polymer,C;D,
3F5J,diffdock,scored,0.31301,gnina v1.3.3 master:6fe1ce2   Built Jun 30 2026.,static_crystal_polymer,C;D,
3EYF,equibind,scored,0.0,gnina v1.3.3 master:6fe1ce2   Built Jun 30 2026.,static_crystal_polymer,E;F,
3EYF,diffdock,scored,0.00183,gnina v1.3.3 master:6fe1ce2   Built Jun 30 2026.,static_crystal_polymer,E;F,
3FBR,equibind,scored,5e-05,gnina v1.3.3 master:6fe1ce2   Built Jun 30 2026.,static_crystal_polymer,B,
3FBR,diffdock,scored,0.48331,gnina v1.3.3 master:6fe1ce2   Built Jun 30 2026.,static_crystal_polymer,B,
3FDT,equibind,scored,0.0,gnina v1.3.3 master:6fe1ce2   Built Jun 30 2026.,static_crystal_polymer,,
3FDT,diffdock,scored,0.00834,gnina v1.3.3 master:6fe1ce2   Built Jun 30 2026.,static_crystal_polymer,,
3F9W,equibind,scored,0.0,gnina v1.3.3 master:6fe1ce2   Built Jun 30 2026.,static_crystal_polymer,F;H,
3F9W,diffdock,scored,0.05396,gnina v1.3.3 master:6fe1ce2   Built Jun 30 2026.,static_crystal_polymer,F;H,
3F70,equibind,scored,0.00025,gnina v1.3.3 master:6fe1ce2   Built Jun 30 2026.,static_crystal_polymer,,
3F70,diffdock,scored,0.84463,gnina v1.3.3 master:6fe1ce2   Built Jun 30 2026.,static_crystal_polymer,,
3FN0,equibind,scored,1e-05,gnina v1.3.3 master:6fe1ce2   Built Jun 30 2026.,static_crystal_polymer,C,
3FN0,diffdock,scored,0.00146,gnina v1.3.3 master:6fe1ce2   Built Jun 30 2026.,static_crystal_polymer,C,
3FVH,equibind,scored,0.00038,gnina v1.3.3 master:6fe1ce2   Built Jun 30 2026.,static_crystal_polymer,B,
3FVH,diffdock,scored,0.18294,gnina v1.3.3 master:6fe1ce2   Built Jun 30 2026.,static_crystal_polymer,B,
3FT2,equibind,scored,0.00145,gnina v1.3.3 master:6fe1ce2   Built Jun 30 2026.,static_crystal_polymer,C,
3FT2,diffdock,scored,0.17897,gnina v1.3.3 master:6fe1ce2   Built Jun 30 2026.,static_crystal_polymer,C,
3FT3,equibind,scored,0.00017,gnina v1.3.3 master:6fe1ce2   Built Jun 30 2026.,static_crystal_polymer,C,
3FT3,diffdock,scored,0.14622,gnina v1.3.3 master:6fe1ce2   Built Jun 30 2026.,static_crystal_polymer,C,
3FT4,equibind,scored,0.00011,gnina v1.3.3 master:6fe1ce2   Built Jun 30 2026.,static_crystal_polymer,C,
3FT4,diffdock,scored,0.02808,gnina v1.3.3 master:6fe1ce2   Built Jun 30 2026.,static_crystal_polymer,C,
3FZY,equibind,scored,0.0,gnina v1.3.3 master:6fe1ce2   Built Jun 30 2026.,static_crystal_polymer,,
3FZY,diffdock,scored,0.36309,gnina v1.3.3 master:6fe1ce2   Built Jun 30 2026.,static_crystal_polymer,,
3G2S,equibind,scored,0.0,gnina v1.3.3 master:6fe1ce2   Built Jun 30 2026.,static_crystal_polymer,C;D,
3G2S,diffdock,scored,0.02707,gnina v1.3.3 master:6fe1ce2   Built Jun 30 2026.,static_crystal_polymer,C;D,
3G2T,equibind,scored,0.00129,gnina v1.3.3 master:6fe1ce2   Built Jun 30 2026.,static_crystal_polymer,C;D,
3G2T,diffdock,scored,0.03772,gnina v1.3.3 master:6fe1ce2   Built Jun 30 2026.,static_crystal_polymer,C;D,
3FWV,equibind,scored,0.00013,gnina v1.3.3 master:6fe1ce2   Built Jun 30 2026.,static_crystal_polymer,C;D,
3FWV,diffdock,scored,0.1185,gnina v1.3.3 master:6fe1ce2   Built Jun 30 2026.,static_crystal_polymer,C;D,
3G19,equibind,scored,2e-05,gnina v1.3.3 master:6fe1ce2   Built Jun 30 2026.,static_crystal_polymer,B,
3G19,diffdock,scored,0.4603,gnina v1.3.3 master:6fe1ce2   Built Jun 30 2026.,static_crystal_polymer,B,
3G2U,equibind,scored,0.0,gnina v1.3.3 master:6fe1ce2   Built Jun 30 2026.,static_crystal_polymer,C;D,
3G2U,diffdock,scored,0.03997,gnina v1.3.3 master:6fe1ce2   Built Jun 30 2026.,static_crystal_polymer,C;D,
3G5V,equibind,scored,0.00813,gnina v1.3.3 master:6fe1ce2   Built Jun 30 2026.,static_crystal_polymer,C,
3G5V,diffdock,scored,3e-05,gnina v1.3.3 master:6fe1ce2   Built Jun 30 2026.,static_crystal_polymer,C,
3G2W,equibind,scored,0.0,gnina v1.3.3 master:6fe1ce2   Built Jun 30 2026.,static_crystal_polymer,C,
3G2W,diffdock,scored,0.03443,gnina v1.3.3 master:6fe1ce2   Built Jun 30 2026.,static_crystal_polymer,C,
3G2V,equibind,scored,0.0,gnina v1.3.3 master:6fe1ce2   Built Jun 30 2026.,static_crystal_polymer,B,
3G2V,diffdock,scored,0.05564,gnina v1.3.3 master:6fe1ce2   Built Jun 30 2026.,static_crystal_polymer,B,
3G5Y,equibind,scored,1e-05,gnina v1.3.3 master:6fe1ce2   Built Jun 30 2026.,static_crystal_polymer,C,
3G5Y,diffdock,scored,5e-05,gnina v1.3.3 master:6fe1ce2   Built Jun 30 2026.,static_crystal_polymer,C,
3GDS,equibind,scored,9e-05,gnina v1.3.3 master:6fe1ce2   Built Jun 30 2026.,static_crystal_polymer,B,
3GDS,diffdock,scored,0.03853,gnina v1.3.3 master:6fe1ce2   Built Jun 30 2026.,static_crystal_polymer,B,
3GJS,equibind,scored,4e-05,gnina v1.3.3 master:6fe1ce2   Built Jun 30 2026.,static_crystal_polymer,E;F,
3GJS,diffdock,scored,0.15678,gnina v1.3.3 master:6fe1ce2   Built Jun 30 2026.,static_crystal_polymer,E;F,
3G7L,equibind,scored,0.0,gnina v1.3.3 master:6fe1ce2   Built Jun 30 2026.,static_crystal_polymer,,
3G7L,diffdock,scored,0.00256,gnina v1.3.3 master:6fe1ce2   Built Jun 30 2026.,static_crystal_polymer,,
3GJQ,equibind,scored,0.00012,gnina v1.3.3 master:6fe1ce2   Built Jun 30 2026.,static_crystal_polymer,E;F,
3GJQ,diffdock,scored,0.00685,gnina v1.3.3 master:6fe1ce2   Built Jun 30 2026.,static_crystal_polymer,E;F,
3GJT,equibind,scored,0.00957,gnina v1.3.3 master:6fe1ce2   Built Jun 30 2026.,static_crystal_polymer,E;F,
3GJT,diffdock,scored,0.11811,gnina v1.3.3 master:6fe1ce2   Built Jun 30 2026.,static_crystal_polymer,E;F,
3GV6,equibind,scored,0.00129,gnina v1.3.3 master:6fe1ce2   Built Jun 30 2026.,static_crystal_polymer,,
3GV6,diffdock,scored,0.00059,gnina v1.3.3 master:6fe1ce2   Built Jun 30 2026.,static_crystal_polymer,,
3GL6,equibind,scored,0.0,gnina v1.3.3 master:6fe1ce2   Built Jun 30 2026.,static_crystal_polymer,B,
3GL6,diffdock,scored,0.20164,gnina v1.3.3 master:6fe1ce2   Built Jun 30 2026.,static_crystal_polymer,B,
3GXY,equibind,scored,0.0,gnina v1.3.3 master:6fe1ce2   Built Jun 30 2026.,static_crystal_polymer,C,
3GXY,diffdock,scored,0.45614,gnina v1.3.3 master:6fe1ce2   Built Jun 30 2026.,static_crystal_polymer,C,
3FV3,equibind,scored,0.07123,gnina v1.3.3 master:6fe1ce2   Built Jun 30 2026.,static_crystal_polymer,B;D;F;H;J;L;N;P,
3FV3,diffdock,scored,0.38251,gnina v1.3.3 master:6fe1ce2   Built Jun 30 2026.,static_crystal_polymer,B;D;F;H;J;L;N;P,
3H91,equibind,scored,0.0,gnina v1.3.3 master:6fe1ce2   Built Jun 30 2026.,static_crystal_polymer,,
3H91,diffdock,scored,0.01077,gnina v1.3.3 master:6fe1ce2   Built Jun 30 2026.,static_crystal_polymer,,
3GXZ,equibind,scored,0.0,gnina v1.3.3 master:6fe1ce2   Built Jun 30 2026.,static_crystal_polymer,C,
3GXZ,diffdock,scored,0.02297,gnina v1.3.3 master:6fe1ce2   Built Jun 30 2026.,static_crystal_polymer,C,
3H1Z,equibind,scored,0.0007,gnina v1.3.3 master:6fe1ce2   Built Jun 30 2026.,static_crystal_polymer,B,
3H1Z,diffdock,scored,0.02362,gnina v1.3.3 master:6fe1ce2   Built Jun 30 2026.,static_crystal_polymer,B,
3H85,equibind,scored,0.0,gnina v1.3.3 master:6fe1ce2   Built Jun 30 2026.,static_crystal_polymer,B,
3H85,diffdock,scored,0.06569,gnina v1.3.3 master:6fe1ce2   Built Jun 30 2026.,static_crystal_polymer,B,
3H6Z,equibind,scored,0.00245,gnina v1.3.3 master:6fe1ce2   Built Jun 30 2026.,static_crystal_polymer,B;D,
3H6Z,diffdock,scored,0.10956,gnina v1.3.3 master:6fe1ce2   Built Jun 30 2026.,static_crystal_polymer,B;D,
3HLO,equibind,scored,0.00027,gnina v1.3.3 master:6fe1ce2   Built Jun 30 2026.,static_crystal_polymer,,
3HLO,diffdock,scored,0.50906,gnina v1.3.3 master:6fe1ce2   Built Jun 30 2026.,static_crystal_polymer,,
3HIK,equibind,scored,1e-05,gnina v1.3.3 master:6fe1ce2   Built Jun 30 2026.,static_crystal_polymer,B,
3HIK,diffdock,scored,0.03089,gnina v1.3.3 master:6fe1ce2   Built Jun 30 2026.,static_crystal_polymer,B,
3HKT,equibind,scored,0.16867,gnina v1.3.3 master:6fe1ce2   Built Jun 30 2026.,static_crystal_polymer,B,
3HKT,diffdock,scored,0.12767,gnina v1.3.3 master:6fe1ce2   Built Jun 30 2026.,static_crystal_polymer,B,
3HKN,equibind,scored,0.05612,gnina v1.3.3 master:6fe1ce2   Built Jun 30 2026.,static_crystal_polymer,B,
3HKN,diffdock,scored,0.10017,gnina v1.3.3 master:6fe1ce2   Built Jun 30 2026.,static_crystal_polymer,B,
3HG1,equibind,scored,0.0,gnina v1.3.3 master:6fe1ce2   Built Jun 30 2026.,static_crystal_polymer,C,
3HG1,diffdock,scored,0.00409,gnina v1.3.3 master:6fe1ce2   Built Jun 30 2026.,static_crystal_polymer,C,
3HZY,equibind,scored,0.00467,gnina v1.3.3 master:6fe1ce2   Built Jun 30 2026.,static_crystal_polymer,,
3HZY,diffdock,scored,0.07296,gnina v1.3.3 master:6fe1ce2   Built Jun 30 2026.,static_crystal_polymer,,
3HQH,equibind,scored,2e-05,gnina v1.3.3 master:6fe1ce2   Built Jun 30 2026.,static_crystal_polymer,B,
3HQH,diffdock,scored,0.11492,gnina v1.3.3 master:6fe1ce2   Built Jun 30 2026.,static_crystal_polymer,B,
3HZK,equibind,scored,0.16743,gnina v1.3.3 master:6fe1ce2   Built Jun 30 2026.,static_crystal_polymer,C,
3HZK,diffdock,scored,0.23347,gnina v1.3.3 master:6fe1ce2   Built Jun 30 2026.,static_crystal_polymer,C,
3HZV,equibind,scored,0.00116,gnina v1.3.3 master:6fe1ce2   Built Jun 30 2026.,static_crystal_polymer,,
3HZV,diffdock,scored,0.15733,gnina v1.3.3 master:6fe1ce2   Built Jun 30 2026.,static_crystal_polymer,,
3I02,equibind,scored,0.01061,gnina v1.3.3 master:6fe1ce2   Built Jun 30 2026.,static_crystal_polymer,,
3I02,diffdock,scored,0.1676,gnina v1.3.3 master:6fe1ce2   Built Jun 30 2026.,static_crystal_polymer,,
3I90,equibind,scored,5e-05,gnina v1.3.3 master:6fe1ce2   Built Jun 30 2026.,static_crystal_polymer,,
3I90,diffdock,scored,0.01178,gnina v1.3.3 master:6fe1ce2   Built Jun 30 2026.,static_crystal_polymer,,
3IBC,equibind,scored,0.0007,gnina v1.3.3 master:6fe1ce2   Built Jun 30 2026.,static_crystal_polymer,E;F,
3IBC,diffdock,scored,0.53547,gnina v1.3.3 master:6fe1ce2   Built Jun 30 2026.,static_crystal_polymer,E;F,
3I5R,equibind,scored,0.0,gnina v1.3.3 master:6fe1ce2   Built Jun 30 2026.,static_crystal_polymer,,
3I5R,diffdock,scored,0.00321,gnina v1.3.3 master:6fe1ce2   Built Jun 30 2026.,static_crystal_polymer,,
3I91,equibind,scored,3e-05,gnina v1.3.3 master:6fe1ce2   Built Jun 30 2026.,static_crystal_polymer,,
3I91,diffdock,scored,0.05406,gnina v1.3.3 master:6fe1ce2   Built Jun 30 2026.,static_crystal_polymer,,
3I8T,equibind,scored,0.13147,gnina v1.3.3 master:6fe1ce2   Built Jun 30 2026.,static_crystal_polymer,B,
3I8T,diffdock,scored,0.40671,gnina v1.3.3 master:6fe1ce2   Built Jun 30 2026.,static_crystal_polymer,B,
3IQG,equibind,scored,0.00623,gnina v1.3.3 master:6fe1ce2   Built Jun 30 2026.,static_crystal_polymer,B,
3IQG,diffdock,scored,0.45692,gnina v1.3.3 master:6fe1ce2   Built Jun 30 2026.,static_crystal_polymer,B,
3IIW,equibind,scored,5e-05,gnina v1.3.3 master:6fe1ce2   Built Jun 30 2026.,static_crystal_polymer,,
3IIW,diffdock,scored,0.00414,gnina v1.3.3 master:6fe1ce2   Built Jun 30 2026.,static_crystal_polymer,,
3IJY,equibind,scored,0.07227,gnina v1.3.3 master:6fe1ce2   Built Jun 30 2026.,static_crystal_polymer,E;F,
3IJY,diffdock,scored,0.20581,gnina v1.3.3 master:6fe1ce2   Built Jun 30 2026.,static_crystal_polymer,E;F,
3IET,equibind,scored,1e-05,gnina v1.3.3 master:6fe1ce2   Built Jun 30 2026.,static_crystal_polymer,,
3IET,diffdock,scored,0.00095,gnina v1.3.3 master:6fe1ce2   Built Jun 30 2026.,static_crystal_polymer,,
3IKC,equibind,scored,0.15879,gnina v1.3.3 master:6fe1ce2   Built Jun 30 2026.,static_crystal_polymer,E;F,
3IKC,diffdock,scored,0.45273,gnina v1.3.3 master:6fe1ce2   Built Jun 30 2026.,static_crystal_polymer,E;F,
3IQJ,equibind,scored,0.00024,gnina v1.3.3 master:6fe1ce2   Built Jun 30 2026.,static_crystal_polymer,B,
3IQJ,diffdock,scored,0.09112,gnina v1.3.3 master:6fe1ce2   Built Jun 30 2026.,static_crystal_polymer,B,
3IQU,equibind,scored,0.0002,gnina v1.3.3 master:6fe1ce2   Built Jun 30 2026.,static_crystal_polymer,B,
3IQU,diffdock,scored,0.12367,gnina v1.3.3 master:6fe1ce2   Built Jun 30 2026.,static_crystal_polymer,B,
3ISW,equibind,scored,0.0,gnina v1.3.3 master:6fe1ce2   Built Jun 30 2026.,static_crystal_polymer,,
3ISW,diffdock,scored,0.0034,gnina v1.3.3 master:6fe1ce2   Built Jun 30 2026.,static_crystal_polymer,,
3IQQ,equibind,scored,3e-05,gnina v1.3.3 master:6fe1ce2   Built Jun 30 2026.,static_crystal_polymer,,
3IQQ,diffdock,scored,0.28778,gnina v1.3.3 master:6fe1ce2   Built Jun 30 2026.,static_crystal_polymer,,
3IQI,equibind,scored,0.09899,gnina v1.3.3 master:6fe1ce2   Built Jun 30 2026.,static_crystal_polymer,B,
3IQI,diffdock,scored,0.38934,gnina v1.3.3 master:6fe1ce2   Built Jun 30 2026.,static_crystal_polymer,B,
3IVV,equibind,scored,0.00058,gnina v1.3.3 master:6fe1ce2   Built Jun 30 2026.,static_crystal_polymer,,
3JVK,equibind,scored,0.02255,gnina v1.3.3 master:6fe1ce2   Built Jun 30 2026.,static_crystal_polymer,,
3JVK,diffdock,scored,0.01204,gnina v1.3.3 master:6fe1ce2   Built Jun 30 2026.,static_crystal_polymer,,
3IVQ,equibind,scored,0.0,gnina v1.3.3 master:6fe1ce2   Built Jun 30 2026.,static_crystal_polymer,,
3IVQ,diffdock,scored,0.72026,gnina v1.3.3 master:6fe1ce2   Built Jun 30 2026.,static_crystal_polymer,,
3JYR,equibind,scored,0.00048,gnina v1.3.3 master:6fe1ce2   Built Jun 30 2026.,static_crystal_polymer,B,
3JYR,diffdock,scored,0.65538,gnina v1.3.3 master:6fe1ce2   Built Jun 30 2026.,static_crystal_polymer,B,
3JZG,equibind,scored,0.0001,gnina v1.3.3 master:6fe1ce2   Built Jun 30 2026.,static_crystal_polymer,,
3JZG,diffdock,scored,0.00439,gnina v1.3.3 master:6fe1ce2   Built Jun 30 2026.,static_crystal_polymer,,
3JZH,equibind,scored,0.0,gnina v1.3.3 master:6fe1ce2   Built Jun 30 2026.,static_crystal_polymer,,
3JZH,diffdock,scored,0.00185,gnina v1.3.3 master:6fe1ce2   Built Jun 30 2026.,static_crystal_polymer,,
3JZR,equibind,scored,0.0,gnina v1.3.3 master:6fe1ce2   Built Jun 30 2026.,static_crystal_polymer,B,
3JZR,diffdock,scored,0.02043,gnina v1.3.3 master:6fe1ce2   Built Jun 30 2026.,static_crystal_polymer,B,
3JZP,equibind,scored,0.0,gnina v1.3.3 master:6fe1ce2   Built Jun 30 2026.,static_crystal_polymer,B,
3JZP,diffdock,scored,0.01627,gnina v1.3.3 master:6fe1ce2   Built Jun 30 2026.,static_crystal_polymer,B,
3JZJ,equibind,scored,0.00079,gnina v1.3.3 master:6fe1ce2   Built Jun 30 2026.,static_crystal_polymer,B,
3JZJ,diffdock,scored,0.48311,gnina v1.3.3 master:6fe1ce2   Built Jun 30 2026.,static_crystal_polymer,B,
3JZO,equibind,scored,0.0,gnina v1.3.3 master:6fe1ce2   Built Jun 30 2026.,static_crystal_polymer,B,
3JZO,diffdock,scored,0.0128,gnina v1.3.3 master:6fe1ce2   Built Jun 30 2026.,static_crystal_polymer,B,
3JZQ,equibind,scored,2e-05,gnina v1.3.3 master:6fe1ce2   Built Jun 30 2026.,static_crystal_polymer,B;D,
3JZQ,diffdock,scored,0.02873,gnina v1.3.3 master:6fe1ce2   Built Jun 30 2026.,static_crystal_polymer,B;D,
3K27,equibind,scored,5e-05,gnina v1.3.3 master:6fe1ce2   Built Jun 30 2026.,static_crystal_polymer,,
3K27,diffdock,scored,0.00066,gnina v1.3.3 master:6fe1ce2   Built Jun 30 2026.,static_crystal_polymer,,
3K00,equibind,scored,0.00082,gnina v1.3.3 master:6fe1ce2   Built Jun 30 2026.,static_crystal_polymer,B,
3K00,diffdock,scored,0.33902,gnina v1.3.3 master:6fe1ce2   Built Jun 30 2026.,static_crystal_polymer,B,
3JZS,equibind,scored,0.0,gnina v1.3.3 master:6fe1ce2   Built Jun 30 2026.,static_crystal_polymer,B,
3JZS,diffdock,scored,0.00119,gnina v1.3.3 master:6fe1ce2   Built Jun 30 2026.,static_crystal_polymer,B,
3K26,equibind,scored,0.0042,gnina v1.3.3 master:6fe1ce2   Built Jun 30 2026.,static_crystal_polymer,,
3K26,diffdock,scored,0.00185,gnina v1.3.3 master:6fe1ce2   Built Jun 30 2026.,static_crystal_polymer,,
3KA2,equibind,scored,1e-05,gnina v1.3.3 master:6fe1ce2   Built Jun 30 2026.,static_crystal_polymer,,
3KA2,diffdock,scored,0.57435,gnina v1.3.3 master:6fe1ce2   Built Jun 30 2026.,static_crystal_polymer,,
3KD7,equibind,scored,0.06586,gnina v1.3.3 master:6fe1ce2   Built Jun 30 2026.,static_crystal_polymer,F;G;H;I;J,
3KD7,diffdock,scored,0.00995,gnina v1.3.3 master:6fe1ce2   Built Jun 30 2026.,static_crystal_polymer,F;G;H;I;J,
3K3E,equibind,scored,0.01095,gnina v1.3.3 master:6fe1ce2   Built Jun 30 2026.,static_crystal_polymer,,
3K3E,diffdock,scored,0.47267,gnina v1.3.3 master:6fe1ce2   Built Jun 30 2026.,static_crystal_polymer,,
3K3H,equibind,scored,0.01811,gnina v1.3.3 master:6fe1ce2   Built Jun 30 2026.,static_crystal_polymer,,
3K3H,diffdock,scored,0.45121,gnina v1.3.3 master:6fe1ce2   Built Jun 30 2026.,static_crystal_polymer,,
3K4Q,equibind,scored,0.00183,gnina v1.3.3 master:6fe1ce2   Built Jun 30 2026.,static_crystal_polymer,,
3K4Q,diffdock,scored,0.23132,gnina v1.3.3 master:6fe1ce2   Built Jun 30 2026.,static_crystal_polymer,,
3KYF,equibind,scored,0.00122,gnina v1.3.3 master:6fe1ce2   Built Jun 30 2026.,static_crystal_polymer,,
3KYF,diffdock,scored,0.59844,gnina v1.3.3 master:6fe1ce2   Built Jun 30 2026.,static_crystal_polymer,,
3L3X,equibind,scored,0.0,gnina v1.3.3 master:6fe1ce2   Built Jun 30 2026.,static_crystal_polymer,,
3L3X,diffdock,scored,0.04734,gnina v1.3.3 master:6fe1ce2   Built Jun 30 2026.,static_crystal_polymer,,
3L6F,equibind,scored,0.0,gnina v1.3.3 master:6fe1ce2   Built Jun 30 2026.,static_crystal_polymer,C,
3L6F,diffdock,scored,0.04376,gnina v1.3.3 master:6fe1ce2   Built Jun 30 2026.,static_crystal_polymer,C,
3KYG,equibind,scored,0.17179,gnina v1.3.3 master:6fe1ce2   Built Jun 30 2026.,static_crystal_polymer,,
3KYG,diffdock,scored,0.2685,gnina v1.3.3 master:6fe1ce2   Built Jun 30 2026.,static_crystal_polymer,,
3LPR,equibind,scored,0.00701,gnina v1.3.3 master:6fe1ce2   Built Jun 30 2026.,static_crystal_polymer,B,
3LPR,diffdock,scored,0.27397,gnina v1.3.3 master:6fe1ce2   Built Jun 30 2026.,static_crystal_polymer,B,
3LL8,equibind,scored,0.0,gnina v1.3.3 master:6fe1ce2   Built Jun 30 2026.,static_crystal_polymer,A,
3LL8,diffdock,scored,0.05432,gnina v1.3.3 master:6fe1ce2   Built Jun 30 2026.,static_crystal_polymer,A,
3L6X,equibind,scored,0.0001,gnina v1.3.3 master:6fe1ce2   Built Jun 30 2026.,static_crystal_polymer,,
3L6X,diffdock,scored,0.04891,gnina v1.3.3 master:6fe1ce2   Built Jun 30 2026.,static_crystal_polymer,,
3LGL,equibind,scored,0.01128,gnina v1.3.3 master:6fe1ce2   Built Jun 30 2026.,static_crystal_polymer,,
3LGL,diffdock,scored,0.00069,gnina v1.3.3 master:6fe1ce2   Built Jun 30 2026.,static_crystal_polymer,,
3LNZ,equibind,scored,0.00014,gnina v1.3.3 master:6fe1ce2   Built Jun 30 2026.,static_crystal_polymer,,
3LNZ,diffdock,scored,0.02942,gnina v1.3.3 master:6fe1ce2   Built Jun 30 2026.,static_crystal_polymer,,
3M53,equibind,scored,0.0075,gnina v1.3.3 master:6fe1ce2   Built Jun 30 2026.,static_crystal_polymer,,
3M53,diffdock,scored,0.00012,gnina v1.3.3 master:6fe1ce2   Built Jun 30 2026.,static_crystal_polymer,,
3LQJ,equibind,scored,5e-05,gnina v1.3.3 master:6fe1ce2   Built Jun 30 2026.,static_crystal_polymer,,
3LQJ,diffdock,scored,6e-05,gnina v1.3.3 master:6fe1ce2   Built Jun 30 2026.,static_crystal_polymer,,
3LRH,equibind,scored,0.0,gnina v1.3.3 master:6fe1ce2   Built Jun 30 2026.,static_crystal_polymer,B;D;F;H;J;L;N;P,
3LRH,diffdock,scored,0.0275,gnina v1.3.3 master:6fe1ce2   Built Jun 30 2026.,static_crystal_polymer,B;D;F;H;J;L;N;P,
3M54,equibind,scored,4e-05,gnina v1.3.3 master:6fe1ce2   Built Jun 30 2026.,static_crystal_polymer,,
3M54,diffdock,scored,0.00169,gnina v1.3.3 master:6fe1ce2   Built Jun 30 2026.,static_crystal_polymer,,
3M55,equibind,scored,0.00032,gnina v1.3.3 master:6fe1ce2   Built Jun 30 2026.,static_crystal_polymer,,
3M55,diffdock,scored,3e-05,gnina v1.3.3 master:6fe1ce2   Built Jun 30 2026.,static_crystal_polymer,,
3M59,equibind,scored,0.00053,gnina v1.3.3 master:6fe1ce2   Built Jun 30 2026.,static_crystal_polymer,,
3M59,diffdock,scored,4e-05,gnina v1.3.3 master:6fe1ce2   Built Jun 30 2026.,static_crystal_polymer,,
3M57,equibind,scored,5e-05,gnina v1.3.3 master:6fe1ce2   Built Jun 30 2026.,static_crystal_polymer,,
3M57,diffdock,scored,0.28735,gnina v1.3.3 master:6fe1ce2   Built Jun 30 2026.,static_crystal_polymer,,
3M58,equibind,scored,7e-05,gnina v1.3.3 master:6fe1ce2   Built Jun 30 2026.,static_crystal_polymer,,
3M58,diffdock,scored,4e-05,gnina v1.3.3 master:6fe1ce2   Built Jun 30 2026.,static_crystal_polymer,,
3M3R,equibind,scored,0.00059,gnina v1.3.3 master:6fe1ce2   Built Jun 30 2026.,static_crystal_polymer,H;I,
3M3R,diffdock,scored,0.06251,gnina v1.3.3 master:6fe1ce2   Built Jun 30 2026.,static_crystal_polymer,H;I,
3MBP,equibind,scored,0.00431,gnina v1.3.3 master:6fe1ce2   Built Jun 30 2026.,static_crystal_polymer,B,
3MBP,diffdock,scored,0.53542,gnina v1.3.3 master:6fe1ce2   Built Jun 30 2026.,static_crystal_polymer,B,
3M5A,equibind,scored,0.0,gnina v1.3.3 master:6fe1ce2   Built Jun 30 2026.,static_crystal_polymer,,
3M5A,diffdock,scored,0.0,gnina v1.3.3 master:6fe1ce2   Built Jun 30 2026.,static_crystal_polymer,,
3ME9,equibind,scored,9e-05,gnina v1.3.3 master:6fe1ce2   Built Jun 30 2026.,static_crystal_polymer,,
3ME9,diffdock,scored,0.00519,gnina v1.3.3 master:6fe1ce2   Built Jun 30 2026.,static_crystal_polymer,,
3MUK,equibind,scored,0.00074,gnina v1.3.3 master:6fe1ce2   Built Jun 30 2026.,static_crystal_polymer,,
3MUK,diffdock,scored,0.0089,gnina v1.3.3 master:6fe1ce2   Built Jun 30 2026.,static_crystal_polymer,,
3MXC,equibind,scored,0.00059,gnina v1.3.3 master:6fe1ce2   Built Jun 30 2026.,static_crystal_polymer,B,
3MXC,diffdock,scored,0.22857,gnina v1.3.3 master:6fe1ce2   Built Jun 30 2026.,static_crystal_polymer,B,
3MP1,equibind,scored,3e-05,gnina v1.3.3 master:6fe1ce2   Built Jun 30 2026.,static_crystal_polymer,,
3MP1,diffdock,scored,0.00166,gnina v1.3.3 master:6fe1ce2   Built Jun 30 2026.,static_crystal_polymer,,
3MEA,equibind,scored,9e-05,gnina v1.3.3 master:6fe1ce2   Built Jun 30 2026.,static_crystal_polymer,,
3MEA,diffdock,scored,0.0026,gnina v1.3.3 master:6fe1ce2   Built Jun 30 2026.,static_crystal_polymer,,
3MP6,equibind,scored,0.00011,gnina v1.3.3 master:6fe1ce2   Built Jun 30 2026.,static_crystal_polymer,,
3MP6,diffdock,scored,0.01376,gnina v1.3.3 master:6fe1ce2   Built Jun 30 2026.,static_crystal_polymer,,
3N5U,equibind,scored,9e-05,gnina v1.3.3 master:6fe1ce2   Built Jun 30 2026.,static_crystal_polymer,,
3N5U,diffdock,scored,0.33901,gnina v1.3.3 master:6fe1ce2   Built Jun 30 2026.,static_crystal_polymer,,
3NFK,equibind,scored,0.0,gnina v1.3.3 master:6fe1ce2   Built Jun 30 2026.,static_crystal_polymer,C,
3NFK,diffdock,scored,0.35813,gnina v1.3.3 master:6fe1ce2   Built Jun 30 2026.,static_crystal_polymer,C,
3NFL,equibind,scored,0.01799,gnina v1.3.3 master:6fe1ce2   Built Jun 30 2026.,static_crystal_polymer,E;F;G;H,
3NFL,diffdock,scored,0.44934,gnina v1.3.3 master:6fe1ce2   Built Jun 30 2026.,static_crystal_polymer,E;F;G;H,
3NG4,equibind,scored,0.00193,gnina v1.3.3 master:6fe1ce2   Built Jun 30 2026.,static_crystal_polymer,E,
3NG4,diffdock,scored,0.11398,gnina v1.3.3 master:6fe1ce2   Built Jun 30 2026.,static_crystal_polymer,E,
3NII,equibind,scored,0.01576,gnina v1.3.3 master:6fe1ce2   Built Jun 30 2026.,static_crystal_polymer,,
3NII,diffdock,scored,0.26033,gnina v1.3.3 master:6fe1ce2   Built Jun 30 2026.,static_crystal_polymer,,
3NIJ,equibind,scored,0.19752,gnina v1.3.3 master:6fe1ce2   Built Jun 30 2026.,static_crystal_polymer,,
3NIJ,diffdock,scored,0.08817,gnina v1.3.3 master:6fe1ce2   Built Jun 30 2026.,static_crystal_polymer,,
3NIK,equibind,scored,0.00094,gnina v1.3.3 master:6fe1ce2   Built Jun 30 2026.,static_crystal_polymer,E,
3NIK,diffdock,scored,0.03378,gnina v1.3.3 master:6fe1ce2   Built Jun 30 2026.,static_crystal_polymer,E,
3NIL,equibind,scored,0.00502,gnina v1.3.3 master:6fe1ce2   Built Jun 30 2026.,static_crystal_polymer,,
3NIL,diffdock,scored,0.22461,gnina v1.3.3 master:6fe1ce2   Built Jun 30 2026.,static_crystal_polymer,,
3NHT,equibind,scored,0.00134,gnina v1.3.3 master:6fe1ce2   Built Jun 30 2026.,static_crystal_polymer,,
3NHT,diffdock,scored,0.3136,gnina v1.3.3 master:6fe1ce2   Built Jun 30 2026.,static_crystal_polymer,,
3NIM,equibind,scored,0.00018,gnina v1.3.3 master:6fe1ce2   Built Jun 30 2026.,static_crystal_polymer,E,
3NIM,diffdock,scored,0.70795,gnina v1.3.3 master:6fe1ce2   Built Jun 30 2026.,static_crystal_polymer,E,
3NIN,equibind,scored,0.00032,gnina v1.3.3 master:6fe1ce2   Built Jun 30 2026.,static_crystal_polymer,,
3NIN,diffdock,scored,0.03917,gnina v1.3.3 master:6fe1ce2   Built Jun 30 2026.,static_crystal_polymer,,
3NSN,equibind,scored,1e-05,gnina v1.3.3 master:6fe1ce2   Built Jun 30 2026.,static_crystal_polymer,B,
3NSN,diffdock,scored,0.40758,gnina v1.3.3 master:6fe1ce2   Built Jun 30 2026.,static_crystal_polymer,B,
3NW3,equibind,scored,5e-05,gnina v1.3.3 master:6fe1ce2   Built Jun 30 2026.,static_crystal_polymer,,
3NW3,diffdock,scored,0.17684,gnina v1.3.3 master:6fe1ce2   Built Jun 30 2026.,static_crystal_polymer,,
3KRD,equibind,scored,0.11423,gnina v1.3.3 master:6fe1ce2   Built Jun 30 2026.,static_crystal_polymer,,
3NY3,equibind,scored,1e-05,gnina v1.3.3 master:6fe1ce2   Built Jun 30 2026.,static_crystal_polymer,,
3NY3,diffdock,scored,0.01851,gnina v1.3.3 master:6fe1ce2   Built Jun 30 2026.,static_crystal_polymer,,
3O1E,equibind,scored,1e-05,gnina v1.3.3 master:6fe1ce2   Built Jun 30 2026.,static_crystal_polymer,,
3O1E,diffdock,scored,0.00662,gnina v1.3.3 master:6fe1ce2   Built Jun 30 2026.,static_crystal_polymer,,
3NZI,equibind,scored,0.00907,gnina v1.3.3 master:6fe1ce2   Built Jun 30 2026.,static_crystal_polymer,B,
3NZI,diffdock,scored,0.0662,gnina v1.3.3 master:6fe1ce2   Built Jun 30 2026.,static_crystal_polymer,B,
3O1D,equibind,scored,0.0,gnina v1.3.3 master:6fe1ce2   Built Jun 30 2026.,static_crystal_polymer,,
3O1D,diffdock,scored,0.20605,gnina v1.3.3 master:6fe1ce2   Built Jun 30 2026.,static_crystal_polymer,,
3O4L,equibind,scored,0.00044,gnina v1.3.3 master:6fe1ce2   Built Jun 30 2026.,static_crystal_polymer,C,
3O4L,diffdock,scored,0.0481,gnina v1.3.3 master:6fe1ce2   Built Jun 30 2026.,static_crystal_polymer,C,
3O6M,equibind,scored,1e-05,gnina v1.3.3 master:6fe1ce2   Built Jun 30 2026.,static_crystal_polymer,,
3O6M,diffdock,scored,0.00164,gnina v1.3.3 master:6fe1ce2   Built Jun 30 2026.,static_crystal_polymer,,
3O6L,equibind,scored,0.00012,gnina v1.3.3 master:6fe1ce2   Built Jun 30 2026.,static_crystal_polymer,,
3O6L,diffdock,scored,0.00306,gnina v1.3.3 master:6fe1ce2   Built Jun 30 2026.,static_crystal_polymer,,
3OBQ,equibind,scored,0.0,gnina v1.3.3 master:6fe1ce2   Built Jun 30 2026.,static_crystal_polymer,B,
3OBQ,diffdock,scored,0.09386,gnina v1.3.3 master:6fe1ce2   Built Jun 30 2026.,static_crystal_polymer,B,
3OB0,equibind,scored,0.28467,gnina v1.3.3 master:6fe1ce2   Built Jun 30 2026.,static_crystal_polymer,E;F,
3OB0,diffdock,scored,0.03919,gnina v1.3.3 master:6fe1ce2   Built Jun 30 2026.,static_crystal_polymer,E;F,
3O0E,equibind,scored,7e-05,gnina v1.3.3 master:6fe1ce2   Built Jun 30 2026.,static_crystal_polymer,,
3O0E,diffdock,scored,0.01531,gnina v1.3.3 master:6fe1ce2   Built Jun 30 2026.,static_crystal_polymer,,
3OBU,equibind,scored,0.00086,gnina v1.3.3 master:6fe1ce2   Built Jun 30 2026.,static_crystal_polymer,B,
3OBU,diffdock,scored,0.07321,gnina v1.3.3 master:6fe1ce2   Built Jun 30 2026.,static_crystal_polymer,B,
3OBX,equibind,scored,4e-05,gnina v1.3.3 master:6fe1ce2   Built Jun 30 2026.,static_crystal_polymer,B,
3OBX,diffdock,scored,0.17492,gnina v1.3.3 master:6fe1ce2   Built Jun 30 2026.,static_crystal_polymer,B,
3OKP,equibind,scored,2e-05,gnina v1.3.3 master:6fe1ce2   Built Jun 30 2026.,static_crystal_polymer,,
3OKP,diffdock,scored,0.80023,gnina v1.3.3 master:6fe1ce2   Built Jun 30 2026.,static_crystal_polymer,,
3OLD,equibind,scored,0.00013,gnina v1.3.3 master:6fe1ce2   Built Jun 30 2026.,static_crystal_polymer,,
3OLD,diffdock,scored,0.31365,gnina v1.3.3 master:6fe1ce2   Built Jun 30 2026.,static_crystal_polymer,,
3OLE,equibind,scored,2e-05,gnina v1.3.3 master:6fe1ce2   Built Jun 30 2026.,static_crystal_polymer,,
3OLE,diffdock,scored,0.60714,gnina v1.3.3 master:6fe1ce2   Built Jun 30 2026.,static_crystal_polymer,,
3ODI,equibind,scored,0.04024,gnina v1.3.3 master:6fe1ce2   Built Jun 30 2026.,static_crystal_polymer,B;D;F;H;J;L;N;P;R;T,
3ODI,diffdock,scored,9e-05,gnina v1.3.3 master:6fe1ce2   Built Jun 30 2026.,static_crystal_polymer,B;D;F;H;J;L;N;P;R;T,
3ODL,equibind,scored,0.04373,gnina v1.3.3 master:6fe1ce2   Built Jun 30 2026.,static_crystal_polymer,B;D;F;H;J;L;N;P;R;T,
3ODL,diffdock,scored,0.00019,gnina v1.3.3 master:6fe1ce2   Built Jun 30 2026.,static_crystal_polymer,B;D;F;H;J;L;N;P;R;T,
3OLI,equibind,scored,1e-05,gnina v1.3.3 master:6fe1ce2   Built Jun 30 2026.,static_crystal_polymer,,
3OLI,diffdock,scored,0.60105,gnina v1.3.3 master:6fe1ce2   Built Jun 30 2026.,static_crystal_polymer,,
3OLG,equibind,scored,0.0,gnina v1.3.3 master:6fe1ce2   Built Jun 30 2026.,static_crystal_polymer,,
3OLG,diffdock,scored,0.62938,gnina v1.3.3 master:6fe1ce2   Built Jun 30 2026.,static_crystal_polymer,,
3OVE,equibind,scored,0.00036,gnina v1.3.3 master:6fe1ce2   Built Jun 30 2026.,static_crystal_polymer,B,
3OVE,diffdock,scored,0.07066,gnina v1.3.3 master:6fe1ce2   Built Jun 30 2026.,static_crystal_polymer,B,
3OY8,equibind,scored,0.00334,gnina v1.3.3 master:6fe1ce2   Built Jun 30 2026.,static_crystal_polymer,C;D,
3OY8,diffdock,scored,0.3636,gnina v1.3.3 master:6fe1ce2   Built Jun 30 2026.,static_crystal_polymer,C;D,
3OQ5,equibind,scored,0.12106,gnina v1.3.3 master:6fe1ce2   Built Jun 30 2026.,static_crystal_polymer,,
3OQ5,diffdock,scored,0.00675,gnina v1.3.3 master:6fe1ce2   Built Jun 30 2026.,static_crystal_polymer,,
3OYP,equibind,scored,1e-05,gnina v1.3.3 master:6fe1ce2   Built Jun 30 2026.,static_crystal_polymer,E;F,
3OYP,diffdock,scored,0.49606,gnina v1.3.3 master:6fe1ce2   Built Jun 30 2026.,static_crystal_polymer,E;F,
3P9H,equibind,scored,0.0,gnina v1.3.3 master:6fe1ce2   Built Jun 30 2026.,static_crystal_polymer,B,
3P9H,diffdock,scored,0.00375,gnina v1.3.3 master:6fe1ce2   Built Jun 30 2026.,static_crystal_polymer,B,
3OYW,equibind,scored,0.0004,gnina v1.3.3 master:6fe1ce2   Built Jun 30 2026.,static_crystal_polymer,C;D,
3OYW,diffdock,scored,0.52169,gnina v1.3.3 master:6fe1ce2   Built Jun 30 2026.,static_crystal_polymer,C;D,
3P4F,equibind,scored,0.0,gnina v1.3.3 master:6fe1ce2   Built Jun 30 2026.,static_crystal_polymer,B,
3P4F,diffdock,scored,0.10126,gnina v1.3.3 master:6fe1ce2   Built Jun 30 2026.,static_crystal_polymer,B,
3P9L,equibind,scored,0.00042,gnina v1.3.3 master:6fe1ce2   Built Jun 30 2026.,static_crystal_polymer,C;F,
3P9L,diffdock,scored,0.03622,gnina v1.3.3 master:6fe1ce2   Built Jun 30 2026.,static_crystal_polymer,C;F,
3P9M,equibind,scored,0.00029,gnina v1.3.3 master:6fe1ce2   Built Jun 30 2026.,static_crystal_polymer,C;F,
3P9M,diffdock,scored,0.10646,gnina v1.3.3 master:6fe1ce2   Built Jun 30 2026.,static_crystal_polymer,C;F,
3PAB,equibind,scored,0.0,gnina v1.3.3 master:6fe1ce2   Built Jun 30 2026.,static_crystal_polymer,C;F,
3PAB,diffdock,scored,0.08201,gnina v1.3.3 master:6fe1ce2   Built Jun 30 2026.,static_crystal_polymer,C;F,
3PQZ,equibind,scored,7e-05,gnina v1.3.3 master:6fe1ce2   Built Jun 30 2026.,static_crystal_polymer,,
3PQZ,diffdock,scored,0.01863,gnina v1.3.3 master:6fe1ce2   Built Jun 30 2026.,static_crystal_polymer,,
3POA,equibind,scored,9e-05,gnina v1.3.3 master:6fe1ce2   Built Jun 30 2026.,static_crystal_polymer,,
3POA,diffdock,scored,0.1012,gnina v1.3.3 master:6fe1ce2   Built Jun 30 2026.,static_crystal_polymer,,
3PDH,equibind,scored,0.0,gnina v1.3.3 master:6fe1ce2   Built Jun 30 2026.,static_crystal_polymer,,
3PDH,diffdock,scored,0.0,gnina v1.3.3 master:6fe1ce2   Built Jun 30 2026.,static_crystal_polymer,,
3PKN,equibind,scored,1e-05,gnina v1.3.3 master:6fe1ce2   Built Jun 30 2026.,static_crystal_polymer,,
3PKN,diffdock,scored,0.00015,gnina v1.3.3 master:6fe1ce2   Built Jun 30 2026.,static_crystal_polymer,,
3Q5U,equibind,scored,0.00025,gnina v1.3.3 master:6fe1ce2   Built Jun 30 2026.,static_crystal_polymer,,
3Q5U,diffdock,scored,0.18308,gnina v1.3.3 master:6fe1ce2   Built Jun 30 2026.,static_crystal_polymer,,
3PSL,equibind,scored,0.00084,gnina v1.3.3 master:6fe1ce2   Built Jun 30 2026.,static_crystal_polymer,,
3PSL,diffdock,scored,0.00195,gnina v1.3.3 master:6fe1ce2   Built Jun 30 2026.,static_crystal_polymer,,
3Q4K,equibind,scored,0.12525,gnina v1.3.3 master:6fe1ce2   Built Jun 30 2026.,static_crystal_polymer,C;D,
3Q4K,diffdock,scored,0.08129,gnina v1.3.3 master:6fe1ce2   Built Jun 30 2026.,static_crystal_polymer,C;D,
3Q4L,equibind,scored,0.20502,gnina v1.3.3 master:6fe1ce2   Built Jun 30 2026.,static_crystal_polymer,C;D,
3Q4L,diffdock,scored,0.08077,gnina v1.3.3 master:6fe1ce2   Built Jun 30 2026.,static_crystal_polymer,C;D,
3PUK,equibind,scored,0.0,gnina v1.3.3 master:6fe1ce2   Built Jun 30 2026.,static_crystal_polymer,,
3PUK,diffdock,scored,0.19197,gnina v1.3.3 master:6fe1ce2   Built Jun 30 2026.,static_crystal_polymer,,
3Q4J,equibind,scored,4e-05,gnina v1.3.3 master:6fe1ce2   Built Jun 30 2026.,static_crystal_polymer,G;H;I;J;K,
3Q4J,diffdock,scored,0.46048,gnina v1.3.3 master:6fe1ce2   Built Jun 30 2026.,static_crystal_polymer,G;H;I;J;K,
3Q8D,equibind,scored,0.00975,gnina v1.3.3 master:6fe1ce2   Built Jun 30 2026.,static_crystal_polymer,C;D,
3Q8D,diffdock,scored,0.33764,gnina v1.3.3 master:6fe1ce2   Built Jun 30 2026.,static_crystal_polymer,C;D,
3Q6S,equibind,scored,0.0,gnina v1.3.3 master:6fe1ce2   Built Jun 30 2026.,static_crystal_polymer,,
3Q6S,diffdock,scored,0.02007,gnina v1.3.3 master:6fe1ce2   Built Jun 30 2026.,static_crystal_polymer,,
3QG6,equibind,scored,1e-05,gnina v1.3.3 master:6fe1ce2   Built Jun 30 2026.,static_crystal_polymer,F,
3QG6,diffdock,scored,0.27446,gnina v1.3.3 master:6fe1ce2   Built Jun 30 2026.,static_crystal_polymer,F,
3QFD,equibind,scored,0.00026,gnina v1.3.3 master:6fe1ce2   Built Jun 30 2026.,static_crystal_polymer,C;F,
3QFD,diffdock,scored,0.07524,gnina v1.3.3 master:6fe1ce2   Built Jun 30 2026.,static_crystal_polymer,C;F,
3QL9,equibind,scored,0.0,gnina v1.3.3 master:6fe1ce2   Built Jun 30 2026.,static_crystal_polymer,,
3QL9,diffdock,scored,0.00022,gnina v1.3.3 master:6fe1ce2   Built Jun 30 2026.,static_crystal_polymer,,
3QLC,equibind,scored,0.01504,gnina v1.3.3 master:6fe1ce2   Built Jun 30 2026.,static_crystal_polymer,,
3QLC,diffdock,scored,0.24667,gnina v1.3.3 master:6fe1ce2   Built Jun 30 2026.,static_crystal_polymer,,
3QMK,equibind,scored,0.0,gnina v1.3.3 master:6fe1ce2   Built Jun 30 2026.,static_crystal_polymer,,
3QMK,diffdock,scored,0.04183,gnina v1.3.3 master:6fe1ce2   Built Jun 30 2026.,static_crystal_polymer,,
3QI3,equibind,scored,0.03531,gnina v1.3.3 master:6fe1ce2   Built Jun 30 2026.,static_crystal_polymer,,
3QI3,diffdock,scored,0.59852,gnina v1.3.3 master:6fe1ce2   Built Jun 30 2026.,static_crystal_polymer,,
3QNJ,equibind,scored,0.0,gnina v1.3.3 master:6fe1ce2   Built Jun 30 2026.,static_crystal_polymer,,
3QNJ,diffdock,scored,0.05769,gnina v1.3.3 master:6fe1ce2   Built Jun 30 2026.,static_crystal_polymer,,
3QZT,equibind,scored,0.0,gnina v1.3.3 master:6fe1ce2   Built Jun 30 2026.,static_crystal_polymer,,
3QZT,diffdock,scored,0.00203,gnina v1.3.3 master:6fe1ce2   Built Jun 30 2026.,static_crystal_polymer,,
3QO2,equibind,scored,0.0,gnina v1.3.3 master:6fe1ce2   Built Jun 30 2026.,static_crystal_polymer,,
3QO2,diffdock,scored,0.00604,gnina v1.3.3 master:6fe1ce2   Built Jun 30 2026.,static_crystal_polymer,,
3QZV,equibind,scored,4e-05,gnina v1.3.3 master:6fe1ce2   Built Jun 30 2026.,static_crystal_polymer,,
3QZV,diffdock,scored,0.33006,gnina v1.3.3 master:6fe1ce2   Built Jun 30 2026.,static_crystal_polymer,,
3QW6,equibind,scored,0.00081,gnina v1.3.3 master:6fe1ce2   Built Jun 30 2026.,static_crystal_polymer,B,
3QW6,diffdock,scored,0.80111,gnina v1.3.3 master:6fe1ce2   Built Jun 30 2026.,static_crystal_polymer,B,
3QW8,equibind,scored,0.34104,gnina v1.3.3 master:6fe1ce2   Built Jun 30 2026.,static_crystal_polymer,B,
3QW8,diffdock,scored,0.2594,gnina v1.3.3 master:6fe1ce2   Built Jun 30 2026.,static_crystal_polymer,B,
3R42,equibind,scored,0.00012,gnina v1.3.3 master:6fe1ce2   Built Jun 30 2026.,static_crystal_polymer,,
3R42,diffdock,scored,0.00033,gnina v1.3.3 master:6fe1ce2   Built Jun 30 2026.,static_crystal_polymer,,
3R6G,equibind,scored,0.00072,gnina v1.3.3 master:6fe1ce2   Built Jun 30 2026.,static_crystal_polymer,,
3R6G,diffdock,scored,0.00542,gnina v1.3.3 master:6fe1ce2   Built Jun 30 2026.,static_crystal_polymer,,
3R5J,equibind,scored,5e-05,gnina v1.3.3 master:6fe1ce2   Built Jun 30 2026.,static_crystal_polymer,,
3R5J,diffdock,scored,0.00222,gnina v1.3.3 master:6fe1ce2   Built Jun 30 2026.,static_crystal_polymer,,
3R7B,equibind,scored,0.01956,gnina v1.3.3 master:6fe1ce2   Built Jun 30 2026.,static_crystal_polymer,,
3R7B,diffdock,scored,0.76397,gnina v1.3.3 master:6fe1ce2   Built Jun 30 2026.,static_crystal_polymer,,
3R0H,equibind,scored,0.0001,gnina v1.3.3 master:6fe1ce2   Built Jun 30 2026.,static_crystal_polymer,B;D;F;H;J;L;N;P,
3R0H,diffdock,scored,0.03437,gnina v1.3.3 master:6fe1ce2   Built Jun 30 2026.,static_crystal_polymer,B;D;F;H;J;L;N;P,
3R93,equibind,scored,0.0,gnina v1.3.3 master:6fe1ce2   Built Jun 30 2026.,static_crystal_polymer,,
3R93,diffdock,scored,0.00057,gnina v1.3.3 master:6fe1ce2   Built Jun 30 2026.,static_crystal_polymer,,
3R7N,equibind,scored,0.02221,gnina v1.3.3 master:6fe1ce2   Built Jun 30 2026.,static_crystal_polymer,,
3R7N,diffdock,scored,0.0074,gnina v1.3.3 master:6fe1ce2   Built Jun 30 2026.,static_crystal_polymer,,
3RDV,equibind,scored,3e-05,gnina v1.3.3 master:6fe1ce2   Built Jun 30 2026.,static_crystal_polymer,E;F,
3RDV,diffdock,scored,0.00029,gnina v1.3.3 master:6fe1ce2   Built Jun 30 2026.,static_crystal_polymer,E;F,
3RJM,equibind,scored,3e-05,gnina v1.3.3 master:6fe1ce2   Built Jun 30 2026.,static_crystal_polymer,E;F,
3RJM,diffdock,scored,0.08714,gnina v1.3.3 master:6fe1ce2   Built Jun 30 2026.,static_crystal_polymer,E;F,
3RBQ,equibind,scored,6e-05,gnina v1.3.3 master:6fe1ce2   Built Jun 30 2026.,static_crystal_polymer,,
3RBQ,diffdock,scored,0.05318,gnina v1.3.3 master:6fe1ce2   Built Jun 30 2026.,static_crystal_polymer,,
3RQ7,equibind,scored,0.05809,gnina v1.3.3 master:6fe1ce2   Built Jun 30 2026.,static_crystal_polymer,B,
3RQ7,diffdock,scored,0.16431,gnina v1.3.3 master:6fe1ce2   Built Jun 30 2026.,static_crystal_polymer,B,
3RQE,equibind,scored,0.0,gnina v1.3.3 master:6fe1ce2   Built Jun 30 2026.,static_crystal_polymer,,
3RQE,diffdock,scored,0.26502,gnina v1.3.3 master:6fe1ce2   Built Jun 30 2026.,static_crystal_polymer,,
3RTX,equibind,scored,0.0,gnina v1.3.3 master:6fe1ce2   Built Jun 30 2026.,static_crystal_polymer,,
3RTX,diffdock,scored,0.00057,gnina v1.3.3 master:6fe1ce2   Built Jun 30 2026.,static_crystal_polymer,,
3RWG,equibind,scored,0.00251,gnina v1.3.3 master:6fe1ce2   Built Jun 30 2026.,static_crystal_polymer,C,
3RWG,diffdock,scored,0.02423,gnina v1.3.3 master:6fe1ce2   Built Jun 30 2026.,static_crystal_polymer,C,
3RWF,equibind,scored,2e-05,gnina v1.3.3 master:6fe1ce2   Built Jun 30 2026.,static_crystal_polymer,C,
3RWF,diffdock,scored,0.00035,gnina v1.3.3 master:6fe1ce2   Built Jun 30 2026.,static_crystal_polymer,C,
3RWE,equibind,scored,5e-05,gnina v1.3.3 master:6fe1ce2   Built Jun 30 2026.,static_crystal_polymer,C,
3RWE,diffdock,scored,0.01255,gnina v1.3.3 master:6fe1ce2   Built Jun 30 2026.,static_crystal_polymer,C,
3RWC,equibind,scored,0.0,gnina v1.3.3 master:6fe1ce2   Built Jun 30 2026.,static_crystal_polymer,C;F,
3RWC,diffdock,scored,0.11381,gnina v1.3.3 master:6fe1ce2   Built Jun 30 2026.,static_crystal_polymer,C;F,
3RSE,equibind,scored,2e-05,gnina v1.3.3 master:6fe1ce2   Built Jun 30 2026.,static_crystal_polymer,H,
3RSE,diffdock,scored,0.37457,gnina v1.3.3 master:6fe1ce2   Built Jun 30 2026.,static_crystal_polymer,H,
3RWI,equibind,scored,0.0,gnina v1.3.3 master:6fe1ce2   Built Jun 30 2026.,static_crystal_polymer,C,
3RWI,diffdock,scored,0.00658,gnina v1.3.3 master:6fe1ce2   Built Jun 30 2026.,static_crystal_polymer,C,
3RWH,equibind,scored,6e-05,gnina v1.3.3 master:6fe1ce2   Built Jun 30 2026.,static_crystal_polymer,C;F,
3RWH,diffdock,scored,0.02568,gnina v1.3.3 master:6fe1ce2   Built Jun 30 2026.,static_crystal_polymer,C;F,
3RWJ,equibind,scored,2e-05,gnina v1.3.3 master:6fe1ce2   Built Jun 30 2026.,static_crystal_polymer,C,
3RWJ,diffdock,scored,0.12407,gnina v1.3.3 master:6fe1ce2   Built Jun 30 2026.,static_crystal_polymer,C,
3RZ9,equibind,scored,0.0,gnina v1.3.3 master:6fe1ce2   Built Jun 30 2026.,static_crystal_polymer,,
3RZ9,diffdock,scored,0.17429,gnina v1.3.3 master:6fe1ce2   Built Jun 30 2026.,static_crystal_polymer,,
3RY8,equibind,scored,0.06932,gnina v1.3.3 master:6fe1ce2   Built Jun 30 2026.,static_crystal_polymer,,
3RY8,diffdock,scored,0.7008,gnina v1.3.3 master:6fe1ce2   Built Jun 30 2026.,static_crystal_polymer,,
3SHB,equibind,scored,0.0,gnina v1.3.3 master:6fe1ce2   Built Jun 30 2026.,static_crystal_polymer,,
3SHB,diffdock,scored,0.23764,gnina v1.3.3 master:6fe1ce2   Built Jun 30 2026.,static_crystal_polymer,,
3SNC,equibind,scored,2e-05,gnina v1.3.3 master:6fe1ce2   Built Jun 30 2026.,static_crystal_polymer,B,
3SNC,diffdock,scored,0.21993,gnina v1.3.3 master:6fe1ce2   Built Jun 30 2026.,static_crystal_polymer,B,
3SM1,equibind,scored,4e-05,gnina v1.3.3 master:6fe1ce2   Built Jun 30 2026.,static_crystal_polymer,C;D,
3SM1,diffdock,scored,0.64235,gnina v1.3.3 master:6fe1ce2   Built Jun 30 2026.,static_crystal_polymer,C;D,
3SO6,equibind,scored,0.0,gnina v1.3.3 master:6fe1ce2   Built Jun 30 2026.,static_crystal_polymer,,
3SO6,diffdock,scored,0.06706,gnina v1.3.3 master:6fe1ce2   Built Jun 30 2026.,static_crystal_polymer,,
3S7F,equibind,scored,0.00123,gnina v1.3.3 master:6fe1ce2   Built Jun 30 2026.,static_crystal_polymer,,
3S7F,diffdock,scored,0.47404,gnina v1.3.3 master:6fe1ce2   Built Jun 30 2026.,static_crystal_polymer,,
3SNB,equibind,scored,0.0,gnina v1.3.3 master:6fe1ce2   Built Jun 30 2026.,static_crystal_polymer,B,
3SNB,diffdock,scored,0.08582,gnina v1.3.3 master:6fe1ce2   Built Jun 30 2026.,static_crystal_polymer,B,
3SND,equibind,scored,4e-05,gnina v1.3.3 master:6fe1ce2   Built Jun 30 2026.,static_crystal_polymer,C;D,
3SND,diffdock,scored,0.52505,gnina v1.3.3 master:6fe1ce2   Built Jun 30 2026.,static_crystal_polymer,C;D,
3SOU,equibind,scored,2e-05,gnina v1.3.3 master:6fe1ce2   Built Jun 30 2026.,static_crystal_polymer,,
3SOU,diffdock,scored,0.11355,gnina v1.3.3 master:6fe1ce2   Built Jun 30 2026.,static_crystal_polymer,,
3SOQ,equibind,scored,7e-05,gnina v1.3.3 master:6fe1ce2   Built Jun 30 2026.,static_crystal_polymer,B,
3SOQ,diffdock,scored,0.00531,gnina v1.3.3 master:6fe1ce2   Built Jun 30 2026.,static_crystal_polymer,B,
3SOV,equibind,scored,3e-05,gnina v1.3.3 master:6fe1ce2   Built Jun 30 2026.,static_crystal_polymer,,
3SOV,diffdock,scored,0.00501,gnina v1.3.3 master:6fe1ce2   Built Jun 30 2026.,static_crystal_polymer,,
3SOW,equibind,scored,1e-05,gnina v1.3.3 master:6fe1ce2   Built Jun 30 2026.,static_crystal_polymer,,
3SOW,diffdock,scored,0.01527,gnina v1.3.3 master:6fe1ce2   Built Jun 30 2026.,static_crystal_polymer,,
3SXU,equibind,scored,0.02242,gnina v1.3.3 master:6fe1ce2   Built Jun 30 2026.,static_crystal_polymer,C,
3SXU,diffdock,scored,0.39316,gnina v1.3.3 master:6fe1ce2   Built Jun 30 2026.,static_crystal_polymer,C,
3T1N,equibind,scored,0.00224,gnina v1.3.3 master:6fe1ce2   Built Jun 30 2026.,static_crystal_polymer,C;D,
3T1N,diffdock,scored,0.20565,gnina v1.3.3 master:6fe1ce2   Built Jun 30 2026.,static_crystal_polymer,C;D,
3SW9,equibind,scored,0.00398,gnina v1.3.3 master:6fe1ce2   Built Jun 30 2026.,static_crystal_polymer,,
3SW9,diffdock,scored,0.10359,gnina v1.3.3 master:6fe1ce2   Built Jun 30 2026.,static_crystal_polymer,,
3T2C,equibind,scored,0.02411,gnina v1.3.3 master:6fe1ce2   Built Jun 30 2026.,static_crystal_polymer,,
3T2C,diffdock,scored,0.78075,gnina v1.3.3 master:6fe1ce2   Built Jun 30 2026.,static_crystal_polymer,,
3T5I,equibind,scored,0.00634,gnina v1.3.3 master:6fe1ce2   Built Jun 30 2026.,static_crystal_polymer,E;F,
3T5I,diffdock,scored,0.71226,gnina v1.3.3 master:6fe1ce2   Built Jun 30 2026.,static_crystal_polymer,E;F,
3T4P,equibind,scored,0.00017,gnina v1.3.3 master:6fe1ce2   Built Jun 30 2026.,static_crystal_polymer,B,
3T4P,diffdock,scored,0.04832,gnina v1.3.3 master:6fe1ce2   Built Jun 30 2026.,static_crystal_polymer,B,
3SZM,equibind,scored,0.02033,gnina v1.3.3 master:6fe1ce2   Built Jun 30 2026.,static_crystal_polymer,I;J;L;M;N;O,
3SZM,diffdock,scored,0.00174,gnina v1.3.3 master:6fe1ce2   Built Jun 30 2026.,static_crystal_polymer,I;J;L;M;N;O,
3STJ,equibind,scored,0.00418,gnina v1.3.3 master:6fe1ce2   Built Jun 30 2026.,static_crystal_polymer,,
3T6B,equibind,scored,0.00979,gnina v1.3.3 master:6fe1ce2   Built Jun 30 2026.,static_crystal_polymer,B;D,
3T6B,diffdock,scored,0.0361,gnina v1.3.3 master:6fe1ce2   Built Jun 30 2026.,static_crystal_polymer,B;D,
3T6R,equibind,scored,0.00029,gnina v1.3.3 master:6fe1ce2   Built Jun 30 2026.,static_crystal_polymer,,
3T6R,diffdock,scored,0.15578,gnina v1.3.3 master:6fe1ce2   Built Jun 30 2026.,static_crystal_polymer,,
3T6J,equibind,scored,0.00027,gnina v1.3.3 master:6fe1ce2   Built Jun 30 2026.,static_crystal_polymer,B,
3T6J,diffdock,scored,0.07583,gnina v1.3.3 master:6fe1ce2   Built Jun 30 2026.,static_crystal_polymer,B,
3T7G,equibind,scored,0.0,gnina v1.3.3 master:6fe1ce2   Built Jun 30 2026.,static_crystal_polymer,,
3T7G,diffdock,scored,0.35401,gnina v1.3.3 master:6fe1ce2   Built Jun 30 2026.,static_crystal_polymer,,
3TDU,equibind,scored,0.0,gnina v1.3.3 master:6fe1ce2   Built Jun 30 2026.,static_crystal_polymer,,
3TDU,diffdock,scored,0.0,gnina v1.3.3 master:6fe1ce2   Built Jun 30 2026.,static_crystal_polymer,,
3TF6,equibind,scored,0.00051,gnina v1.3.3 master:6fe1ce2   Built Jun 30 2026.,static_crystal_polymer,,
3TF6,diffdock,scored,0.86252,gnina v1.3.3 master:6fe1ce2   Built Jun 30 2026.,static_crystal_polymer,,
3TDZ,equibind,scored,2e-05,gnina v1.3.3 master:6fe1ce2   Built Jun 30 2026.,static_crystal_polymer,,
3TDZ,diffdock,scored,5e-05,gnina v1.3.3 master:6fe1ce2   Built Jun 30 2026.,static_crystal_polymer,,
3TFK,equibind,scored,0.00069,gnina v1.3.3 master:6fe1ce2   Built Jun 30 2026.,static_crystal_polymer,B,
3TFK,diffdock,scored,0.00729,gnina v1.3.3 master:6fe1ce2   Built Jun 30 2026.,static_crystal_polymer,B,
3TG5,equibind,scored,0.00011,gnina v1.3.3 master:6fe1ce2   Built Jun 30 2026.,static_crystal_polymer,,
3TG5,diffdock,scored,0.01149,gnina v1.3.3 master:6fe1ce2   Built Jun 30 2026.,static_crystal_polymer,,
3TF7,equibind,scored,4e-05,gnina v1.3.3 master:6fe1ce2   Built Jun 30 2026.,static_crystal_polymer,,
3TF7,diffdock,scored,0.11701,gnina v1.3.3 master:6fe1ce2   Built Jun 30 2026.,static_crystal_polymer,,
3TJH,equibind,scored,0.00079,gnina v1.3.3 master:6fe1ce2   Built Jun 30 2026.,static_crystal_polymer,B,
3TJH,diffdock,scored,0.01265,gnina v1.3.3 master:6fe1ce2   Built Jun 30 2026.,static_crystal_polymer,B,
3TJM,equibind,scored,0.00592,gnina v1.3.3 master:6fe1ce2   Built Jun 30 2026.,static_crystal_polymer,,
3TJM,diffdock,scored,0.22343,gnina v1.3.3 master:6fe1ce2   Built Jun 30 2026.,static_crystal_polymer,,
3TH0,equibind,scored,0.0014,gnina v1.3.3 master:6fe1ce2   Built Jun 30 2026.,static_crystal_polymer,B,
3TH0,diffdock,scored,0.00248,gnina v1.3.3 master:6fe1ce2   Built Jun 30 2026.,static_crystal_polymer,B,
3TPX,equibind,scored,1e-05,gnina v1.3.3 master:6fe1ce2   Built Jun 30 2026.,static_crystal_polymer,B;D;F,
3TPX,diffdock,scored,0.00136,gnina v1.3.3 master:6fe1ce2   Built Jun 30 2026.,static_crystal_polymer,B;D;F,
3TSZ,equibind,scored,2e-05,gnina v1.3.3 master:6fe1ce2   Built Jun 30 2026.,static_crystal_polymer,B,
3TSZ,diffdock,scored,0.11525,gnina v1.3.3 master:6fe1ce2   Built Jun 30 2026.,static_crystal_polymer,B,
3TT0,equibind,scored,0.00029,gnina v1.3.3 master:6fe1ce2   Built Jun 30 2026.,static_crystal_polymer,,
3TT0,diffdock,scored,0.85368,gnina v1.3.3 master:6fe1ce2   Built Jun 30 2026.,static_crystal_polymer,,
3TWR,equibind,scored,0.0,gnina v1.3.3 master:6fe1ce2   Built Jun 30 2026.,static_crystal_polymer,E;F,
3TWR,diffdock,scored,0.00403,gnina v1.3.3 master:6fe1ce2   Built Jun 30 2026.,static_crystal_polymer,E;F,
3TWU,equibind,scored,0.00032,gnina v1.3.3 master:6fe1ce2   Built Jun 30 2026.,static_crystal_polymer,B,
3TWU,diffdock,scored,0.03253,gnina v1.3.3 master:6fe1ce2   Built Jun 30 2026.,static_crystal_polymer,B,
3TWS,equibind,scored,1e-05,gnina v1.3.3 master:6fe1ce2   Built Jun 30 2026.,static_crystal_polymer,E,
3TWS,diffdock,scored,0.002,gnina v1.3.3 master:6fe1ce2   Built Jun 30 2026.,static_crystal_polymer,E,
3TZD,equibind,scored,0.0,gnina v1.3.3 master:6fe1ce2   Built Jun 30 2026.,static_crystal_polymer,,
3TZD,diffdock,scored,0.00621,gnina v1.3.3 master:6fe1ce2   Built Jun 30 2026.,static_crystal_polymer,,
3TWX,equibind,scored,0.0,gnina v1.3.3 master:6fe1ce2   Built Jun 30 2026.,static_crystal_polymer,C;D,
3TWX,diffdock,scored,0.01947,gnina v1.3.3 master:6fe1ce2   Built Jun 30 2026.,static_crystal_polymer,C;D,
3U0T,equibind,scored,4e-05,gnina v1.3.3 master:6fe1ce2   Built Jun 30 2026.,static_crystal_polymer,C;F,
3U0T,diffdock,scored,0.08607,gnina v1.3.3 master:6fe1ce2   Built Jun 30 2026.,static_crystal_polymer,C;F,
3TWV,equibind,scored,0.0,gnina v1.3.3 master:6fe1ce2   Built Jun 30 2026.,static_crystal_polymer,E,
3TWV,diffdock,scored,0.19707,gnina v1.3.3 master:6fe1ce2   Built Jun 30 2026.,static_crystal_polymer,E,
3TCG,equibind,scored,0.01542,gnina v1.3.3 master:6fe1ce2   Built Jun 30 2026.,static_crystal_polymer,,
3U51,equibind,scored,0.00016,gnina v1.3.3 master:6fe1ce2   Built Jun 30 2026.,static_crystal_polymer,C;D,
3U51,diffdock,scored,0.14196,gnina v1.3.3 master:6fe1ce2   Built Jun 30 2026.,static_crystal_polymer,C;D,
3U3Z,equibind,scored,0.02874,gnina v1.3.3 master:6fe1ce2   Built Jun 30 2026.,static_crystal_polymer,B,
3U3Z,diffdock,scored,0.07648,gnina v1.3.3 master:6fe1ce2   Built Jun 30 2026.,static_crystal_polymer,B,
3U3F,equibind,scored,2e-05,gnina v1.3.3 master:6fe1ce2   Built Jun 30 2026.,static_crystal_polymer,,
3U3F,diffdock,scored,0.08932,gnina v1.3.3 master:6fe1ce2   Built Jun 30 2026.,static_crystal_polymer,,
3UD7,equibind,scored,0.00044,gnina v1.3.3 master:6fe1ce2   Built Jun 30 2026.,static_crystal_polymer,D,
3UD7,diffdock,scored,0.7672,gnina v1.3.3 master:6fe1ce2   Built Jun 30 2026.,static_crystal_polymer,D,
3UDA,equibind,scored,1e-05,gnina v1.3.3 master:6fe1ce2   Built Jun 30 2026.,static_crystal_polymer,D,
3UDA,diffdock,scored,0.32462,gnina v1.3.3 master:6fe1ce2   Built Jun 30 2026.,static_crystal_polymer,D,
3UDA_2,equibind,scored,0.0,gnina v1.3.3 master:6fe1ce2   Built Jun 30 2026.,static_crystal_polymer,D,
3UDA_2,diffdock,scored,0.04115,gnina v1.3.3 master:6fe1ce2   Built Jun 30 2026.,static_crystal_polymer,D,
3UED,equibind,scored,0.00126,gnina v1.3.3 master:6fe1ce2   Built Jun 30 2026.,static_crystal_polymer,,
3UED,diffdock,scored,0.21199,gnina v1.3.3 master:6fe1ce2   Built Jun 30 2026.,static_crystal_polymer,,
3UEF,equibind,scored,1e-05,gnina v1.3.3 master:6fe1ce2   Built Jun 30 2026.,static_crystal_polymer,,
3UEF,diffdock,scored,0.13332,gnina v1.3.3 master:6fe1ce2   Built Jun 30 2026.,static_crystal_polymer,,
3UIG,equibind,scored,0.0006,gnina v1.3.3 master:6fe1ce2   Built Jun 30 2026.,static_crystal_polymer,,
3UIG,diffdock,scored,0.00736,gnina v1.3.3 master:6fe1ce2   Built Jun 30 2026.,static_crystal_polymer,,
3UEO,equibind,scored,0.00013,gnina v1.3.3 master:6fe1ce2   Built Jun 30 2026.,static_crystal_polymer,,
3UEO,diffdock,scored,0.01737,gnina v1.3.3 master:6fe1ce2   Built Jun 30 2026.,static_crystal_polymer,,
3UNN,equibind,scored,0.00014,gnina v1.3.3 master:6fe1ce2   Built Jun 30 2026.,static_crystal_polymer,B,
3UNN,diffdock,scored,0.08407,gnina v1.3.3 master:6fe1ce2   Built Jun 30 2026.,static_crystal_polymer,B,
3UIH,equibind,scored,0.0002,gnina v1.3.3 master:6fe1ce2   Built Jun 30 2026.,static_crystal_polymer,,
3UIH,diffdock,scored,0.13777,gnina v1.3.3 master:6fe1ce2   Built Jun 30 2026.,static_crystal_polymer,,
3UII,equibind,scored,5e-05,gnina v1.3.3 master:6fe1ce2   Built Jun 30 2026.,static_crystal_polymer,,
3UII,diffdock,scored,0.03747,gnina v1.3.3 master:6fe1ce2   Built Jun 30 2026.,static_crystal_polymer,,
3UIK,equibind,scored,0.01238,gnina v1.3.3 master:6fe1ce2   Built Jun 30 2026.,static_crystal_polymer,,
3UIK,diffdock,scored,0.0045,gnina v1.3.3 master:6fe1ce2   Built Jun 30 2026.,static_crystal_polymer,,
3UIJ,equibind,scored,1e-05,gnina v1.3.3 master:6fe1ce2   Built Jun 30 2026.,static_crystal_polymer,,
3UIJ,diffdock,scored,0.17562,gnina v1.3.3 master:6fe1ce2   Built Jun 30 2026.,static_crystal_polymer,,
3UQP,equibind,scored,1e-05,gnina v1.3.3 master:6fe1ce2   Built Jun 30 2026.,static_crystal_polymer,B,
3UQP,diffdock,scored,0.04214,gnina v1.3.3 master:6fe1ce2   Built Jun 30 2026.,static_crystal_polymer,B,
3UPV,equibind,scored,0.00067,gnina v1.3.3 master:6fe1ce2   Built Jun 30 2026.,static_crystal_polymer,B,
3UPV,diffdock,scored,0.24641,gnina v1.3.3 master:6fe1ce2   Built Jun 30 2026.,static_crystal_polymer,B,
3URI,equibind,scored,8e-05,gnina v1.3.3 master:6fe1ce2   Built Jun 30 2026.,static_crystal_polymer,B,
3URI,diffdock,scored,0.00864,gnina v1.3.3 master:6fe1ce2   Built Jun 30 2026.,static_crystal_polymer,B,
3UVL,equibind,scored,0.0,gnina v1.3.3 master:6fe1ce2   Built Jun 30 2026.,static_crystal_polymer,,
3UVL,diffdock,scored,0.00046,gnina v1.3.3 master:6fe1ce2   Built Jun 30 2026.,static_crystal_polymer,,
3UVK,equibind,scored,0.0,gnina v1.3.3 master:6fe1ce2   Built Jun 30 2026.,static_crystal_polymer,,
3UVK,diffdock,scored,0.00238,gnina v1.3.3 master:6fe1ce2   Built Jun 30 2026.,static_crystal_polymer,,
3UVM,equibind,scored,0.0,gnina v1.3.3 master:6fe1ce2   Built Jun 30 2026.,static_crystal_polymer,,
3UVM,diffdock,scored,0.00273,gnina v1.3.3 master:6fe1ce2   Built Jun 30 2026.,static_crystal_polymer,,
3UVW,equibind,scored,0.00023,gnina v1.3.3 master:6fe1ce2   Built Jun 30 2026.,static_crystal_polymer,B,
3UVW,diffdock,scored,0.1118,gnina v1.3.3 master:6fe1ce2   Built Jun 30 2026.,static_crystal_polymer,B,
3UVU,equibind,scored,0.00236,gnina v1.3.3 master:6fe1ce2   Built Jun 30 2026.,static_crystal_polymer,,
3UVU,diffdock,scored,0.13068,gnina v1.3.3 master:6fe1ce2   Built Jun 30 2026.,static_crystal_polymer,,
3UVO,equibind,scored,0.0005,gnina v1.3.3 master:6fe1ce2   Built Jun 30 2026.,static_crystal_polymer,,
3UVO,diffdock,scored,0.03987,gnina v1.3.3 master:6fe1ce2   Built Jun 30 2026.,static_crystal_polymer,,
3UVN,equibind,scored,0.0001,gnina v1.3.3 master:6fe1ce2   Built Jun 30 2026.,static_crystal_polymer,,
3UVN,diffdock,scored,0.00051,gnina v1.3.3 master:6fe1ce2   Built Jun 30 2026.,static_crystal_polymer,,
3UW9,equibind,scored,0.00163,gnina v1.3.3 master:6fe1ce2   Built Jun 30 2026.,static_crystal_polymer,,
3UW9,diffdock,scored,0.0127,gnina v1.3.3 master:6fe1ce2   Built Jun 30 2026.,static_crystal_polymer,,
3UVX,equibind,scored,8e-05,gnina v1.3.3 master:6fe1ce2   Built Jun 30 2026.,static_crystal_polymer,,
3UVX,diffdock,scored,0.00528,gnina v1.3.3 master:6fe1ce2   Built Jun 30 2026.,static_crystal_polymer,,
3UYR,equibind,scored,0.0,gnina v1.3.3 master:6fe1ce2   Built Jun 30 2026.,static_crystal_polymer,,
3UYR,diffdock,scored,0.01918,gnina v1.3.3 master:6fe1ce2   Built Jun 30 2026.,static_crystal_polymer,,
3V2O,equibind,scored,4e-05,gnina v1.3.3 master:6fe1ce2   Built Jun 30 2026.,static_crystal_polymer,B,
3V2O,diffdock,scored,0.00824,gnina v1.3.3 master:6fe1ce2   Built Jun 30 2026.,static_crystal_polymer,B,
3UZD,equibind,scored,6e-05,gnina v1.3.3 master:6fe1ce2   Built Jun 30 2026.,static_crystal_polymer,,
3UZD,diffdock,scored,0.05317,gnina v1.3.3 master:6fe1ce2   Built Jun 30 2026.,static_crystal_polymer,,
3V30,equibind,scored,0.0,gnina v1.3.3 master:6fe1ce2   Built Jun 30 2026.,static_crystal_polymer,B,
3V30,diffdock,scored,0.05944,gnina v1.3.3 master:6fe1ce2   Built Jun 30 2026.,static_crystal_polymer,B,
3V2X,equibind,scored,0.00045,gnina v1.3.3 master:6fe1ce2   Built Jun 30 2026.,static_crystal_polymer,B,
3V2X,diffdock,scored,0.01094,gnina v1.3.3 master:6fe1ce2   Built Jun 30 2026.,static_crystal_polymer,B,
3V43,equibind,scored,0.0,gnina v1.3.3 master:6fe1ce2   Built Jun 30 2026.,static_crystal_polymer,,
3V43,diffdock,scored,0.00236,gnina v1.3.3 master:6fe1ce2   Built Jun 30 2026.,static_crystal_polymer,,
3V3B,equibind,scored,0.00142,gnina v1.3.3 master:6fe1ce2   Built Jun 30 2026.,static_crystal_polymer,,
3V3B,diffdock,scored,0.00017,gnina v1.3.3 master:6fe1ce2   Built Jun 30 2026.,static_crystal_polymer,,
3VB4,equibind,scored,0.0023,gnina v1.3.3 master:6fe1ce2   Built Jun 30 2026.,static_crystal_polymer,C;D,
3VB4,diffdock,scored,0.19201,gnina v1.3.3 master:6fe1ce2   Built Jun 30 2026.,static_crystal_polymer,C;D,
3VB5,equibind,scored,0.00015,gnina v1.3.3 master:6fe1ce2   Built Jun 30 2026.,static_crystal_polymer,C;D,
3VB5,diffdock,scored,0.11966,gnina v1.3.3 master:6fe1ce2   Built Jun 30 2026.,static_crystal_polymer,C;D,
3VB6,equibind,scored,0.0016,gnina v1.3.3 master:6fe1ce2   Built Jun 30 2026.,static_crystal_polymer,C;D,
3VB6,diffdock,scored,0.40632,gnina v1.3.3 master:6fe1ce2   Built Jun 30 2026.,static_crystal_polymer,C;D,
3VZG,equibind,scored,0.08368,gnina v1.3.3 master:6fe1ce2   Built Jun 30 2026.,static_crystal_polymer,,
3VZG,diffdock,scored,0.76017,gnina v1.3.3 master:6fe1ce2   Built Jun 30 2026.,static_crystal_polymer,,
3VTR,equibind,scored,4e-05,gnina v1.3.3 master:6fe1ce2   Built Jun 30 2026.,static_crystal_polymer,B,
3VTR,diffdock,scored,0.29151,gnina v1.3.3 master:6fe1ce2   Built Jun 30 2026.,static_crystal_polymer,B,
3VB7,equibind,scored,0.00014,gnina v1.3.3 master:6fe1ce2   Built Jun 30 2026.,static_crystal_polymer,C;D,
3VB7,diffdock,scored,0.1681,gnina v1.3.3 master:6fe1ce2   Built Jun 30 2026.,static_crystal_polymer,C;D,
3WDZ,equibind,scored,0.0,gnina v1.3.3 master:6fe1ce2   Built Jun 30 2026.,static_crystal_polymer,,
3WDZ,diffdock,scored,0.00016,gnina v1.3.3 master:6fe1ce2   Built Jun 30 2026.,static_crystal_polymer,,
3WQV,equibind,scored,0.17782,gnina v1.3.3 master:6fe1ce2   Built Jun 30 2026.,static_crystal_polymer,B,
3WQV,diffdock,scored,0.44843,gnina v1.3.3 master:6fe1ce2   Built Jun 30 2026.,static_crystal_polymer,B,
3WQW,equibind,scored,0.00033,gnina v1.3.3 master:6fe1ce2   Built Jun 30 2026.,static_crystal_polymer,B,
3WQW,diffdock,scored,0.45696,gnina v1.3.3 master:6fe1ce2   Built Jun 30 2026.,static_crystal_polymer,B,
3WSY,equibind,scored,0.0,gnina v1.3.3 master:6fe1ce2   Built Jun 30 2026.,static_crystal_polymer,,
3WSY,diffdock,scored,0.04781,gnina v1.3.3 master:6fe1ce2   Built Jun 30 2026.,static_crystal_polymer,,
3W37,equibind,scored,0.00457,gnina v1.3.3 master:6fe1ce2   Built Jun 30 2026.,static_crystal_polymer,D,
3W37,diffdock,scored,0.46427,gnina v1.3.3 master:6fe1ce2   Built Jun 30 2026.,static_crystal_polymer,D,
3WUT,equibind,scored,0.0,gnina v1.3.3 master:6fe1ce2   Built Jun 30 2026.,static_crystal_polymer,,
3WUT,diffdock,scored,0.21603,gnina v1.3.3 master:6fe1ce2   Built Jun 30 2026.,static_crystal_polymer,,
3WUU,equibind,scored,0.0,gnina v1.3.3 master:6fe1ce2   Built Jun 30 2026.,static_crystal_polymer,,
3WUU,diffdock,scored,0.04064,gnina v1.3.3 master:6fe1ce2   Built Jun 30 2026.,static_crystal_polymer,,
3WYJ,equibind,scored,1e-05,gnina v1.3.3 master:6fe1ce2   Built Jun 30 2026.,static_crystal_polymer,,
3WYJ,diffdock,scored,0.36971,gnina v1.3.3 master:6fe1ce2   Built Jun 30 2026.,static_crystal_polymer,,
3WUV,equibind,scored,0.0,gnina v1.3.3 master:6fe1ce2   Built Jun 30 2026.,static_crystal_polymer,,
3WUV,diffdock,scored,0.00663,gnina v1.3.3 master:6fe1ce2   Built Jun 30 2026.,static_crystal_polymer,,
3ZKE,equibind,scored,2e-05,gnina v1.3.3 master:6fe1ce2   Built Jun 30 2026.,static_crystal_polymer,,
3ZKE,diffdock,scored,0.12747,gnina v1.3.3 master:6fe1ce2   Built Jun 30 2026.,static_crystal_polymer,,
3ZHF,equibind,scored,0.01942,gnina v1.3.3 master:6fe1ce2   Built Jun 30 2026.,static_crystal_polymer,B,
3ZHF,diffdock,scored,0.01922,gnina v1.3.3 master:6fe1ce2   Built Jun 30 2026.,static_crystal_polymer,B,
3ZKF,equibind,scored,3e-05,gnina v1.3.3 master:6fe1ce2   Built Jun 30 2026.,static_crystal_polymer,,
3ZKF,diffdock,scored,0.26721,gnina v1.3.3 master:6fe1ce2   Built Jun 30 2026.,static_crystal_polymer,,
3ZMQ,equibind,scored,0.0,gnina v1.3.3 master:6fe1ce2   Built Jun 30 2026.,static_crystal_polymer,,
3ZMQ,diffdock,scored,0.00027,gnina v1.3.3 master:6fe1ce2   Built Jun 30 2026.,static_crystal_polymer,,
3ZMP,equibind,scored,3e-05,gnina v1.3.3 master:6fe1ce2   Built Jun 30 2026.,static_crystal_polymer,,
3ZMP,diffdock,scored,0.001,gnina v1.3.3 master:6fe1ce2   Built Jun 30 2026.,static_crystal_polymer,,
3ZHA,equibind,scored,0.0,gnina v1.3.3 master:6fe1ce2   Built Jun 30 2026.,static_crystal_polymer,,
3ZMT,equibind,scored,0.0,gnina v1.3.3 master:6fe1ce2   Built Jun 30 2026.,static_crystal_polymer,,
3ZMT,diffdock,scored,0.12127,gnina v1.3.3 master:6fe1ce2   Built Jun 30 2026.,static_crystal_polymer,,
3ZMV,equibind,scored,5e-05,gnina v1.3.3 master:6fe1ce2   Built Jun 30 2026.,static_crystal_polymer,,
3ZMV,diffdock,scored,0.18303,gnina v1.3.3 master:6fe1ce2   Built Jun 30 2026.,static_crystal_polymer,,
3ZQ9,equibind,scored,0.00249,gnina v1.3.3 master:6fe1ce2   Built Jun 30 2026.,static_crystal_polymer,,
3ZQ9,diffdock,scored,0.17598,gnina v1.3.3 master:6fe1ce2   Built Jun 30 2026.,static_crystal_polymer,,
3ZMZ,equibind,scored,0.0,gnina v1.3.3 master:6fe1ce2   Built Jun 30 2026.,static_crystal_polymer,,
3ZMZ,diffdock,scored,0.00735,gnina v1.3.3 master:6fe1ce2   Built Jun 30 2026.,static_crystal_polymer,,
3ZVY,equibind,scored,0.00098,gnina v1.3.3 master:6fe1ce2   Built Jun 30 2026.,static_crystal_polymer,,
3ZVY,diffdock,scored,0.00116,gnina v1.3.3 master:6fe1ce2   Built Jun 30 2026.,static_crystal_polymer,,
3ZYR,equibind,scored,0.00033,gnina v1.3.3 master:6fe1ce2   Built Jun 30 2026.,static_crystal_polymer,,
3ZYR,diffdock,scored,0.30585,gnina v1.3.3 master:6fe1ce2   Built Jun 30 2026.,static_crystal_polymer,,
3ZYB,equibind,scored,0.0115,gnina v1.3.3 master:6fe1ce2   Built Jun 30 2026.,static_crystal_polymer,I;J;K,
3ZYB,diffdock,scored,0.60248,gnina v1.3.3 master:6fe1ce2   Built Jun 30 2026.,static_crystal_polymer,I;J;K,
3ZST,equibind,scored,0.4833,gnina v1.3.3 master:6fe1ce2   Built Jun 30 2026.,static_crystal_polymer,C;D,
3ZST,diffdock,scored,0.01047,gnina v1.3.3 master:6fe1ce2   Built Jun 30 2026.,static_crystal_polymer,C;D,
3ZVT,equibind,scored,0.81031,gnina v1.3.3 master:6fe1ce2   Built Jun 30 2026.,static_crystal_polymer,,
3ZVT,diffdock,scored,0.09921,gnina v1.3.3 master:6fe1ce2   Built Jun 30 2026.,static_crystal_polymer,,
3ZVW,equibind,scored,0.61768,gnina v1.3.3 master:6fe1ce2   Built Jun 30 2026.,static_crystal_polymer,,
3ZVW,diffdock,scored,0.55218,gnina v1.3.3 master:6fe1ce2   Built Jun 30 2026.,static_crystal_polymer,,
4A0J,equibind,scored,0.0,gnina v1.3.3 master:6fe1ce2   Built Jun 30 2026.,static_crystal_polymer,,
4A0J,diffdock,scored,0.00733,gnina v1.3.3 master:6fe1ce2   Built Jun 30 2026.,static_crystal_polymer,,
4AA1,equibind,scored,0.00085,gnina v1.3.3 master:6fe1ce2   Built Jun 30 2026.,static_crystal_polymer,B,
4AA1,diffdock,scored,0.35674,gnina v1.3.3 master:6fe1ce2   Built Jun 30 2026.,static_crystal_polymer,B,
4A2A,equibind,scored,2e-05,gnina v1.3.3 master:6fe1ce2   Built Jun 30 2026.,static_crystal_polymer,,
4A2A,diffdock,scored,0.00016,gnina v1.3.3 master:6fe1ce2   Built Jun 30 2026.,static_crystal_polymer,,
4A9C,equibind,scored,0.0,gnina v1.3.3 master:6fe1ce2   Built Jun 30 2026.,static_crystal_polymer,,
4A9C,diffdock,scored,0.66286,gnina v1.3.3 master:6fe1ce2   Built Jun 30 2026.,static_crystal_polymer,,
4ABI,equibind,scored,0.0,gnina v1.3.3 master:6fe1ce2   Built Jun 30 2026.,static_crystal_polymer,,
4ABI,diffdock,scored,3e-05,gnina v1.3.3 master:6fe1ce2   Built Jun 30 2026.,static_crystal_polymer,,
4AIF,equibind,scored,0.01679,gnina v1.3.3 master:6fe1ce2   Built Jun 30 2026.,static_crystal_polymer,C,
4AIF,diffdock,scored,0.0238,gnina v1.3.3 master:6fe1ce2   Built Jun 30 2026.,static_crystal_polymer,C,
4AD2,equibind,scored,2e-05,gnina v1.3.3 master:6fe1ce2   Built Jun 30 2026.,static_crystal_polymer,,
4AD2,diffdock,scored,0.61446,gnina v1.3.3 master:6fe1ce2   Built Jun 30 2026.,static_crystal_polymer,,
4AD3,equibind,scored,2e-05,gnina v1.3.3 master:6fe1ce2   Built Jun 30 2026.,static_crystal_polymer,,
4AD3,diffdock,scored,0.24791,gnina v1.3.3 master:6fe1ce2   Built Jun 30 2026.,static_crystal_polymer,,
4APH,equibind,scored,0.0,gnina v1.3.3 master:6fe1ce2   Built Jun 30 2026.,static_crystal_polymer,,
4APH,diffdock,scored,0.18848,gnina v1.3.3 master:6fe1ce2   Built Jun 30 2026.,static_crystal_polymer,,
4APO,equibind,scored,0.00011,gnina v1.3.3 master:6fe1ce2   Built Jun 30 2026.,static_crystal_polymer,C;D,
4APO,diffdock,scored,0.01553,gnina v1.3.3 master:6fe1ce2   Built Jun 30 2026.,static_crystal_polymer,C;D,
4AOM,equibind,scored,2e-05,gnina v1.3.3 master:6fe1ce2   Built Jun 30 2026.,static_crystal_polymer,,
4AOM,diffdock,scored,0.0002,gnina v1.3.3 master:6fe1ce2   Built Jun 30 2026.,static_crystal_polymer,,
4ARO,equibind,scored,0.00058,gnina v1.3.3 master:6fe1ce2   Built Jun 30 2026.,static_crystal_polymer,,
4ARO,diffdock,scored,0.62188,gnina v1.3.3 master:6fe1ce2   Built Jun 30 2026.,static_crystal_polymer,,
4AYP,equibind,scored,0.00157,gnina v1.3.3 master:6fe1ce2   Built Jun 30 2026.,static_crystal_polymer,B,
4AYP,diffdock,scored,0.47518,gnina v1.3.3 master:6fe1ce2   Built Jun 30 2026.,static_crystal_polymer,B,
4B13,equibind,scored,0.00264,gnina v1.3.3 master:6fe1ce2   Built Jun 30 2026.,static_crystal_polymer,,
4B13,diffdock,scored,0.33024,gnina v1.3.3 master:6fe1ce2   Built Jun 30 2026.,static_crystal_polymer,,
4B4Q,equibind,scored,0.00029,gnina v1.3.3 master:6fe1ce2   Built Jun 30 2026.,static_crystal_polymer,C;D,
4B4Q,diffdock,scored,0.01316,gnina v1.3.3 master:6fe1ce2   Built Jun 30 2026.,static_crystal_polymer,C;D,
4B60,equibind,scored,0.0,gnina v1.3.3 master:6fe1ce2   Built Jun 30 2026.,static_crystal_polymer,,
4B60,diffdock,scored,0.06396,gnina v1.3.3 master:6fe1ce2   Built Jun 30 2026.,static_crystal_polymer,,
4B8O,equibind,scored,0.0,gnina v1.3.3 master:6fe1ce2   Built Jun 30 2026.,static_crystal_polymer,,
4B8O,diffdock,scored,0.00217,gnina v1.3.3 master:6fe1ce2   Built Jun 30 2026.,static_crystal_polymer,,
4B8P,equibind,scored,0.0,gnina v1.3.3 master:6fe1ce2   Built Jun 30 2026.,static_crystal_polymer,,
4B8P,diffdock,scored,0.06571,gnina v1.3.3 master:6fe1ce2   Built Jun 30 2026.,static_crystal_polymer,,
4B9H,equibind,scored,0.0,gnina v1.3.3 master:6fe1ce2   Built Jun 30 2026.,static_crystal_polymer,C,
4B9H,diffdock,scored,0.02788,gnina v1.3.3 master:6fe1ce2   Built Jun 30 2026.,static_crystal_polymer,C,
4B8Y,equibind,scored,0.0082,gnina v1.3.3 master:6fe1ce2   Built Jun 30 2026.,static_crystal_polymer,B,
4B8Y,diffdock,scored,0.11698,gnina v1.3.3 master:6fe1ce2   Built Jun 30 2026.,static_crystal_polymer,B,
4BD3,equibind,scored,0.0,gnina v1.3.3 master:6fe1ce2   Built Jun 30 2026.,static_crystal_polymer,B,
4BD3,diffdock,scored,0.00302,gnina v1.3.3 master:6fe1ce2   Built Jun 30 2026.,static_crystal_polymer,B,
4BEA,equibind,scored,0.00045,gnina v1.3.3 master:6fe1ce2   Built Jun 30 2026.,static_crystal_polymer,B,
4BEA,diffdock,scored,0.00104,gnina v1.3.3 master:6fe1ce2   Built Jun 30 2026.,static_crystal_polymer,B,
4B9Z,equibind,scored,1e-05,gnina v1.3.3 master:6fe1ce2   Built Jun 30 2026.,static_crystal_polymer,B,
4B9Z,diffdock,scored,0.56729,gnina v1.3.3 master:6fe1ce2   Built Jun 30 2026.,static_crystal_polymer,B,
4BG6,equibind,scored,0.00596,gnina v1.3.3 master:6fe1ce2   Built Jun 30 2026.,static_crystal_polymer,C,
4BG6,diffdock,scored,0.27249,gnina v1.3.3 master:6fe1ce2   Built Jun 30 2026.,static_crystal_polymer,C,
4BGK,equibind,scored,0.00014,gnina v1.3.3 master:6fe1ce2   Built Jun 30 2026.,static_crystal_polymer,,
4BGK,diffdock,scored,0.83407,gnina v1.3.3 master:6fe1ce2   Built Jun 30 2026.,static_crystal_polymer,,
4BGX,equibind,scored,0.00329,gnina v1.3.3 master:6fe1ce2   Built Jun 30 2026.,static_crystal_polymer,C,
4BGX,diffdock,scored,0.59781,gnina v1.3.3 master:6fe1ce2   Built Jun 30 2026.,static_crystal_polymer,C,
4BGY,equibind,scored,0.0769,gnina v1.3.3 master:6fe1ce2   Built Jun 30 2026.,static_crystal_polymer,E,
4BGY,diffdock,scored,0.02021,gnina v1.3.3 master:6fe1ce2   Built Jun 30 2026.,static_crystal_polymer,E,
4BH3,equibind,scored,1e-05,gnina v1.3.3 master:6fe1ce2   Built Jun 30 2026.,static_crystal_polymer,D,
4BH3,diffdock,scored,0.41023,gnina v1.3.3 master:6fe1ce2   Built Jun 30 2026.,static_crystal_polymer,D,
4BPI,equibind,scored,0.0,gnina v1.3.3 master:6fe1ce2   Built Jun 30 2026.,static_crystal_polymer,,
4BPI,diffdock,scored,8e-05,gnina v1.3.3 master:6fe1ce2   Built Jun 30 2026.,static_crystal_polymer,,
4BT9,equibind,scored,0.00012,gnina v1.3.3 master:6fe1ce2   Built Jun 30 2026.,static_crystal_polymer,C,
4BT9,diffdock,scored,0.47502,gnina v1.3.3 master:6fe1ce2   Built Jun 30 2026.,static_crystal_polymer,C,
4BH4,equibind,scored,0.0,gnina v1.3.3 master:6fe1ce2   Built Jun 30 2026.,static_crystal_polymer,D,
4BH4,diffdock,scored,0.2116,gnina v1.3.3 master:6fe1ce2   Built Jun 30 2026.,static_crystal_polymer,D,
4BTB,equibind,scored,0.0,gnina v1.3.3 master:6fe1ce2   Built Jun 30 2026.,static_crystal_polymer,B,
4BTB,diffdock,scored,0.11541,gnina v1.3.3 master:6fe1ce2   Built Jun 30 2026.,static_crystal_polymer,B,
4BXU,equibind,scored,0.0,gnina v1.3.3 master:6fe1ce2   Built Jun 30 2026.,static_crystal_polymer,,
4BXU,diffdock,scored,0.01744,gnina v1.3.3 master:6fe1ce2   Built Jun 30 2026.,static_crystal_polymer,,
4C1T,equibind,scored,5e-05,gnina v1.3.3 master:6fe1ce2   Built Jun 30 2026.,static_crystal_polymer,B,
4C1T,diffdock,scored,0.33033,gnina v1.3.3 master:6fe1ce2   Built Jun 30 2026.,static_crystal_polymer,B,
4BV2,equibind,scored,3e-05,gnina v1.3.3 master:6fe1ce2   Built Jun 30 2026.,static_crystal_polymer,,
4BV2,diffdock,scored,9e-05,gnina v1.3.3 master:6fe1ce2   Built Jun 30 2026.,static_crystal_polymer,,
4C1U,equibind,scored,2e-05,gnina v1.3.3 master:6fe1ce2   Built Jun 30 2026.,static_crystal_polymer,B,
4C1U,diffdock,scored,0.23281,gnina v1.3.3 master:6fe1ce2   Built Jun 30 2026.,static_crystal_polymer,B,
4C16,equibind,scored,2e-05,gnina v1.3.3 master:6fe1ce2   Built Jun 30 2026.,static_crystal_polymer,,
4C16,diffdock,scored,0.09892,gnina v1.3.3 master:6fe1ce2   Built Jun 30 2026.,static_crystal_polymer,,
4CC2,equibind,scored,0.0,gnina v1.3.3 master:6fe1ce2   Built Jun 30 2026.,static_crystal_polymer,B,
4CC2,diffdock,scored,0.01205,gnina v1.3.3 master:6fe1ce2   Built Jun 30 2026.,static_crystal_polymer,B,
4C1W,equibind,scored,0.01917,gnina v1.3.3 master:6fe1ce2   Built Jun 30 2026.,static_crystal_polymer,B,
4C1W,diffdock,scored,0.53534,gnina v1.3.3 master:6fe1ce2   Built Jun 30 2026.,static_crystal_polymer,B,
4CC3,equibind,scored,0.0,gnina v1.3.3 master:6fe1ce2   Built Jun 30 2026.,static_crystal_polymer,B;D;F;H,
4CC3,diffdock,scored,0.00384,gnina v1.3.3 master:6fe1ce2   Built Jun 30 2026.,static_crystal_polymer,B;D;F;H,
4C4N,equibind,scored,0.00294,gnina v1.3.3 master:6fe1ce2   Built Jun 30 2026.,static_crystal_polymer,,
4C4N,diffdock,scored,0.00084,gnina v1.3.3 master:6fe1ce2   Built Jun 30 2026.,static_crystal_polymer,,
4BLB,equibind,scored,0.00221,gnina v1.3.3 master:6fe1ce2   Built Jun 30 2026.,static_crystal_polymer,,
4BLB,diffdock,scored,0.00328,gnina v1.3.3 master:6fe1ce2   Built Jun 30 2026.,static_crystal_polymer,,
4CD8,equibind,scored,0.17488,gnina v1.3.3 master:6fe1ce2   Built Jun 30 2026.,static_crystal_polymer,,
4CD8,diffdock,scored,0.08581,gnina v1.3.3 master:6fe1ce2   Built Jun 30 2026.,static_crystal_polymer,,
4CD6,equibind,scored,0.01817,gnina v1.3.3 master:6fe1ce2   Built Jun 30 2026.,static_crystal_polymer,,
4CD6,diffdock,scored,0.16757,gnina v1.3.3 master:6fe1ce2   Built Jun 30 2026.,static_crystal_polymer,,
4CD4,equibind,scored,0.15559,gnina v1.3.3 master:6fe1ce2   Built Jun 30 2026.,static_crystal_polymer,,
4CD4,diffdock,scored,0.78088,gnina v1.3.3 master:6fe1ce2   Built Jun 30 2026.,static_crystal_polymer,,
4CD5,equibind,scored,0.2879,gnina v1.3.3 master:6fe1ce2   Built Jun 30 2026.,static_crystal_polymer,,
4CD5,diffdock,scored,0.93541,gnina v1.3.3 master:6fe1ce2   Built Jun 30 2026.,static_crystal_polymer,,
4CC7,equibind,scored,0.0,gnina v1.3.3 master:6fe1ce2   Built Jun 30 2026.,static_crystal_polymer,B,
4CC7,diffdock,scored,0.10959,gnina v1.3.3 master:6fe1ce2   Built Jun 30 2026.,static_crystal_polymer,B,
4D2D,equibind,scored,0.41685,gnina v1.3.3 master:6fe1ce2   Built Jun 30 2026.,static_crystal_polymer,B,
4D2D,diffdock,scored,0.36112,gnina v1.3.3 master:6fe1ce2   Built Jun 30 2026.,static_crystal_polymer,B,
4CSY,equibind,scored,0.49866,gnina v1.3.3 master:6fe1ce2   Built Jun 30 2026.,static_crystal_polymer,C;D,
4CSY,diffdock,scored,0.0249,gnina v1.3.3 master:6fe1ce2   Built Jun 30 2026.,static_crystal_polymer,C;D,
4CY1,equibind,scored,1e-05,gnina v1.3.3 master:6fe1ce2   Built Jun 30 2026.,static_crystal_polymer,C;D,
4CY1,diffdock,scored,0.05351,gnina v1.3.3 master:6fe1ce2   Built Jun 30 2026.,static_crystal_polymer,C;D,
4D8I,equibind,scored,7e-05,gnina v1.3.3 master:6fe1ce2   Built Jun 30 2026.,static_crystal_polymer,B,
4D8I,diffdock,scored,0.11714,gnina v1.3.3 master:6fe1ce2   Built Jun 30 2026.,static_crystal_polymer,B,
4DFW,equibind,scored,0.00128,gnina v1.3.3 master:6fe1ce2   Built Jun 30 2026.,static_crystal_polymer,B,
4DFW,diffdock,scored,0.01854,gnina v1.3.3 master:6fe1ce2   Built Jun 30 2026.,static_crystal_polymer,B,
4DGB,equibind,scored,0.03772,gnina v1.3.3 master:6fe1ce2   Built Jun 30 2026.,static_crystal_polymer,B,
4DGB,diffdock,scored,0.06237,gnina v1.3.3 master:6fe1ce2   Built Jun 30 2026.,static_crystal_polymer,B,
4D4D,equibind,scored,0.0,gnina v1.3.3 master:6fe1ce2   Built Jun 30 2026.,static_crystal_polymer,,
4D4D,diffdock,scored,0.21857,gnina v1.3.3 master:6fe1ce2   Built Jun 30 2026.,static_crystal_polymer,,
4DJS,equibind,scored,4e-05,gnina v1.3.3 master:6fe1ce2   Built Jun 30 2026.,static_crystal_polymer,,
4DJS,diffdock,scored,0.001,gnina v1.3.3 master:6fe1ce2   Built Jun 30 2026.,static_crystal_polymer,,
4DJ7,equibind,scored,0.04085,gnina v1.3.3 master:6fe1ce2   Built Jun 30 2026.,static_crystal_polymer,H;I;J,
4DJ7,diffdock,scored,0.38877,gnina v1.3.3 master:6fe1ce2   Built Jun 30 2026.,static_crystal_polymer,H;I;J,
4DOW,equibind,scored,0.00026,gnina v1.3.3 master:6fe1ce2   Built Jun 30 2026.,static_crystal_polymer,,
4DOW,diffdock,scored,0.01213,gnina v1.3.3 master:6fe1ce2   Built Jun 30 2026.,static_crystal_polymer,,
4DS1,equibind,scored,0.0,gnina v1.3.3 master:6fe1ce2   Built Jun 30 2026.,static_crystal_polymer,B,
4DS1,diffdock,scored,0.01542,gnina v1.3.3 master:6fe1ce2   Built Jun 30 2026.,static_crystal_polymer,B,
4CDR,equibind,scored,0.0,gnina v1.3.3 master:6fe1ce2   Built Jun 30 2026.,static_crystal_polymer,E;F;G;H,
4CDR,diffdock,scored,0.03502,gnina v1.3.3 master:6fe1ce2   Built Jun 30 2026.,static_crystal_polymer,E;F;G;H,
4DKT,equibind,scored,0.00081,gnina v1.3.3 master:6fe1ce2   Built Jun 30 2026.,static_crystal_polymer,B,
4DKT,diffdock,scored,0.49462,gnina v1.3.3 master:6fe1ce2   Built Jun 30 2026.,static_crystal_polymer,B,
4E34,equibind,scored,2e-05,gnina v1.3.3 master:6fe1ce2   Built Jun 30 2026.,static_crystal_polymer,C;D,
4E34,diffdock,scored,0.09618,gnina v1.3.3 master:6fe1ce2   Built Jun 30 2026.,static_crystal_polymer,C;D,
4DXG,equibind,scored,0.00074,gnina v1.3.3 master:6fe1ce2   Built Jun 30 2026.,static_crystal_polymer,B,
4DXG,diffdock,scored,0.06091,gnina v1.3.3 master:6fe1ce2   Built Jun 30 2026.,static_crystal_polymer,B,
4DV9,equibind,scored,6e-05,gnina v1.3.3 master:6fe1ce2   Built Jun 30 2026.,static_crystal_polymer,B,
4DV9,diffdock,scored,0.33751,gnina v1.3.3 master:6fe1ce2   Built Jun 30 2026.,static_crystal_polymer,B,
4E35,equibind,scored,0.0,gnina v1.3.3 master:6fe1ce2   Built Jun 30 2026.,static_crystal_polymer,C,
4E35,diffdock,scored,0.25977,gnina v1.3.3 master:6fe1ce2   Built Jun 30 2026.,static_crystal_polymer,C,
4E67,equibind,scored,2e-05,gnina v1.3.3 master:6fe1ce2   Built Jun 30 2026.,static_crystal_polymer,B,
4E67,diffdock,scored,0.04177,gnina v1.3.3 master:6fe1ce2   Built Jun 30 2026.,static_crystal_polymer,B,
4E81,equibind,scored,2e-05,gnina v1.3.3 master:6fe1ce2   Built Jun 30 2026.,static_crystal_polymer,C;D,
4E81,diffdock,scored,0.12773,gnina v1.3.3 master:6fe1ce2   Built Jun 30 2026.,static_crystal_polymer,C;D,
4E9D,equibind,scored,0.0,gnina v1.3.3 master:6fe1ce2   Built Jun 30 2026.,static_crystal_polymer,,
4E9D,diffdock,scored,0.01375,gnina v1.3.3 master:6fe1ce2   Built Jun 30 2026.,static_crystal_polymer,,
4E9C,equibind,scored,1e-05,gnina v1.3.3 master:6fe1ce2   Built Jun 30 2026.,static_crystal_polymer,B,
4E9C,diffdock,scored,0.04205,gnina v1.3.3 master:6fe1ce2   Built Jun 30 2026.,static_crystal_polymer,B,
4EJF,equibind,scored,1e-05,gnina v1.3.3 master:6fe1ce2   Built Jun 30 2026.,static_crystal_polymer,,
4EJF,diffdock,scored,0.12827,gnina v1.3.3 master:6fe1ce2   Built Jun 30 2026.,static_crystal_polymer,,
4DX9,equibind,scored,2e-05,gnina v1.3.3 master:6fe1ce2   Built Jun 30 2026.,static_crystal_polymer,,
4ER4,equibind,scored,0.0,gnina v1.3.3 master:6fe1ce2   Built Jun 30 2026.,static_crystal_polymer,B,
4ER4,diffdock,scored,0.00278,gnina v1.3.3 master:6fe1ce2   Built Jun 30 2026.,static_crystal_polymer,B,
4ER2,equibind,scored,0.00048,gnina v1.3.3 master:6fe1ce2   Built Jun 30 2026.,static_crystal_polymer,B,
4ER2,diffdock,scored,0.66192,gnina v1.3.3 master:6fe1ce2   Built Jun 30 2026.,static_crystal_polymer,B,
4ERY,equibind,scored,1e-05,gnina v1.3.3 master:6fe1ce2   Built Jun 30 2026.,static_crystal_polymer,,
4ERY,diffdock,scored,0.00281,gnina v1.3.3 master:6fe1ce2   Built Jun 30 2026.,static_crystal_polymer,,
4ERQ,equibind,scored,3e-05,gnina v1.3.3 master:6fe1ce2   Built Jun 30 2026.,static_crystal_polymer,,
4ERQ,diffdock,scored,0.0059,gnina v1.3.3 master:6fe1ce2   Built Jun 30 2026.,static_crystal_polymer,,
4ES0,equibind,scored,0.00047,gnina v1.3.3 master:6fe1ce2   Built Jun 30 2026.,static_crystal_polymer,,
4ES0,diffdock,scored,0.00343,gnina v1.3.3 master:6fe1ce2   Built Jun 30 2026.,static_crystal_polymer,,
4EST,equibind,scored,9e-05,gnina v1.3.3 master:6fe1ce2   Built Jun 30 2026.,static_crystal_polymer,B,
4EST,diffdock,scored,0.0527,gnina v1.3.3 master:6fe1ce2   Built Jun 30 2026.,static_crystal_polymer,B,
4ESG,equibind,scored,0.0,gnina v1.3.3 master:6fe1ce2   Built Jun 30 2026.,static_crystal_polymer,,
4ESG,diffdock,scored,0.06733,gnina v1.3.3 master:6fe1ce2   Built Jun 30 2026.,static_crystal_polymer,,
4ERZ,equibind,scored,0.0018,gnina v1.3.3 master:6fe1ce2   Built Jun 30 2026.,static_crystal_polymer,,
4ERZ,diffdock,scored,0.01099,gnina v1.3.3 master:6fe1ce2   Built Jun 30 2026.,static_crystal_polymer,,
4EZO,equibind,scored,0.0,gnina v1.3.3 master:6fe1ce2   Built Jun 30 2026.,static_crystal_polymer,,
4EZO,diffdock,scored,0.01156,gnina v1.3.3 master:6fe1ce2   Built Jun 30 2026.,static_crystal_polymer,,
4EXH,equibind,scored,0.00485,gnina v1.3.3 master:6fe1ce2   Built Jun 30 2026.,static_crystal_polymer,C;D,
4EXH,diffdock,scored,0.02545,gnina v1.3.3 master:6fe1ce2   Built Jun 30 2026.,static_crystal_polymer,C;D,
4EWR,equibind,scored,0.0,gnina v1.3.3 master:6fe1ce2   Built Jun 30 2026.,static_crystal_polymer,,
4EWR,diffdock,scored,0.00028,gnina v1.3.3 master:6fe1ce2   Built Jun 30 2026.,static_crystal_polymer,,
4EZQ,equibind,scored,0.0,gnina v1.3.3 master:6fe1ce2   Built Jun 30 2026.,static_crystal_polymer,,
4EZQ,diffdock,scored,0.01789,gnina v1.3.3 master:6fe1ce2   Built Jun 30 2026.,static_crystal_polymer,,
4EZR,equibind,scored,2e-05,gnina v1.3.3 master:6fe1ce2   Built Jun 30 2026.,static_crystal_polymer,B,
4EZR,diffdock,scored,0.0067,gnina v1.3.3 master:6fe1ce2   Built Jun 30 2026.,static_crystal_polymer,B,
4EZW,equibind,scored,8e-05,gnina v1.3.3 master:6fe1ce2   Built Jun 30 2026.,static_crystal_polymer,E;F;G;H,
4EZW,diffdock,scored,0.41376,gnina v1.3.3 master:6fe1ce2   Built Jun 30 2026.,static_crystal_polymer,E;F;G;H,
4EZY,equibind,scored,0.00124,gnina v1.3.3 master:6fe1ce2   Built Jun 30 2026.,static_crystal_polymer,,
4EZY,diffdock,scored,0.41882,gnina v1.3.3 master:6fe1ce2   Built Jun 30 2026.,static_crystal_polymer,,
4EZZ,equibind,scored,0.02197,gnina v1.3.3 master:6fe1ce2   Built Jun 30 2026.,static_crystal_polymer,B,
4EZZ,diffdock,scored,0.09375,gnina v1.3.3 master:6fe1ce2   Built Jun 30 2026.,static_crystal_polymer,B,
4EZX,equibind,scored,0.0,gnina v1.3.3 master:6fe1ce2   Built Jun 30 2026.,static_crystal_polymer,C;D,
4EZX,diffdock,scored,0.10369,gnina v1.3.3 master:6fe1ce2   Built Jun 30 2026.,static_crystal_polymer,C;D,
4EQJ,equibind,scored,0.0,gnina v1.3.3 master:6fe1ce2   Built Jun 30 2026.,static_crystal_polymer,,
4EQJ,diffdock,scored,0.03201,gnina v1.3.3 master:6fe1ce2   Built Jun 30 2026.,static_crystal_polymer,,
4FEM,equibind,scored,0.0,gnina v1.3.3 master:6fe1ce2   Built Jun 30 2026.,static_crystal_polymer,B,
4FEM,diffdock,scored,0.03942,gnina v1.3.3 master:6fe1ce2   Built Jun 30 2026.,static_crystal_polymer,B,
4FE9,equibind,scored,3e-05,gnina v1.3.3 master:6fe1ce2   Built Jun 30 2026.,static_crystal_polymer,C,
4FE9,diffdock,scored,0.25206,gnina v1.3.3 master:6fe1ce2   Built Jun 30 2026.,static_crystal_polymer,C,
4FCM,equibind,scored,1e-05,gnina v1.3.3 master:6fe1ce2   Built Jun 30 2026.,static_crystal_polymer,,
4FCM,diffdock,scored,0.63842,gnina v1.3.3 master:6fe1ce2   Built Jun 30 2026.,static_crystal_polymer,,
4F20,equibind,scored,0.0,gnina v1.3.3 master:6fe1ce2   Built Jun 30 2026.,static_crystal_polymer,,
4F20,diffdock,scored,0.17083,gnina v1.3.3 master:6fe1ce2   Built Jun 30 2026.,static_crystal_polymer,,
4F14,equibind,scored,0.0,gnina v1.3.3 master:6fe1ce2   Built Jun 30 2026.,static_crystal_polymer,,
4F14,diffdock,scored,0.00563,gnina v1.3.3 master:6fe1ce2   Built Jun 30 2026.,static_crystal_polymer,,
4FGT,equibind,scored,0.0001,gnina v1.3.3 master:6fe1ce2   Built Jun 30 2026.,static_crystal_polymer,,
4FGT,diffdock,scored,0.53656,gnina v1.3.3 master:6fe1ce2   Built Jun 30 2026.,static_crystal_polymer,,
4FGX,equibind,scored,0.00046,gnina v1.3.3 master:6fe1ce2   Built Jun 30 2026.,static_crystal_polymer,B,
4FGX,diffdock,scored,0.00875,gnina v1.3.3 master:6fe1ce2   Built Jun 30 2026.,static_crystal_polymer,B,
4FMN,equibind,scored,0.00013,gnina v1.3.3 master:6fe1ce2   Built Jun 30 2026.,static_crystal_polymer,,
4FMN,diffdock,scored,0.01073,gnina v1.3.3 master:6fe1ce2   Built Jun 30 2026.,static_crystal_polymer,,
4FI9,equibind,scored,0.0,gnina v1.3.3 master:6fe1ce2   Built Jun 30 2026.,static_crystal_polymer,B,
4FI9,diffdock,scored,0.00079,gnina v1.3.3 master:6fe1ce2   Built Jun 30 2026.,static_crystal_polymer,B,
4FMO,equibind,scored,5e-05,gnina v1.3.3 master:6fe1ce2   Built Jun 30 2026.,static_crystal_polymer,,
4FMO,diffdock,scored,0.12009,gnina v1.3.3 master:6fe1ce2   Built Jun 30 2026.,static_crystal_polymer,,
4FMQ,equibind,scored,2e-05,gnina v1.3.3 master:6fe1ce2   Built Jun 30 2026.,static_crystal_polymer,,
4FMQ,diffdock,scored,0.02064,gnina v1.3.3 master:6fe1ce2   Built Jun 30 2026.,static_crystal_polymer,,
4FZ3,equibind,scored,0.00056,gnina v1.3.3 master:6fe1ce2   Built Jun 30 2026.,static_crystal_polymer,B,
4FZ3,diffdock,scored,0.35775,gnina v1.3.3 master:6fe1ce2   Built Jun 30 2026.,static_crystal_polymer,B,
4FT2,equibind,scored,0.00145,gnina v1.3.3 master:6fe1ce2   Built Jun 30 2026.,static_crystal_polymer,,
4FT2,diffdock,scored,0.19344,gnina v1.3.3 master:6fe1ce2   Built Jun 30 2026.,static_crystal_polymer,,
4GLY,equibind,scored,0.0003,gnina v1.3.3 master:6fe1ce2   Built Jun 30 2026.,static_crystal_polymer,B,
4GLY,diffdock,scored,0.00109,gnina v1.3.3 master:6fe1ce2   Built Jun 30 2026.,static_crystal_polymer,B,
4GAO,equibind,scored,0.00026,gnina v1.3.3 master:6fe1ce2   Built Jun 30 2026.,static_crystal_polymer,,
4GAO,diffdock,scored,0.12196,gnina v1.3.3 master:6fe1ce2   Built Jun 30 2026.,static_crystal_polymer,,
4G68,equibind,scored,0.01698,gnina v1.3.3 master:6fe1ce2   Built Jun 30 2026.,static_crystal_polymer,D;E,
4G68,diffdock,scored,0.63509,gnina v1.3.3 master:6fe1ce2   Built Jun 30 2026.,static_crystal_polymer,D;E,
4G0A,equibind,scored,0.08239,gnina v1.3.3 master:6fe1ce2   Built Jun 30 2026.,static_crystal_polymer,,
4G0A,diffdock,scored,0.0,gnina v1.3.3 master:6fe1ce2   Built Jun 30 2026.,static_crystal_polymer,,
4GNE,equibind,scored,0.0,gnina v1.3.3 master:6fe1ce2   Built Jun 30 2026.,static_crystal_polymer,,
4GNE,diffdock,scored,0.11943,gnina v1.3.3 master:6fe1ce2   Built Jun 30 2026.,static_crystal_polymer,,
4GM8,equibind,scored,8e-05,gnina v1.3.3 master:6fe1ce2   Built Jun 30 2026.,static_crystal_polymer,E;F;G;H,
4GM8,diffdock,scored,0.66937,gnina v1.3.3 master:6fe1ce2   Built Jun 30 2026.,static_crystal_polymer,E;F;G;H,
4GNG,equibind,scored,0.0,gnina v1.3.3 master:6fe1ce2   Built Jun 30 2026.,static_crystal_polymer,,
4GNG,diffdock,scored,0.05513,gnina v1.3.3 master:6fe1ce2   Built Jun 30 2026.,static_crystal_polymer,,
4GNF,equibind,scored,0.00012,gnina v1.3.3 master:6fe1ce2   Built Jun 30 2026.,static_crystal_polymer,,
4GNF,diffdock,scored,0.00724,gnina v1.3.3 master:6fe1ce2   Built Jun 30 2026.,static_crystal_polymer,,
4GVD,equibind,scored,0.00019,gnina v1.3.3 master:6fe1ce2   Built Jun 30 2026.,static_crystal_polymer,D,
4GVD,diffdock,scored,0.34051,gnina v1.3.3 master:6fe1ce2   Built Jun 30 2026.,static_crystal_polymer,D,
4GWI,equibind,scored,6e-05,gnina v1.3.3 master:6fe1ce2   Built Jun 30 2026.,static_crystal_polymer,B,
4GWI,diffdock,scored,0.03113,gnina v1.3.3 master:6fe1ce2   Built Jun 30 2026.,static_crystal_polymer,B,
4GW1,equibind,scored,0.0,gnina v1.3.3 master:6fe1ce2   Built Jun 30 2026.,static_crystal_polymer,,
4GW1,diffdock,scored,8e-05,gnina v1.3.3 master:6fe1ce2   Built Jun 30 2026.,static_crystal_polymer,,
4GW5,equibind,scored,0.0,gnina v1.3.3 master:6fe1ce2   Built Jun 30 2026.,static_crystal_polymer,,
4GW5,diffdock,scored,0.00016,gnina v1.3.3 master:6fe1ce2   Built Jun 30 2026.,static_crystal_polymer,,
4GY5,equibind,scored,0.0,gnina v1.3.3 master:6fe1ce2   Built Jun 30 2026.,static_crystal_polymer,,
4GY5,diffdock,scored,0.04133,gnina v1.3.3 master:6fe1ce2   Built Jun 30 2026.,static_crystal_polymer,,
4GXL,equibind,scored,4e-05,gnina v1.3.3 master:6fe1ce2   Built Jun 30 2026.,static_crystal_polymer,,
4GXL,diffdock,scored,0.00048,gnina v1.3.3 master:6fe1ce2   Built Jun 30 2026.,static_crystal_polymer,,
4GZW,equibind,scored,0.0,gnina v1.3.3 master:6fe1ce2   Built Jun 30 2026.,static_crystal_polymer,E,
4GZW,diffdock,scored,0.03744,gnina v1.3.3 master:6fe1ce2   Built Jun 30 2026.,static_crystal_polymer,E,
4H36,equibind,scored,0.0,gnina v1.3.3 master:6fe1ce2   Built Jun 30 2026.,static_crystal_polymer,,
4H36,diffdock,scored,0.04031,gnina v1.3.3 master:6fe1ce2   Built Jun 30 2026.,static_crystal_polymer,,
4H39,equibind,scored,0.0,gnina v1.3.3 master:6fe1ce2   Built Jun 30 2026.,static_crystal_polymer,,
4H39,diffdock,scored,0.55386,gnina v1.3.3 master:6fe1ce2   Built Jun 30 2026.,static_crystal_polymer,,
4GPK,equibind,scored,0.01396,gnina v1.3.3 master:6fe1ce2   Built Jun 30 2026.,static_crystal_polymer,M;N;O;P;Q;R;S;T;U;V;W;X,
4GZX,equibind,scored,0.0,gnina v1.3.3 master:6fe1ce2   Built Jun 30 2026.,static_crystal_polymer,E;G,
4GZX,diffdock,scored,0.51401,gnina v1.3.3 master:6fe1ce2   Built Jun 30 2026.,static_crystal_polymer,E;G,
4H3Q,equibind,scored,0.0,gnina v1.3.3 master:6fe1ce2   Built Jun 30 2026.,static_crystal_polymer,,
4H3Q,diffdock,scored,0.01312,gnina v1.3.3 master:6fe1ce2   Built Jun 30 2026.,static_crystal_polymer,,
4H3B,equibind,scored,0.00032,gnina v1.3.3 master:6fe1ce2   Built Jun 30 2026.,static_crystal_polymer,,
4H3B,diffdock,scored,0.00317,gnina v1.3.3 master:6fe1ce2   Built Jun 30 2026.,static_crystal_polymer,,
4H75,equibind,scored,0.0,gnina v1.3.3 master:6fe1ce2   Built Jun 30 2026.,static_crystal_polymer,B,
4H75,diffdock,scored,0.00017,gnina v1.3.3 master:6fe1ce2   Built Jun 30 2026.,static_crystal_polymer,B,
4HFZ,equibind,scored,4e-05,gnina v1.3.3 master:6fe1ce2   Built Jun 30 2026.,static_crystal_polymer,,
4HFZ,diffdock,scored,0.17543,gnina v1.3.3 master:6fe1ce2   Built Jun 30 2026.,static_crystal_polymer,,
4HCZ,equibind,scored,0.0,gnina v1.3.3 master:6fe1ce2   Built Jun 30 2026.,static_crystal_polymer,,
4HCZ,diffdock,scored,0.01038,gnina v1.3.3 master:6fe1ce2   Built Jun 30 2026.,static_crystal_polymer,,
4HGC,equibind,scored,0.0,gnina v1.3.3 master:6fe1ce2   Built Jun 30 2026.,static_crystal_polymer,,
4HGC,diffdock,scored,6e-05,gnina v1.3.3 master:6fe1ce2   Built Jun 30 2026.,static_crystal_polymer,,
4HKP,equibind,scored,0.00022,gnina v1.3.3 master:6fe1ce2   Built Jun 30 2026.,static_crystal_polymer,,
4HKP,diffdock,scored,0.82209,gnina v1.3.3 master:6fe1ce2   Built Jun 30 2026.,static_crystal_polymer,,
4HP0,equibind,scored,0.03074,gnina v1.3.3 master:6fe1ce2   Built Jun 30 2026.,static_crystal_polymer,B,
4HP0,diffdock,scored,0.22623,gnina v1.3.3 master:6fe1ce2   Built Jun 30 2026.,static_crystal_polymer,B,
4HN2,equibind,scored,0.00818,gnina v1.3.3 master:6fe1ce2   Built Jun 30 2026.,static_crystal_polymer,,
4HN2,diffdock,scored,0.11633,gnina v1.3.3 master:6fe1ce2   Built Jun 30 2026.,static_crystal_polymer,,
4HPI,equibind,scored,0.08909,gnina v1.3.3 master:6fe1ce2   Built Jun 30 2026.,static_crystal_polymer,B,
4HPI,diffdock,scored,0.60462,gnina v1.3.3 master:6fe1ce2   Built Jun 30 2026.,static_crystal_polymer,B,
4HPY,equibind,scored,0.0,gnina v1.3.3 master:6fe1ce2   Built Jun 30 2026.,static_crystal_polymer,,
4HPY,diffdock,scored,0.01727,gnina v1.3.3 master:6fe1ce2   Built Jun 30 2026.,static_crystal_polymer,,
4HT6,equibind,scored,0.0,gnina v1.3.3 master:6fe1ce2   Built Jun 30 2026.,static_crystal_polymer,B;D;F,
4HT6,diffdock,scored,0.21541,gnina v1.3.3 master:6fe1ce2   Built Jun 30 2026.,static_crystal_polymer,B;D;F,
4HS8,equibind,scored,0.0,gnina v1.3.3 master:6fe1ce2   Built Jun 30 2026.,static_crystal_polymer,,
4HS8,diffdock,scored,0.00122,gnina v1.3.3 master:6fe1ce2   Built Jun 30 2026.,static_crystal_polymer,,
4HS6,equibind,scored,0.00063,gnina v1.3.3 master:6fe1ce2   Built Jun 30 2026.,static_crystal_polymer,,
4HS6,diffdock,scored,0.0718,gnina v1.3.3 master:6fe1ce2   Built Jun 30 2026.,static_crystal_polymer,,
4HXJ,equibind,scored,0.74133,gnina v1.3.3 master:6fe1ce2   Built Jun 30 2026.,static_crystal_polymer,C,
4HXJ,diffdock,scored,0.33327,gnina v1.3.3 master:6fe1ce2   Built Jun 30 2026.,static_crystal_polymer,C,
4HY9,equibind,scored,0.0,gnina v1.3.3 master:6fe1ce2   Built Jun 30 2026.,static_crystal_polymer,C;D,
4HY9,diffdock,scored,0.3402,gnina v1.3.3 master:6fe1ce2   Built Jun 30 2026.,static_crystal_polymer,C;D,
4HTP,equibind,scored,0.00036,gnina v1.3.3 master:6fe1ce2   Built Jun 30 2026.,static_crystal_polymer,,
4HTP,diffdock,scored,0.04794,gnina v1.3.3 master:6fe1ce2   Built Jun 30 2026.,static_crystal_polymer,,
4I31,equibind,scored,3e-05,gnina v1.3.3 master:6fe1ce2   Built Jun 30 2026.,static_crystal_polymer,,
4I31,diffdock,scored,0.09976,gnina v1.3.3 master:6fe1ce2   Built Jun 30 2026.,static_crystal_polymer,,
4HYB,equibind,scored,0.0,gnina v1.3.3 master:6fe1ce2   Built Jun 30 2026.,static_crystal_polymer,C;D,
4HYB,diffdock,scored,0.03274,gnina v1.3.3 master:6fe1ce2   Built Jun 30 2026.,static_crystal_polymer,C;D,
4I2W,equibind,scored,3e-05,gnina v1.3.3 master:6fe1ce2   Built Jun 30 2026.,static_crystal_polymer,B,
4I2W,diffdock,scored,0.11053,gnina v1.3.3 master:6fe1ce2   Built Jun 30 2026.,static_crystal_polymer,B,
4I2Z,equibind,scored,0.00064,gnina v1.3.3 master:6fe1ce2   Built Jun 30 2026.,static_crystal_polymer,B,
4I2Z,diffdock,scored,0.16261,gnina v1.3.3 master:6fe1ce2   Built Jun 30 2026.,static_crystal_polymer,B,
4I33,equibind,scored,0.0,gnina v1.3.3 master:6fe1ce2   Built Jun 30 2026.,static_crystal_polymer,,
4I33,diffdock,scored,0.07761,gnina v1.3.3 master:6fe1ce2   Built Jun 30 2026.,static_crystal_polymer,,
4I7B,equibind,scored,0.00347,gnina v1.3.3 master:6fe1ce2   Built Jun 30 2026.,static_crystal_polymer,,
4I7B,diffdock,scored,0.00344,gnina v1.3.3 master:6fe1ce2   Built Jun 30 2026.,static_crystal_polymer,,
4I32,equibind,scored,0.0,gnina v1.3.3 master:6fe1ce2   Built Jun 30 2026.,static_crystal_polymer,,
4I32,diffdock,scored,0.04206,gnina v1.3.3 master:6fe1ce2   Built Jun 30 2026.,static_crystal_polymer,,
4IB5,equibind,scored,0.0,gnina v1.3.3 master:6fe1ce2   Built Jun 30 2026.,static_crystal_polymer,,
4I9C,equibind,scored,0.0004,gnina v1.3.3 master:6fe1ce2   Built Jun 30 2026.,static_crystal_polymer,B,
4I9C,diffdock,scored,0.00164,gnina v1.3.3 master:6fe1ce2   Built Jun 30 2026.,static_crystal_polymer,B,
4I80,equibind,scored,0.00012,gnina v1.3.3 master:6fe1ce2   Built Jun 30 2026.,static_crystal_polymer,B,
4I80,diffdock,scored,0.09502,gnina v1.3.3 master:6fe1ce2   Built Jun 30 2026.,static_crystal_polymer,B,
4I7D,equibind,scored,0.0,gnina v1.3.3 master:6fe1ce2   Built Jun 30 2026.,static_crystal_polymer,,
4I7D,diffdock,scored,0.0056,gnina v1.3.3 master:6fe1ce2   Built Jun 30 2026.,static_crystal_polymer,,
4IKN,equibind,scored,5e-05,gnina v1.3.3 master:6fe1ce2   Built Jun 30 2026.,static_crystal_polymer,B,
4IKN,diffdock,scored,0.0383,gnina v1.3.3 master:6fe1ce2   Built Jun 30 2026.,static_crystal_polymer,B,
4IGQ,equibind,scored,0.00011,gnina v1.3.3 master:6fe1ce2   Built Jun 30 2026.,static_crystal_polymer,,
4IGQ,diffdock,scored,0.2788,gnina v1.3.3 master:6fe1ce2   Built Jun 30 2026.,static_crystal_polymer,,
4IGK,equibind,scored,1e-05,gnina v1.3.3 master:6fe1ce2   Built Jun 30 2026.,static_crystal_polymer,,
4IGK,diffdock,scored,0.00804,gnina v1.3.3 master:6fe1ce2   Built Jun 30 2026.,static_crystal_polymer,,
4IHO,equibind,scored,0.00015,gnina v1.3.3 master:6fe1ce2   Built Jun 30 2026.,static_crystal_polymer,C;F,
4IHO,diffdock,scored,0.00101,gnina v1.3.3 master:6fe1ce2   Built Jun 30 2026.,static_crystal_polymer,C;F,
4FZG,equibind,scored,0.34335,gnina v1.3.3 master:6fe1ce2   Built Jun 30 2026.,static_crystal_polymer,CA;DA;EA;FA,
4GK7,equibind,scored,0.36044,gnina v1.3.3 master:6fe1ce2   Built Jun 30 2026.,static_crystal_polymer,CA;DA;EA;FA;GA;HA,
4FZC,equibind,scored,0.3609,gnina v1.3.3 master:6fe1ce2   Built Jun 30 2026.,static_crystal_polymer,CA;DA;EA;FA,
4IMQ,equibind,scored,0.02661,gnina v1.3.3 master:6fe1ce2   Built Jun 30 2026.,static_crystal_polymer,B,
4IMQ,diffdock,scored,0.04025,gnina v1.3.3 master:6fe1ce2   Built Jun 30 2026.,static_crystal_polymer,B,
4IN9,equibind,scored,0.00021,gnina v1.3.3 master:6fe1ce2   Built Jun 30 2026.,static_crystal_polymer,B,
4IN9,diffdock,scored,0.02233,gnina v1.3.3 master:6fe1ce2   Built Jun 30 2026.,static_crystal_polymer,B,
4IMZ,equibind,scored,6e-05,gnina v1.3.3 master:6fe1ce2   Built Jun 30 2026.,static_crystal_polymer,B,
4IMZ,diffdock,scored,0.06809,gnina v1.3.3 master:6fe1ce2   Built Jun 30 2026.,static_crystal_polymer,B,
4IUV,equibind,scored,2e-05,gnina v1.3.3 master:6fe1ce2   Built Jun 30 2026.,static_crystal_polymer,,
4IUV,diffdock,scored,0.00765,gnina v1.3.3 master:6fe1ce2   Built Jun 30 2026.,static_crystal_polymer,,
4IUT,equibind,scored,2e-05,gnina v1.3.3 master:6fe1ce2   Built Jun 30 2026.,static_crystal_polymer,,
4IUT,diffdock,scored,0.2234,gnina v1.3.3 master:6fe1ce2   Built Jun 30 2026.,static_crystal_polymer,,
4IPN,equibind,scored,0.00019,gnina v1.3.3 master:6fe1ce2   Built Jun 30 2026.,static_crystal_polymer,C;D,
4IPN,diffdock,scored,0.16458,gnina v1.3.3 master:6fe1ce2   Built Jun 30 2026.,static_crystal_polymer,C;D,
4IUU,equibind,scored,0.0,gnina v1.3.3 master:6fe1ce2   Built Jun 30 2026.,static_crystal_polymer,,
4IUU,diffdock,scored,0.2631,gnina v1.3.3 master:6fe1ce2   Built Jun 30 2026.,static_crystal_polymer,,
4IUR,equibind,scored,2e-05,gnina v1.3.3 master:6fe1ce2   Built Jun 30 2026.,static_crystal_polymer,,
4IUR,diffdock,scored,0.0034,gnina v1.3.3 master:6fe1ce2   Built Jun 30 2026.,static_crystal_polymer,,
4IS6,equibind,scored,1e-05,gnina v1.3.3 master:6fe1ce2   Built Jun 30 2026.,static_crystal_polymer,,
4IS6,diffdock,scored,0.0023,gnina v1.3.3 master:6fe1ce2   Built Jun 30 2026.,static_crystal_polymer,,
4INH,equibind,scored,2e-05,gnina v1.3.3 master:6fe1ce2   Built Jun 30 2026.,static_crystal_polymer,,
4INH,diffdock,scored,0.00028,gnina v1.3.3 master:6fe1ce2   Built Jun 30 2026.,static_crystal_polymer,,
4J26,equibind,scored,1e-05,gnina v1.3.3 master:6fe1ce2   Built Jun 30 2026.,static_crystal_polymer,,
4J26,diffdock,scored,0.01183,gnina v1.3.3 master:6fe1ce2   Built Jun 30 2026.,static_crystal_polymer,,
4J09,equibind,scored,0.0,gnina v1.3.3 master:6fe1ce2   Built Jun 30 2026.,static_crystal_polymer,,
4J09,diffdock,scored,0.18513,gnina v1.3.3 master:6fe1ce2   Built Jun 30 2026.,static_crystal_polymer,,
4J2C,equibind,scored,0.0,gnina v1.3.3 master:6fe1ce2   Built Jun 30 2026.,static_crystal_polymer,,
4J2C,diffdock,scored,0.00465,gnina v1.3.3 master:6fe1ce2   Built Jun 30 2026.,static_crystal_polymer,,
4J45,equibind,scored,0.0014,gnina v1.3.3 master:6fe1ce2   Built Jun 30 2026.,static_crystal_polymer,B,
4J45,diffdock,scored,0.50739,gnina v1.3.3 master:6fe1ce2   Built Jun 30 2026.,static_crystal_polymer,B,
4J44,equibind,scored,0.00028,gnina v1.3.3 master:6fe1ce2   Built Jun 30 2026.,static_crystal_polymer,B,
4J44,diffdock,scored,0.04984,gnina v1.3.3 master:6fe1ce2   Built Jun 30 2026.,static_crystal_polymer,B,
4J48,equibind,scored,0.00016,gnina v1.3.3 master:6fe1ce2   Built Jun 30 2026.,static_crystal_polymer,,
4J48,diffdock,scored,0.10956,gnina v1.3.3 master:6fe1ce2   Built Jun 30 2026.,static_crystal_polymer,,
4J73,equibind,scored,4e-05,gnina v1.3.3 master:6fe1ce2   Built Jun 30 2026.,static_crystal_polymer,B,
4J73,diffdock,scored,0.24249,gnina v1.3.3 master:6fe1ce2   Built Jun 30 2026.,static_crystal_polymer,B,
4J46,equibind,scored,0.00655,gnina v1.3.3 master:6fe1ce2   Built Jun 30 2026.,static_crystal_polymer,B,
4J46,diffdock,scored,0.41619,gnina v1.3.3 master:6fe1ce2   Built Jun 30 2026.,static_crystal_polymer,B,
4J47,equibind,scored,0.00014,gnina v1.3.3 master:6fe1ce2   Built Jun 30 2026.,static_crystal_polymer,B,
4J47,diffdock,scored,0.33699,gnina v1.3.3 master:6fe1ce2   Built Jun 30 2026.,static_crystal_polymer,B,
4J79,equibind,scored,0.00072,gnina v1.3.3 master:6fe1ce2   Built Jun 30 2026.,static_crystal_polymer,B,
4J79,diffdock,scored,0.05298,gnina v1.3.3 master:6fe1ce2   Built Jun 30 2026.,static_crystal_polymer,B,
4J78,equibind,scored,0.0013,gnina v1.3.3 master:6fe1ce2   Built Jun 30 2026.,static_crystal_polymer,B,
4J78,diffdock,scored,0.12573,gnina v1.3.3 master:6fe1ce2   Built Jun 30 2026.,static_crystal_polymer,B,
4J77,equibind,scored,5e-05,gnina v1.3.3 master:6fe1ce2   Built Jun 30 2026.,static_crystal_polymer,A,
4J77,diffdock,scored,0.27697,gnina v1.3.3 master:6fe1ce2   Built Jun 30 2026.,static_crystal_polymer,A,
4J3U,equibind,scored,0.0,gnina v1.3.3 master:6fe1ce2   Built Jun 30 2026.,static_crystal_polymer,C;D,
4J3U,diffdock,scored,0.30713,gnina v1.3.3 master:6fe1ce2   Built Jun 30 2026.,static_crystal_polymer,C;D,
4J7I,equibind,scored,0.00677,gnina v1.3.3 master:6fe1ce2   Built Jun 30 2026.,static_crystal_polymer,,
4J7I,diffdock,scored,0.67396,gnina v1.3.3 master:6fe1ce2   Built Jun 30 2026.,static_crystal_polymer,,
4J8B,equibind,scored,0.00023,gnina v1.3.3 master:6fe1ce2   Built Jun 30 2026.,static_crystal_polymer,B,
4J8B,diffdock,scored,0.08769,gnina v1.3.3 master:6fe1ce2   Built Jun 30 2026.,static_crystal_polymer,B,
4J84,equibind,scored,0.00018,gnina v1.3.3 master:6fe1ce2   Built Jun 30 2026.,static_crystal_polymer,C,
4J84,diffdock,scored,0.49121,gnina v1.3.3 master:6fe1ce2   Built Jun 30 2026.,static_crystal_polymer,C,
4J86,equibind,scored,0.00672,gnina v1.3.3 master:6fe1ce2   Built Jun 30 2026.,static_crystal_polymer,C;D,
4J86,diffdock,scored,0.05336,gnina v1.3.3 master:6fe1ce2   Built Jun 30 2026.,static_crystal_polymer,C;D,
4J8G,equibind,scored,0.0,gnina v1.3.3 master:6fe1ce2   Built Jun 30 2026.,static_crystal_polymer,C,
4J8G,diffdock,scored,0.00021,gnina v1.3.3 master:6fe1ce2   Built Jun 30 2026.,static_crystal_polymer,C,
4J82,equibind,scored,0.0,gnina v1.3.3 master:6fe1ce2   Built Jun 30 2026.,static_crystal_polymer,C;D,
4J82,diffdock,scored,0.02214,gnina v1.3.3 master:6fe1ce2   Built Jun 30 2026.,static_crystal_polymer,C;D,
4JCK,equibind,scored,0.07895,gnina v1.3.3 master:6fe1ce2   Built Jun 30 2026.,static_crystal_polymer,B,
4JCK,diffdock,scored,0.80745,gnina v1.3.3 master:6fe1ce2   Built Jun 30 2026.,static_crystal_polymer,B,
4JC1,equibind,scored,0.13257,gnina v1.3.3 master:6fe1ce2   Built Jun 30 2026.,static_crystal_polymer,B,
4JC1,diffdock,scored,0.67938,gnina v1.3.3 master:6fe1ce2   Built Jun 30 2026.,static_crystal_polymer,B,
4J8R,equibind,scored,4e-05,gnina v1.3.3 master:6fe1ce2   Built Jun 30 2026.,static_crystal_polymer,,
4J8R,diffdock,scored,0.07837,gnina v1.3.3 master:6fe1ce2   Built Jun 30 2026.,static_crystal_polymer,,
4JE8,equibind,scored,0.00375,gnina v1.3.3 master:6fe1ce2   Built Jun 30 2026.,static_crystal_polymer,,
4JE8,diffdock,scored,0.43721,gnina v1.3.3 master:6fe1ce2   Built Jun 30 2026.,static_crystal_polymer,,
4JFD,equibind,scored,0.00104,gnina v1.3.3 master:6fe1ce2   Built Jun 30 2026.,static_crystal_polymer,C,
4JFD,diffdock,scored,0.00428,gnina v1.3.3 master:6fe1ce2   Built Jun 30 2026.,static_crystal_polymer,C,
4JFE,equibind,scored,0.00015,gnina v1.3.3 master:6fe1ce2   Built Jun 30 2026.,static_crystal_polymer,C,
4JFE,diffdock,scored,0.00027,gnina v1.3.3 master:6fe1ce2   Built Jun 30 2026.,static_crystal_polymer,C,
4JG0,equibind,scored,0.0,gnina v1.3.3 master:6fe1ce2   Built Jun 30 2026.,static_crystal_polymer,,
4JG0,diffdock,scored,0.15436,gnina v1.3.3 master:6fe1ce2   Built Jun 30 2026.,static_crystal_polymer,,
4JG1,equibind,scored,0.0,gnina v1.3.3 master:6fe1ce2   Built Jun 30 2026.,static_crystal_polymer,C,
4JG1,diffdock,scored,0.00033,gnina v1.3.3 master:6fe1ce2   Built Jun 30 2026.,static_crystal_polymer,C,
4JFF,equibind,scored,0.0,gnina v1.3.3 master:6fe1ce2   Built Jun 30 2026.,static_crystal_polymer,C,
4JFF,diffdock,scored,0.00011,gnina v1.3.3 master:6fe1ce2   Built Jun 30 2026.,static_crystal_polymer,C,
4JFX,equibind,scored,6e-05,gnina v1.3.3 master:6fe1ce2   Built Jun 30 2026.,static_crystal_polymer,E,
4JFX,diffdock,scored,0.33097,gnina v1.3.3 master:6fe1ce2   Built Jun 30 2026.,static_crystal_polymer,E,
4JJ8,equibind,scored,0.0,gnina v1.3.3 master:6fe1ce2   Built Jun 30 2026.,static_crystal_polymer,C;D,
4JJ8,diffdock,scored,0.56936,gnina v1.3.3 master:6fe1ce2   Built Jun 30 2026.,static_crystal_polymer,C;D,
4JIZ,equibind,scored,0.0,gnina v1.3.3 master:6fe1ce2   Built Jun 30 2026.,static_crystal_polymer,,
4JIZ,diffdock,scored,0.00017,gnina v1.3.3 master:6fe1ce2   Built Jun 30 2026.,static_crystal_polymer,,
4JJQ,equibind,scored,4e-05,gnina v1.3.3 master:6fe1ce2   Built Jun 30 2026.,static_crystal_polymer,B,
4JJQ,diffdock,scored,0.26365,gnina v1.3.3 master:6fe1ce2   Built Jun 30 2026.,static_crystal_polymer,B,
4JJE,equibind,scored,0.00073,gnina v1.3.3 master:6fe1ce2   Built Jun 30 2026.,static_crystal_polymer,B,
4JJE,diffdock,scored,0.14656,gnina v1.3.3 master:6fe1ce2   Built Jun 30 2026.,static_crystal_polymer,B,
4JOH,equibind,scored,0.00411,gnina v1.3.3 master:6fe1ce2   Built Jun 30 2026.,static_crystal_polymer,D,
4JOH,diffdock,scored,0.2098,gnina v1.3.3 master:6fe1ce2   Built Jun 30 2026.,static_crystal_polymer,D,
4JK6,equibind,scored,0.0,gnina v1.3.3 master:6fe1ce2   Built Jun 30 2026.,static_crystal_polymer,,
4JK6,diffdock,scored,0.0,gnina v1.3.3 master:6fe1ce2   Built Jun 30 2026.,static_crystal_polymer,,
4JK5,equibind,scored,0.0,gnina v1.3.3 master:6fe1ce2   Built Jun 30 2026.,static_crystal_polymer,,
4JK5,diffdock,scored,7e-05,gnina v1.3.3 master:6fe1ce2   Built Jun 30 2026.,static_crystal_polymer,,
4K0O,equibind,scored,0.0001,gnina v1.3.3 master:6fe1ce2   Built Jun 30 2026.,static_crystal_polymer,B,
4K0O,diffdock,scored,0.1731,gnina v1.3.3 master:6fe1ce2   Built Jun 30 2026.,static_crystal_polymer,B,
4JOG,equibind,scored,0.00018,gnina v1.3.3 master:6fe1ce2   Built Jun 30 2026.,static_crystal_polymer,C;D,
4JOG,diffdock,scored,0.0061,gnina v1.3.3 master:6fe1ce2   Built Jun 30 2026.,static_crystal_polymer,C;D,
4JR0,equibind,scored,0.00019,gnina v1.3.3 master:6fe1ce2   Built Jun 30 2026.,static_crystal_polymer,C;D,
4JR0,diffdock,scored,0.2792,gnina v1.3.3 master:6fe1ce2   Built Jun 30 2026.,static_crystal_polymer,C;D,
4K1E,equibind,scored,2e-05,gnina v1.3.3 master:6fe1ce2   Built Jun 30 2026.,static_crystal_polymer,B,
4K1E,diffdock,scored,0.00313,gnina v1.3.3 master:6fe1ce2   Built Jun 30 2026.,static_crystal_polymer,B,
4K3R,equibind,scored,0.22392,gnina v1.3.3 master:6fe1ce2   Built Jun 30 2026.,static_crystal_polymer,C,
4K3R,diffdock,scored,0.6436,gnina v1.3.3 master:6fe1ce2   Built Jun 30 2026.,static_crystal_polymer,C,
4K3O,equibind,scored,0.00249,gnina v1.3.3 master:6fe1ce2   Built Jun 30 2026.,static_crystal_polymer,C,
4K3O,diffdock,scored,0.47305,gnina v1.3.3 master:6fe1ce2   Built Jun 30 2026.,static_crystal_polymer,C,
4K6Y,equibind,scored,0.00012,gnina v1.3.3 master:6fe1ce2   Built Jun 30 2026.,static_crystal_polymer,C,
4K6Y,diffdock,scored,0.00158,gnina v1.3.3 master:6fe1ce2   Built Jun 30 2026.,static_crystal_polymer,C,
4K6U,equibind,scored,0.00012,gnina v1.3.3 master:6fe1ce2   Built Jun 30 2026.,static_crystal_polymer,,
4K6U,diffdock,scored,0.01865,gnina v1.3.3 master:6fe1ce2   Built Jun 30 2026.,static_crystal_polymer,,
4K6V,equibind,scored,0.00017,gnina v1.3.3 master:6fe1ce2   Built Jun 30 2026.,static_crystal_polymer,,
4K6V,diffdock,scored,0.01173,gnina v1.3.3 master:6fe1ce2   Built Jun 30 2026.,static_crystal_polymer,,
4K63,equibind,scored,0.03115,gnina v1.3.3 master:6fe1ce2   Built Jun 30 2026.,static_crystal_polymer,I;J;L,
4K63,diffdock,scored,0.00565,gnina v1.3.3 master:6fe1ce2   Built Jun 30 2026.,static_crystal_polymer,I;J;L,
4K78,equibind,scored,0.00362,gnina v1.3.3 master:6fe1ce2   Built Jun 30 2026.,static_crystal_polymer,B,
4K78,diffdock,scored,0.06981,gnina v1.3.3 master:6fe1ce2   Built Jun 30 2026.,static_crystal_polymer,B,
4K72,equibind,scored,1e-05,gnina v1.3.3 master:6fe1ce2   Built Jun 30 2026.,static_crystal_polymer,C,
4K72,diffdock,scored,0.34987,gnina v1.3.3 master:6fe1ce2   Built Jun 30 2026.,static_crystal_polymer,C,
4K76,equibind,scored,1e-05,gnina v1.3.3 master:6fe1ce2   Built Jun 30 2026.,static_crystal_polymer,E,
4K76,diffdock,scored,0.05031,gnina v1.3.3 master:6fe1ce2   Built Jun 30 2026.,static_crystal_polymer,E,
4K67,equibind,scored,0.83373,gnina v1.3.3 master:6fe1ce2   Built Jun 30 2026.,static_crystal_polymer,I;J,
4K67,diffdock,scored,0.82694,gnina v1.3.3 master:6fe1ce2   Built Jun 30 2026.,static_crystal_polymer,I;J,
4K66,equibind,scored,0.00011,gnina v1.3.3 master:6fe1ce2   Built Jun 30 2026.,static_crystal_polymer,I;J,
4K66,diffdock,scored,0.00685,gnina v1.3.3 master:6fe1ce2   Built Jun 30 2026.,static_crystal_polymer,I;J,
4K64,equibind,scored,8e-05,gnina v1.3.3 master:6fe1ce2   Built Jun 30 2026.,static_crystal_polymer,I;J,
4K64,diffdock,scored,0.23738,gnina v1.3.3 master:6fe1ce2   Built Jun 30 2026.,static_crystal_polymer,I;J,
4KC4,equibind,scored,0.00734,gnina v1.3.3 master:6fe1ce2   Built Jun 30 2026.,static_crystal_polymer,,
4KC4,diffdock,scored,0.68604,gnina v1.3.3 master:6fe1ce2   Built Jun 30 2026.,static_crystal_polymer,,
4KMD,equibind,scored,2e-05,gnina v1.3.3 master:6fe1ce2   Built Jun 30 2026.,static_crystal_polymer,,
4KMD,diffdock,scored,0.14116,gnina v1.3.3 master:6fe1ce2   Built Jun 30 2026.,static_crystal_polymer,,
4KOM,equibind,scored,0.00111,gnina v1.3.3 master:6fe1ce2   Built Jun 30 2026.,static_crystal_polymer,C,
4KOM,diffdock,scored,0.59727,gnina v1.3.3 master:6fe1ce2   Built Jun 30 2026.,static_crystal_polymer,C,
4KON,equibind,scored,0.00046,gnina v1.3.3 master:6fe1ce2   Built Jun 30 2026.,static_crystal_polymer,C,
4KON,diffdock,scored,0.72058,gnina v1.3.3 master:6fe1ce2   Built Jun 30 2026.,static_crystal_polymer,C,
4KTU,equibind,scored,0.0,gnina v1.3.3 master:6fe1ce2   Built Jun 30 2026.,static_crystal_polymer,,
4KTU,diffdock,scored,1e-05,gnina v1.3.3 master:6fe1ce2   Built Jun 30 2026.,static_crystal_polymer,,
4KX8,equibind,scored,0.0083,gnina v1.3.3 master:6fe1ce2   Built Jun 30 2026.,static_crystal_polymer,B,
4KX8,diffdock,scored,0.02567,gnina v1.3.3 master:6fe1ce2   Built Jun 30 2026.,static_crystal_polymer,B,
4L1U,equibind,scored,6e-05,gnina v1.3.3 master:6fe1ce2   Built Jun 30 2026.,static_crystal_polymer,,
4L1U,diffdock,scored,0.14607,gnina v1.3.3 master:6fe1ce2   Built Jun 30 2026.,static_crystal_polymer,,
4LG6,equibind,scored,9e-05,gnina v1.3.3 master:6fe1ce2   Built Jun 30 2026.,static_crystal_polymer,B,
4LG6,diffdock,scored,0.07146,gnina v1.3.3 master:6fe1ce2   Built Jun 30 2026.,static_crystal_polymer,B,
4LBL,equibind,scored,0.00118,gnina v1.3.3 master:6fe1ce2   Built Jun 30 2026.,static_crystal_polymer,B,
4LBL,diffdock,scored,0.04124,gnina v1.3.3 master:6fe1ce2   Built Jun 30 2026.,static_crystal_polymer,B,
4L58,equibind,scored,2e-05,gnina v1.3.3 master:6fe1ce2   Built Jun 30 2026.,static_crystal_polymer,,
4L58,diffdock,scored,0.00012,gnina v1.3.3 master:6fe1ce2   Built Jun 30 2026.,static_crystal_polymer,,
4LBO,equibind,scored,0.02078,gnina v1.3.3 master:6fe1ce2   Built Jun 30 2026.,static_crystal_polymer,B,
4LBO,diffdock,scored,0.18964,gnina v1.3.3 master:6fe1ce2   Built Jun 30 2026.,static_crystal_polymer,B,
4LJH,equibind,scored,0.30394,gnina v1.3.3 master:6fe1ce2   Built Jun 30 2026.,static_crystal_polymer,,
4LJH,diffdock,scored,0.39146,gnina v1.3.3 master:6fe1ce2   Built Jun 30 2026.,static_crystal_polymer,,
4L6T,equibind,scored,0.0,gnina v1.3.3 master:6fe1ce2   Built Jun 30 2026.,static_crystal_polymer,G;H;I;J;K,
4L6T,diffdock,scored,0.04678,gnina v1.3.3 master:6fe1ce2   Built Jun 30 2026.,static_crystal_polymer,G;H;I;J;K,
4LK7,equibind,scored,0.00824,gnina v1.3.3 master:6fe1ce2   Built Jun 30 2026.,static_crystal_polymer,,
4LK7,diffdock,scored,0.9181,gnina v1.3.3 master:6fe1ce2   Built Jun 30 2026.,static_crystal_polymer,,
4LKE,equibind,scored,0.0,gnina v1.3.3 master:6fe1ce2   Built Jun 30 2026.,static_crystal_polymer,,
4LKE,diffdock,scored,0.63596,gnina v1.3.3 master:6fe1ce2   Built Jun 30 2026.,static_crystal_polymer,,
4LKJ,equibind,scored,0.00114,gnina v1.3.3 master:6fe1ce2   Built Jun 30 2026.,static_crystal_polymer,C,
4LKJ,diffdock,scored,0.19429,gnina v1.3.3 master:6fe1ce2   Built Jun 30 2026.,static_crystal_polymer,C,
4LKG,equibind,scored,0.54588,gnina v1.3.3 master:6fe1ce2   Built Jun 30 2026.,static_crystal_polymer,G,
4LKG,diffdock,scored,0.0148,gnina v1.3.3 master:6fe1ce2   Built Jun 30 2026.,static_crystal_polymer,G,
4LKL,equibind,scored,5e-05,gnina v1.3.3 master:6fe1ce2   Built Jun 30 2026.,static_crystal_polymer,,
4LKL,diffdock,scored,0.00496,gnina v1.3.3 master:6fe1ce2   Built Jun 30 2026.,static_crystal_polymer,,
4LN2,equibind,scored,0.0,gnina v1.3.3 master:6fe1ce2   Built Jun 30 2026.,static_crystal_polymer,B,
4LN2,diffdock,scored,0.039,gnina v1.3.3 master:6fe1ce2   Built Jun 30 2026.,static_crystal_polymer,B,
4M7J,equibind,scored,0.0,gnina v1.3.3 master:6fe1ce2   Built Jun 30 2026.,static_crystal_polymer,C,
4M7J,diffdock,scored,0.04737,gnina v1.3.3 master:6fe1ce2   Built Jun 30 2026.,static_crystal_polymer,C,
4LKK,equibind,scored,2e-05,gnina v1.3.3 master:6fe1ce2   Built Jun 30 2026.,static_crystal_polymer,C,
4LKK,diffdock,scored,0.26046,gnina v1.3.3 master:6fe1ce2   Built Jun 30 2026.,static_crystal_polymer,C,
4LNP,equibind,scored,2e-05,gnina v1.3.3 master:6fe1ce2   Built Jun 30 2026.,static_crystal_polymer,,
4LNP,diffdock,scored,4e-05,gnina v1.3.3 master:6fe1ce2   Built Jun 30 2026.,static_crystal_polymer,,
4LKM,equibind,scored,0.0,gnina v1.3.3 master:6fe1ce2   Built Jun 30 2026.,static_crystal_polymer,B,
4LKM,diffdock,scored,0.31476,gnina v1.3.3 master:6fe1ce2   Built Jun 30 2026.,static_crystal_polymer,B,
4LP9,equibind,scored,0.0,gnina v1.3.3 master:6fe1ce2   Built Jun 30 2026.,static_crystal_polymer,B,
4LP9,diffdock,scored,0.00641,gnina v1.3.3 master:6fe1ce2   Built Jun 30 2026.,static_crystal_polymer,B,
4MBP,equibind,scored,4e-05,gnina v1.3.3 master:6fe1ce2   Built Jun 30 2026.,static_crystal_polymer,B,
4MBP,diffdock,scored,0.45198,gnina v1.3.3 master:6fe1ce2   Built Jun 30 2026.,static_crystal_polymer,B,
4MN3,equibind,scored,5e-05,gnina v1.3.3 master:6fe1ce2   Built Jun 30 2026.,static_crystal_polymer,B,
4MN3,diffdock,scored,0.14165,gnina v1.3.3 master:6fe1ce2   Built Jun 30 2026.,static_crystal_polymer,B,
4MNVB,equibind,scored,0.00013,gnina v1.3.3 master:6fe1ce2   Built Jun 30 2026.,static_crystal_polymer,C,
4MNVB,diffdock,scored,0.06562,gnina v1.3.3 master:6fe1ce2   Built Jun 30 2026.,static_crystal_polymer,C,
4MNVA,equibind,scored,5e-05,gnina v1.3.3 master:6fe1ce2   Built Jun 30 2026.,static_crystal_polymer,,
4MNVA,diffdock,scored,0.01576,gnina v1.3.3 master:6fe1ce2   Built Jun 30 2026.,static_crystal_polymer,,
4MNW,equibind,scored,0.0,gnina v1.3.3 master:6fe1ce2   Built Jun 30 2026.,static_crystal_polymer,B,
4MNW,diffdock,scored,0.00425,gnina v1.3.3 master:6fe1ce2   Built Jun 30 2026.,static_crystal_polymer,B,
4MNX,equibind,scored,0.0,gnina v1.3.3 master:6fe1ce2   Built Jun 30 2026.,static_crystal_polymer,B,
4MNX,diffdock,scored,0.27243,gnina v1.3.3 master:6fe1ce2   Built Jun 30 2026.,static_crystal_polymer,B,
4MNY,equibind,scored,0.0,gnina v1.3.3 master:6fe1ce2   Built Jun 30 2026.,static_crystal_polymer,C;D,
4MNY,diffdock,scored,0.03251,gnina v1.3.3 master:6fe1ce2   Built Jun 30 2026.,static_crystal_polymer,C;D,
4MNQ,equibind,scored,0.0,gnina v1.3.3 master:6fe1ce2   Built Jun 30 2026.,static_crystal_polymer,C,
4MNQ,diffdock,scored,0.00251,gnina v1.3.3 master:6fe1ce2   Built Jun 30 2026.,static_crystal_polymer,C,
4MJI,equibind,scored,0.00366,gnina v1.3.3 master:6fe1ce2   Built Jun 30 2026.,static_crystal_polymer,C;H,
4MJI,diffdock,scored,0.00171,gnina v1.3.3 master:6fe1ce2   Built Jun 30 2026.,static_crystal_polymer,C;H,
4MRD,equibind,scored,0.17719,gnina v1.3.3 master:6fe1ce2   Built Jun 30 2026.,static_crystal_polymer,B,
4MRD,diffdock,scored,0.02216,gnina v1.3.3 master:6fe1ce2   Built Jun 30 2026.,static_crystal_polymer,B,
4MZH,equibind,scored,1e-05,gnina v1.3.3 master:6fe1ce2   Built Jun 30 2026.,static_crystal_polymer,,
4MZH,diffdock,scored,0.00146,gnina v1.3.3 master:6fe1ce2   Built Jun 30 2026.,static_crystal_polymer,,
4MZK,equibind,scored,1e-05,gnina v1.3.3 master:6fe1ce2   Built Jun 30 2026.,static_crystal_polymer,,
4MZK,diffdock,scored,4e-05,gnina v1.3.3 master:6fe1ce2   Built Jun 30 2026.,static_crystal_polymer,,
4MZL,equibind,scored,1e-05,gnina v1.3.3 master:6fe1ce2   Built Jun 30 2026.,static_crystal_polymer,,
4MZL,diffdock,scored,0.04249,gnina v1.3.3 master:6fe1ce2   Built Jun 30 2026.,static_crystal_polymer,,
4MZJ,equibind,scored,0.0,gnina v1.3.3 master:6fe1ce2   Built Jun 30 2026.,static_crystal_polymer,,
4MZJ,diffdock,scored,0.00354,gnina v1.3.3 master:6fe1ce2   Built Jun 30 2026.,static_crystal_polymer,,
4MZ6,equibind,scored,1e-05,gnina v1.3.3 master:6fe1ce2   Built Jun 30 2026.,static_crystal_polymer,,
4MZ6,diffdock,scored,0.0323,gnina v1.3.3 master:6fe1ce2   Built Jun 30 2026.,static_crystal_polymer,,
4MVN,equibind,scored,0.10055,gnina v1.3.3 master:6fe1ce2   Built Jun 30 2026.,static_crystal_polymer,,
4MVN,diffdock,scored,0.26679,gnina v1.3.3 master:6fe1ce2   Built Jun 30 2026.,static_crystal_polymer,,
4MZ5,equibind,scored,4e-05,gnina v1.3.3 master:6fe1ce2   Built Jun 30 2026.,static_crystal_polymer,,
4MZ5,diffdock,scored,0.00392,gnina v1.3.3 master:6fe1ce2   Built Jun 30 2026.,static_crystal_polymer,,
4N5T,equibind,scored,0.0,gnina v1.3.3 master:6fe1ce2   Built Jun 30 2026.,static_crystal_polymer,B,
4N5T,diffdock,scored,0.00138,gnina v1.3.3 master:6fe1ce2   Built Jun 30 2026.,static_crystal_polymer,B,
4N7G,equibind,scored,0.0,gnina v1.3.3 master:6fe1ce2   Built Jun 30 2026.,static_crystal_polymer,,
4N7G,diffdock,scored,0.00374,gnina v1.3.3 master:6fe1ce2   Built Jun 30 2026.,static_crystal_polymer,,
4N7H,equibind,scored,0.0,gnina v1.3.3 master:6fe1ce2   Built Jun 30 2026.,static_crystal_polymer,,
4N7H,diffdock,scored,0.00134,gnina v1.3.3 master:6fe1ce2   Built Jun 30 2026.,static_crystal_polymer,,
4N7Y,equibind,scored,1e-05,gnina v1.3.3 master:6fe1ce2   Built Jun 30 2026.,static_crystal_polymer,,
4N7Y,diffdock,scored,0.00684,gnina v1.3.3 master:6fe1ce2   Built Jun 30 2026.,static_crystal_polymer,,
4NMQ,equibind,scored,2e-05,gnina v1.3.3 master:6fe1ce2   Built Jun 30 2026.,static_crystal_polymer,,
4NMQ,diffdock,scored,0.00348,gnina v1.3.3 master:6fe1ce2   Built Jun 30 2026.,static_crystal_polymer,,
4NMO,equibind,scored,0.00049,gnina v1.3.3 master:6fe1ce2   Built Jun 30 2026.,static_crystal_polymer,C,
4NMO,diffdock,scored,0.00167,gnina v1.3.3 master:6fe1ce2   Built Jun 30 2026.,static_crystal_polymer,C,
4NHC,equibind,scored,2e-05,gnina v1.3.3 master:6fe1ce2   Built Jun 30 2026.,static_crystal_polymer,C,
4NHC,diffdock,scored,0.0,gnina v1.3.3 master:6fe1ce2   Built Jun 30 2026.,static_crystal_polymer,C,
4NMP,equibind,scored,0.0,gnina v1.3.3 master:6fe1ce2   Built Jun 30 2026.,static_crystal_polymer,C,
4NMP,diffdock,scored,0.0021,gnina v1.3.3 master:6fe1ce2   Built Jun 30 2026.,static_crystal_polymer,C,
4N84,equibind,scored,0.00016,gnina v1.3.3 master:6fe1ce2   Built Jun 30 2026.,static_crystal_polymer,,
4N84,diffdock,scored,0.01687,gnina v1.3.3 master:6fe1ce2   Built Jun 30 2026.,static_crystal_polymer,,
4NMS,equibind,scored,6e-05,gnina v1.3.3 master:6fe1ce2   Built Jun 30 2026.,static_crystal_polymer,C,
4NMS,diffdock,scored,9e-05,gnina v1.3.3 master:6fe1ce2   Built Jun 30 2026.,static_crystal_polymer,C,
4NMR,equibind,scored,6e-05,gnina v1.3.3 master:6fe1ce2   Built Jun 30 2026.,static_crystal_polymer,C,
4NMR,diffdock,scored,0.03241,gnina v1.3.3 master:6fe1ce2   Built Jun 30 2026.,static_crystal_polymer,C,
4NRM,equibind,scored,0.42012,gnina v1.3.3 master:6fe1ce2   Built Jun 30 2026.,static_crystal_polymer,,
4NRM,diffdock,scored,0.27405,gnina v1.3.3 master:6fe1ce2   Built Jun 30 2026.,static_crystal_polymer,,
4NMV,equibind,scored,1e-05,gnina v1.3.3 master:6fe1ce2   Built Jun 30 2026.,static_crystal_polymer,C,
4NMV,diffdock,scored,0.00037,gnina v1.3.3 master:6fe1ce2   Built Jun 30 2026.,static_crystal_polymer,C,
4NUF,equibind,scored,2e-05,gnina v1.3.3 master:6fe1ce2   Built Jun 30 2026.,static_crystal_polymer,,
4NUF,diffdock,scored,0.07317,gnina v1.3.3 master:6fe1ce2   Built Jun 30 2026.,static_crystal_polymer,,
4NZM,equibind,scored,0.03915,gnina v1.3.3 master:6fe1ce2   Built Jun 30 2026.,static_crystal_polymer,,
4NZM,diffdock,scored,0.07872,gnina v1.3.3 master:6fe1ce2   Built Jun 30 2026.,static_crystal_polymer,,
4NXR,equibind,scored,0.00117,gnina v1.3.3 master:6fe1ce2   Built Jun 30 2026.,static_crystal_polymer,B,
4NXR,diffdock,scored,0.18423,gnina v1.3.3 master:6fe1ce2   Built Jun 30 2026.,static_crystal_polymer,B,
4NZO,equibind,scored,0.00575,gnina v1.3.3 master:6fe1ce2   Built Jun 30 2026.,static_crystal_polymer,,
4NZO,diffdock,scored,0.09257,gnina v1.3.3 master:6fe1ce2   Built Jun 30 2026.,static_crystal_polymer,,
4NZN,equibind,scored,0.00837,gnina v1.3.3 master:6fe1ce2   Built Jun 30 2026.,static_crystal_polymer,,
4NZN,diffdock,scored,0.06915,gnina v1.3.3 master:6fe1ce2   Built Jun 30 2026.,static_crystal_polymer,,
4NY3,equibind,scored,0.03651,gnina v1.3.3 master:6fe1ce2   Built Jun 30 2026.,static_crystal_polymer,C;D,
4NY3,diffdock,scored,0.00706,gnina v1.3.3 master:6fe1ce2   Built Jun 30 2026.,static_crystal_polymer,C;D,
4O2C,equibind,scored,0.00023,gnina v1.3.3 master:6fe1ce2   Built Jun 30 2026.,static_crystal_polymer,C,
4O2C,diffdock,scored,0.216,gnina v1.3.3 master:6fe1ce2   Built Jun 30 2026.,static_crystal_polymer,C,
4O2E,equibind,scored,4e-05,gnina v1.3.3 master:6fe1ce2   Built Jun 30 2026.,static_crystal_polymer,C;F,
4O2E,diffdock,scored,0.12787,gnina v1.3.3 master:6fe1ce2   Built Jun 30 2026.,static_crystal_polymer,C;F,
4O2F,equibind,scored,3e-05,gnina v1.3.3 master:6fe1ce2   Built Jun 30 2026.,static_crystal_polymer,C;F,
4O2F,diffdock,scored,0.03369,gnina v1.3.3 master:6fe1ce2   Built Jun 30 2026.,static_crystal_polymer,C;F,
4O62,equibind,scored,0.0002,gnina v1.3.3 master:6fe1ce2   Built Jun 30 2026.,static_crystal_polymer,,
4O62,diffdock,scored,0.16766,gnina v1.3.3 master:6fe1ce2   Built Jun 30 2026.,static_crystal_polymer,,
4O36,equibind,scored,0.0,gnina v1.3.3 master:6fe1ce2   Built Jun 30 2026.,static_crystal_polymer,A,
4O36,diffdock,scored,0.01008,gnina v1.3.3 master:6fe1ce2   Built Jun 30 2026.,static_crystal_polymer,A,
4O45,equibind,scored,0.00149,gnina v1.3.3 master:6fe1ce2   Built Jun 30 2026.,static_crystal_polymer,,
4O45,diffdock,scored,0.01575,gnina v1.3.3 master:6fe1ce2   Built Jun 30 2026.,static_crystal_polymer,,
4OAK,equibind,scored,0.13722,gnina v1.3.3 master:6fe1ce2   Built Jun 30 2026.,static_crystal_polymer,,
4OAK,diffdock,scored,0.69825,gnina v1.3.3 master:6fe1ce2   Built Jun 30 2026.,static_crystal_polymer,,
4O9W,equibind,scored,0.00013,gnina v1.3.3 master:6fe1ce2   Built Jun 30 2026.,static_crystal_polymer,B,
4O9W,diffdock,scored,0.06375,gnina v1.3.3 master:6fe1ce2   Built Jun 30 2026.,static_crystal_polymer,B,
4O4Y,equibind,scored,0.00362,gnina v1.3.3 master:6fe1ce2   Built Jun 30 2026.,static_crystal_polymer,C,
4O4Y,diffdock,scored,0.45121,gnina v1.3.3 master:6fe1ce2   Built Jun 30 2026.,static_crystal_polymer,C,
4O3T,equibind,scored,1e-05,gnina v1.3.3 master:6fe1ce2   Built Jun 30 2026.,static_crystal_polymer,,
4O3T,diffdock,scored,0.06166,gnina v1.3.3 master:6fe1ce2   Built Jun 30 2026.,static_crystal_polymer,,
4ODK,equibind,scored,2e-05,gnina v1.3.3 master:6fe1ce2   Built Jun 30 2026.,static_crystal_polymer,B,
4ODK,diffdock,scored,0.15606,gnina v1.3.3 master:6fe1ce2   Built Jun 30 2026.,static_crystal_polymer,B,
4OD7,equibind,scored,0.0,gnina v1.3.3 master:6fe1ce2   Built Jun 30 2026.,static_crystal_polymer,D;E;F,
4OD7,diffdock,scored,0.11043,gnina v1.3.3 master:6fe1ce2   Built Jun 30 2026.,static_crystal_polymer,D;E;F,
4OEE,equibind,scored,0.47514,gnina v1.3.3 master:6fe1ce2   Built Jun 30 2026.,static_crystal_polymer,B,
4OEE,diffdock,scored,0.4669,gnina v1.3.3 master:6fe1ce2   Built Jun 30 2026.,static_crystal_polymer,B,
4ODQ,equibind,scored,0.0,gnina v1.3.3 master:6fe1ce2   Built Jun 30 2026.,static_crystal_polymer,,
4ODQ,diffdock,scored,0.34009,gnina v1.3.3 master:6fe1ce2   Built Jun 30 2026.,static_crystal_polymer,,
4ODP,equibind,scored,1e-05,gnina v1.3.3 master:6fe1ce2   Built Jun 30 2026.,static_crystal_polymer,,
4ODP,diffdock,scored,0.02779,gnina v1.3.3 master:6fe1ce2   Built Jun 30 2026.,static_crystal_polymer,,
4ODL,equibind,scored,0.00088,gnina v1.3.3 master:6fe1ce2   Built Jun 30 2026.,static_crystal_polymer,D;E;F,
4ODL,diffdock,scored,0.0002,gnina v1.3.3 master:6fe1ce2   Built Jun 30 2026.,static_crystal_polymer,D;E;F,
4OEG,equibind,scored,0.01328,gnina v1.3.3 master:6fe1ce2   Built Jun 30 2026.,static_crystal_polymer,B,
4OEG,diffdock,scored,0.47962,gnina v1.3.3 master:6fe1ce2   Built Jun 30 2026.,static_crystal_polymer,B,
4OEM,equibind,scored,0.00449,gnina v1.3.3 master:6fe1ce2   Built Jun 30 2026.,static_crystal_polymer,,
4OEM,diffdock,scored,0.69529,gnina v1.3.3 master:6fe1ce2   Built Jun 30 2026.,static_crystal_polymer,,
4OEL,equibind,scored,0.14508,gnina v1.3.3 master:6fe1ce2   Built Jun 30 2026.,static_crystal_polymer,,
4OEL,diffdock,scored,0.12792,gnina v1.3.3 master:6fe1ce2   Built Jun 30 2026.,static_crystal_polymer,,
4OFB,equibind,scored,0.0,gnina v1.3.3 master:6fe1ce2   Built Jun 30 2026.,static_crystal_polymer,B,
4OFB,diffdock,scored,0.03444,gnina v1.3.3 master:6fe1ce2   Built Jun 30 2026.,static_crystal_polymer,B,
4ONF,equibind,scored,0.0,gnina v1.3.3 master:6fe1ce2   Built Jun 30 2026.,static_crystal_polymer,,
4ONF,diffdock,scored,0.01131,gnina v1.3.3 master:6fe1ce2   Built Jun 30 2026.,static_crystal_polymer,,
4MEX,equibind,scored,0.0,gnina v1.3.3 master:6fe1ce2   Built Jun 30 2026.,static_crystal_polymer,M;N,
4OS1,equibind,scored,0.0,gnina v1.3.3 master:6fe1ce2   Built Jun 30 2026.,static_crystal_polymer,B,
4OS1,diffdock,scored,0.0017,gnina v1.3.3 master:6fe1ce2   Built Jun 30 2026.,static_crystal_polymer,B,
4OS6,equibind,scored,0.0,gnina v1.3.3 master:6fe1ce2   Built Jun 30 2026.,static_crystal_polymer,B,
4OS6,diffdock,scored,0.00072,gnina v1.3.3 master:6fe1ce2   Built Jun 30 2026.,static_crystal_polymer,B,
4OS7,equibind,scored,2e-05,gnina v1.3.3 master:6fe1ce2   Built Jun 30 2026.,static_crystal_polymer,B,
4OS7,diffdock,scored,0.00028,gnina v1.3.3 master:6fe1ce2   Built Jun 30 2026.,static_crystal_polymer,B,
4OS2,equibind,scored,0.0,gnina v1.3.3 master:6fe1ce2   Built Jun 30 2026.,static_crystal_polymer,B,
4OS2,diffdock,scored,0.02096,gnina v1.3.3 master:6fe1ce2   Built Jun 30 2026.,static_crystal_polymer,B,
4OS5,equibind,scored,1e-05,gnina v1.3.3 master:6fe1ce2   Built Jun 30 2026.,static_crystal_polymer,B,
4OS5,diffdock,scored,0.00728,gnina v1.3.3 master:6fe1ce2   Built Jun 30 2026.,static_crystal_polymer,B,
4OS4,equibind,scored,1e-05,gnina v1.3.3 master:6fe1ce2   Built Jun 30 2026.,static_crystal_polymer,B,
4OS4,diffdock,scored,0.00049,gnina v1.3.3 master:6fe1ce2   Built Jun 30 2026.,static_crystal_polymer,B,
4OU3,equibind,scored,0.0003,gnina v1.3.3 master:6fe1ce2   Built Jun 30 2026.,static_crystal_polymer,B,
4OU3,diffdock,scored,0.49713,gnina v1.3.3 master:6fe1ce2   Built Jun 30 2026.,static_crystal_polymer,B,
4P0A,equibind,scored,0.00017,gnina v1.3.3 master:6fe1ce2   Built Jun 30 2026.,static_crystal_polymer,B;D,
4P0A,diffdock,scored,0.08062,gnina v1.3.3 master:6fe1ce2   Built Jun 30 2026.,static_crystal_polymer,B;D,
4OUJ,equibind,scored,0.00158,gnina v1.3.3 master:6fe1ce2   Built Jun 30 2026.,static_crystal_polymer,C;D,
4OUJ,diffdock,scored,0.75207,gnina v1.3.3 master:6fe1ce2   Built Jun 30 2026.,static_crystal_polymer,C;D,
4P0B,equibind,scored,0.00815,gnina v1.3.3 master:6fe1ce2   Built Jun 30 2026.,static_crystal_polymer,,
4P0B,diffdock,scored,0.63267,gnina v1.3.3 master:6fe1ce2   Built Jun 30 2026.,static_crystal_polymer,,
4PG9,equibind,scored,0.00017,gnina v1.3.3 master:6fe1ce2   Built Jun 30 2026.,static_crystal_polymer,C,
4PG9,diffdock,scored,0.01801,gnina v1.3.3 master:6fe1ce2   Built Jun 30 2026.,static_crystal_polymer,C,
4PGE,equibind,scored,4e-05,gnina v1.3.3 master:6fe1ce2   Built Jun 30 2026.,static_crystal_polymer,C,
4PGE,diffdock,scored,0.03487,gnina v1.3.3 master:6fe1ce2   Built Jun 30 2026.,static_crystal_polymer,C,
4PGC,equibind,scored,0.00366,gnina v1.3.3 master:6fe1ce2   Built Jun 30 2026.,static_crystal_polymer,C;F,
4PGC,diffdock,scored,0.03101,gnina v1.3.3 master:6fe1ce2   Built Jun 30 2026.,static_crystal_polymer,C;F,
4PGB,equibind,scored,0.00024,gnina v1.3.3 master:6fe1ce2   Built Jun 30 2026.,static_crystal_polymer,C;F,
4PGB,diffdock,scored,0.00078,gnina v1.3.3 master:6fe1ce2   Built Jun 30 2026.,static_crystal_polymer,C;F,
4OV5,equibind,scored,0.0,gnina v1.3.3 master:6fe1ce2   Built Jun 30 2026.,static_crystal_polymer,,
4OV5,diffdock,scored,0.01358,gnina v1.3.3 master:6fe1ce2   Built Jun 30 2026.,static_crystal_polymer,,
4PKB,equibind,scored,0.60975,gnina v1.3.3 master:6fe1ce2   Built Jun 30 2026.,static_crystal_polymer,,
4PKB,diffdock,scored,0.44054,gnina v1.3.3 master:6fe1ce2   Built Jun 30 2026.,static_crystal_polymer,,
4PFU,equibind,scored,0.0005,gnina v1.3.3 master:6fe1ce2   Built Jun 30 2026.,static_crystal_polymer,C;D,
4PFU,diffdock,scored,0.53963,gnina v1.3.3 master:6fe1ce2   Built Jun 30 2026.,static_crystal_polymer,C;D,
4PL6,equibind,scored,0.03569,gnina v1.3.3 master:6fe1ce2   Built Jun 30 2026.,static_crystal_polymer,,
4PL6,diffdock,scored,0.00061,gnina v1.3.3 master:6fe1ce2   Built Jun 30 2026.,static_crystal_polymer,,
4PFT,equibind,scored,2e-05,gnina v1.3.3 master:6fe1ce2   Built Jun 30 2026.,static_crystal_polymer,C;D,
4PFT,diffdock,scored,0.87407,gnina v1.3.3 master:6fe1ce2   Built Jun 30 2026.,static_crystal_polymer,C;D,
4PO7,equibind,scored,0.00033,gnina v1.3.3 master:6fe1ce2   Built Jun 30 2026.,static_crystal_polymer,B,
4PLI,equibind,scored,0.10447,gnina v1.3.3 master:6fe1ce2   Built Jun 30 2026.,static_crystal_polymer,,
4PLI,diffdock,scored,0.00229,gnina v1.3.3 master:6fe1ce2   Built Jun 30 2026.,static_crystal_polymer,,
4PRD,equibind,scored,0.0,gnina v1.3.3 master:6fe1ce2   Built Jun 30 2026.,static_crystal_polymer,C,
4PRD,diffdock,scored,0.02845,gnina v1.3.3 master:6fe1ce2   Built Jun 30 2026.,static_crystal_polymer,C,
4PRB,equibind,scored,0.0,gnina v1.3.3 master:6fe1ce2   Built Jun 30 2026.,static_crystal_polymer,C,
4PRB,diffdock,scored,0.00109,gnina v1.3.3 master:6fe1ce2   Built Jun 30 2026.,static_crystal_polymer,C,
4PRE,equibind,scored,0.0,gnina v1.3.3 master:6fe1ce2   Built Jun 30 2026.,static_crystal_polymer,C,
4PRE,diffdock,scored,0.22552,gnina v1.3.3 master:6fe1ce2   Built Jun 30 2026.,static_crystal_polymer,C,
4PN1,equibind,scored,0.0,gnina v1.3.3 master:6fe1ce2   Built Jun 30 2026.,static_crystal_polymer,,
4PN1,diffdock,scored,0.03379,gnina v1.3.3 master:6fe1ce2   Built Jun 30 2026.,static_crystal_polymer,,
4PRY,equibind,scored,0.00028,gnina v1.3.3 master:6fe1ce2   Built Jun 30 2026.,static_crystal_polymer,,
4PRY,diffdock,scored,0.01422,gnina v1.3.3 master:6fe1ce2   Built Jun 30 2026.,static_crystal_polymer,,
4PRN,equibind,scored,0.0,gnina v1.3.3 master:6fe1ce2   Built Jun 30 2026.,static_crystal_polymer,C,
4PRN,diffdock,scored,0.08485,gnina v1.3.3 master:6fe1ce2   Built Jun 30 2026.,static_crystal_polymer,C,
4PRI,equibind,scored,0.0,gnina v1.3.3 master:6fe1ce2   Built Jun 30 2026.,static_crystal_polymer,C,
4PRI,diffdock,scored,0.01027,gnina v1.3.3 master:6fe1ce2   Built Jun 30 2026.,static_crystal_polymer,C,
4PS0,equibind,scored,1e-05,gnina v1.3.3 master:6fe1ce2   Built Jun 30 2026.,static_crystal_polymer,C;D,
4PS0,diffdock,scored,0.05572,gnina v1.3.3 master:6fe1ce2   Built Jun 30 2026.,static_crystal_polymer,C;D,
4PRH,equibind,scored,2e-05,gnina v1.3.3 master:6fe1ce2   Built Jun 30 2026.,static_crystal_polymer,C,
4PRH,diffdock,scored,0.00461,gnina v1.3.3 master:6fe1ce2   Built Jun 30 2026.,static_crystal_polymer,C,
4PZ5,equibind,scored,0.0,gnina v1.3.3 master:6fe1ce2   Built Jun 30 2026.,static_crystal_polymer,,
4PZ5,diffdock,scored,0.05208,gnina v1.3.3 master:6fe1ce2   Built Jun 30 2026.,static_crystal_polymer,,
4PXF,equibind,scored,0.00012,gnina v1.3.3 master:6fe1ce2   Built Jun 30 2026.,static_crystal_polymer,,
4PXF,diffdock,scored,0.02387,gnina v1.3.3 master:6fe1ce2   Built Jun 30 2026.,static_crystal_polymer,,
4PZ8,equibind,scored,0.0,gnina v1.3.3 master:6fe1ce2   Built Jun 30 2026.,static_crystal_polymer,,
4PZ8,diffdock,scored,2e-05,gnina v1.3.3 master:6fe1ce2   Built Jun 30 2026.,static_crystal_polymer,,
4Q4I,equibind,scored,0.00056,gnina v1.3.3 master:6fe1ce2   Built Jun 30 2026.,static_crystal_polymer,B,
4Q4I,diffdock,scored,0.02342,gnina v1.3.3 master:6fe1ce2   Built Jun 30 2026.,static_crystal_polymer,B,
4PS1,equibind,scored,0.0174,gnina v1.3.3 master:6fe1ce2   Built Jun 30 2026.,static_crystal_polymer,E;F;G;H,
4PS1,diffdock,scored,0.18274,gnina v1.3.3 master:6fe1ce2   Built Jun 30 2026.,static_crystal_polymer,E;F;G;H,
4QBM,equibind,scored,0.00398,gnina v1.3.3 master:6fe1ce2   Built Jun 30 2026.,static_crystal_polymer,C;D,
4QBM,diffdock,scored,0.00046,gnina v1.3.3 master:6fe1ce2   Built Jun 30 2026.,static_crystal_polymer,C;D,
4QC1,equibind,scored,0.00016,gnina v1.3.3 master:6fe1ce2   Built Jun 30 2026.,static_crystal_polymer,,
4QC1,diffdock,scored,0.01538,gnina v1.3.3 master:6fe1ce2   Built Jun 30 2026.,static_crystal_polymer,,
4Q6F,equibind,scored,0.00145,gnina v1.3.3 master:6fe1ce2   Built Jun 30 2026.,static_crystal_polymer,,
4Q6F,diffdock,scored,0.36176,gnina v1.3.3 master:6fe1ce2   Built Jun 30 2026.,static_crystal_polymer,,
4QF7,equibind,scored,0.00754,gnina v1.3.3 master:6fe1ce2   Built Jun 30 2026.,static_crystal_polymer,,
4QF7,diffdock,scored,0.13599,gnina v1.3.3 master:6fe1ce2   Built Jun 30 2026.,static_crystal_polymer,,
4QFN,equibind,scored,0.00019,gnina v1.3.3 master:6fe1ce2   Built Jun 30 2026.,static_crystal_polymer,,
4QFN,diffdock,scored,0.28503,gnina v1.3.3 master:6fe1ce2   Built Jun 30 2026.,static_crystal_polymer,,
4QH8,equibind,scored,0.0,gnina v1.3.3 master:6fe1ce2   Built Jun 30 2026.,static_crystal_polymer,C,
4QH8,diffdock,scored,0.47063,gnina v1.3.3 master:6fe1ce2   Built Jun 30 2026.,static_crystal_polymer,C,
4QH7,equibind,scored,0.0,gnina v1.3.3 master:6fe1ce2   Built Jun 30 2026.,static_crystal_polymer,C,
4QH7,diffdock,scored,0.03603,gnina v1.3.3 master:6fe1ce2   Built Jun 30 2026.,static_crystal_polymer,C,
4QFO,equibind,scored,0.11791,gnina v1.3.3 master:6fe1ce2   Built Jun 30 2026.,static_crystal_polymer,,
4QFO,diffdock,scored,0.74106,gnina v1.3.3 master:6fe1ce2   Built Jun 30 2026.,static_crystal_polymer,,
4QFP,equibind,scored,0.00236,gnina v1.3.3 master:6fe1ce2   Built Jun 30 2026.,static_crystal_polymer,,
4QFP,diffdock,scored,0.48003,gnina v1.3.3 master:6fe1ce2   Built Jun 30 2026.,static_crystal_polymer,,
4QLK,equibind,scored,1e-05,gnina v1.3.3 master:6fe1ce2   Built Jun 30 2026.,static_crystal_polymer,C;D;E,
4QLK,diffdock,scored,0.39379,gnina v1.3.3 master:6fe1ce2   Built Jun 30 2026.,static_crystal_polymer,C;D;E,
4QQI,equibind,scored,0.0,gnina v1.3.3 master:6fe1ce2   Built Jun 30 2026.,static_crystal_polymer,,
4QQI,diffdock,scored,0.03655,gnina v1.3.3 master:6fe1ce2   Built Jun 30 2026.,static_crystal_polymer,,
4QSK,equibind,scored,0.42414,gnina v1.3.3 master:6fe1ce2   Built Jun 30 2026.,static_crystal_polymer,,
4QQ4,equibind,scored,1e-05,gnina v1.3.3 master:6fe1ce2   Built Jun 30 2026.,static_crystal_polymer,C;D,
4QQ4,diffdock,scored,0.05946,gnina v1.3.3 master:6fe1ce2   Built Jun 30 2026.,static_crystal_polymer,C;D,
4QLL,equibind,scored,0.00018,gnina v1.3.3 master:6fe1ce2   Built Jun 30 2026.,static_crystal_polymer,C;D;E,
4QLL,diffdock,scored,0.64556,gnina v1.3.3 master:6fe1ce2   Built Jun 30 2026.,static_crystal_polymer,C;D;E,
4QOK,equibind,scored,0.0,gnina v1.3.3 master:6fe1ce2   Built Jun 30 2026.,static_crystal_polymer,C,
4QOK,diffdock,scored,0.00931,gnina v1.3.3 master:6fe1ce2   Built Jun 30 2026.,static_crystal_polymer,C,
4RCP,equibind,scored,0.00018,gnina v1.3.3 master:6fe1ce2   Built Jun 30 2026.,static_crystal_polymer,B,
4RCP,diffdock,scored,0.04971,gnina v1.3.3 master:6fe1ce2   Built Jun 30 2026.,static_crystal_polymer,B,
4R1E,equibind,scored,0.0,gnina v1.3.3 master:6fe1ce2   Built Jun 30 2026.,static_crystal_polymer,,
4R1E,diffdock,scored,0.0,gnina v1.3.3 master:6fe1ce2   Built Jun 30 2026.,static_crystal_polymer,,
4RSP,equibind,scored,5e-05,gnina v1.3.3 master:6fe1ce2   Built Jun 30 2026.,static_crystal_polymer,B,
4RSP,diffdock,scored,0.02234,gnina v1.3.3 master:6fe1ce2   Built Jun 30 2026.,static_crystal_polymer,B,
4RIS,equibind,scored,0.0,gnina v1.3.3 master:6fe1ce2   Built Jun 30 2026.,static_crystal_polymer,,
4RIS,diffdock,scored,0.00432,gnina v1.3.3 master:6fe1ce2   Built Jun 30 2026.,static_crystal_polymer,,
4RQI,equibind,scored,0.0,gnina v1.3.3 master:6fe1ce2   Built Jun 30 2026.,static_crystal_polymer,,
4RQI,diffdock,scored,0.00128,gnina v1.3.3 master:6fe1ce2   Built Jun 30 2026.,static_crystal_polymer,,
4RXZ,equibind,scored,6e-05,gnina v1.3.3 master:6fe1ce2   Built Jun 30 2026.,static_crystal_polymer,,
4RXZ,diffdock,scored,0.00069,gnina v1.3.3 master:6fe1ce2   Built Jun 30 2026.,static_crystal_polymer,,
4SGA,equibind,scored,0.00165,gnina v1.3.3 master:6fe1ce2   Built Jun 30 2026.,static_crystal_polymer,B,
4SGA,diffdock,scored,0.06722,gnina v1.3.3 master:6fe1ce2   Built Jun 30 2026.,static_crystal_polymer,B,
4TK4,equibind,scored,0.0,gnina v1.3.3 master:6fe1ce2   Built Jun 30 2026.,static_crystal_polymer,,
4TK4,diffdock,scored,0.02351,gnina v1.3.3 master:6fe1ce2   Built Jun 30 2026.,static_crystal_polymer,,
4TK3,equibind,scored,7e-05,gnina v1.3.3 master:6fe1ce2   Built Jun 30 2026.,static_crystal_polymer,,
4TK3,diffdock,scored,0.37123,gnina v1.3.3 master:6fe1ce2   Built Jun 30 2026.,static_crystal_polymer,,
4TK2,equibind,scored,1e-05,gnina v1.3.3 master:6fe1ce2   Built Jun 30 2026.,static_crystal_polymer,,
4TK2,diffdock,scored,0.23103,gnina v1.3.3 master:6fe1ce2   Built Jun 30 2026.,static_crystal_polymer,,
4TKY,equibind,scored,0.01568,gnina v1.3.3 master:6fe1ce2   Built Jun 30 2026.,static_crystal_polymer,,
4TKY,diffdock,scored,0.41634,gnina v1.3.3 master:6fe1ce2   Built Jun 30 2026.,static_crystal_polymer,,
4TMP,equibind,scored,1e-05,gnina v1.3.3 master:6fe1ce2   Built Jun 30 2026.,static_crystal_polymer,B;D,
4TMP,diffdock,scored,0.05223,gnina v1.3.3 master:6fe1ce2   Built Jun 30 2026.,static_crystal_polymer,B;D,
4TKN,equibind,scored,0.0,gnina v1.3.3 master:6fe1ce2   Built Jun 30 2026.,static_crystal_polymer,,
4TKN,diffdock,scored,0.02712,gnina v1.3.3 master:6fe1ce2   Built Jun 30 2026.,static_crystal_polymer,,
4TO8,equibind,scored,0.05022,gnina v1.3.3 master:6fe1ce2   Built Jun 30 2026.,static_crystal_polymer,,
4TO8,diffdock,scored,0.37645,gnina v1.3.3 master:6fe1ce2   Built Jun 30 2026.,static_crystal_polymer,,
4TRW,equibind,scored,0.00513,gnina v1.3.3 master:6fe1ce2   Built Jun 30 2026.,static_crystal_polymer,D;E;F,
4TRW,diffdock,scored,0.31663,gnina v1.3.3 master:6fe1ce2   Built Jun 30 2026.,static_crystal_polymer,D;E;F,
4TT2,equibind,scored,0.0029,gnina v1.3.3 master:6fe1ce2   Built Jun 30 2026.,static_crystal_polymer,,
4TT2,diffdock,scored,0.00043,gnina v1.3.3 master:6fe1ce2   Built Jun 30 2026.,static_crystal_polymer,,
4TZM,equibind,scored,0.0,gnina v1.3.3 master:6fe1ce2   Built Jun 30 2026.,static_crystal_polymer,,
4TZM,diffdock,scored,0.133,gnina v1.3.3 master:6fe1ce2   Built Jun 30 2026.,static_crystal_polymer,,
4TWT,equibind,scored,0.00308,gnina v1.3.3 master:6fe1ce2   Built Jun 30 2026.,static_crystal_polymer,C;D,
4TWT,diffdock,scored,0.0175,gnina v1.3.3 master:6fe1ce2   Built Jun 30 2026.,static_crystal_polymer,C;D,
4TZN,equibind,scored,0.00104,gnina v1.3.3 master:6fe1ce2   Built Jun 30 2026.,static_crystal_polymer,,
4TZN,diffdock,scored,0.00036,gnina v1.3.3 master:6fe1ce2   Built Jun 30 2026.,static_crystal_polymer,,
4TRZ,equibind,scored,1e-05,gnina v1.3.3 master:6fe1ce2   Built Jun 30 2026.,static_crystal_polymer,D;E;F,
4TRZ,diffdock,scored,0.28188,gnina v1.3.3 master:6fe1ce2   Built Jun 30 2026.,static_crystal_polymer,D;E;F,
4U0C,equibind,scored,9e-05,gnina v1.3.3 master:6fe1ce2   Built Jun 30 2026.,static_crystal_polymer,,
4U0C,diffdock,scored,0.02228,gnina v1.3.3 master:6fe1ce2   Built Jun 30 2026.,static_crystal_polymer,,
4U0A,equibind,scored,0.00015,gnina v1.3.3 master:6fe1ce2   Built Jun 30 2026.,static_crystal_polymer,,
4U0A,diffdock,scored,0.00069,gnina v1.3.3 master:6fe1ce2   Built Jun 30 2026.,static_crystal_polymer,,
4TZQ,equibind,scored,0.0,gnina v1.3.3 master:6fe1ce2   Built Jun 30 2026.,static_crystal_polymer,,
4TZQ,diffdock,scored,0.12955,gnina v1.3.3 master:6fe1ce2   Built Jun 30 2026.,static_crystal_polymer,,
4U6X,equibind,scored,0.00072,gnina v1.3.3 master:6fe1ce2   Built Jun 30 2026.,static_crystal_polymer,C,
4U2W,equibind,scored,0.0,gnina v1.3.3 master:6fe1ce2   Built Jun 30 2026.,static_crystal_polymer,,
4U2W,diffdock,scored,2e-05,gnina v1.3.3 master:6fe1ce2   Built Jun 30 2026.,static_crystal_polymer,,
4U68,equibind,scored,3e-05,gnina v1.3.3 master:6fe1ce2   Built Jun 30 2026.,static_crystal_polymer,,
4U68,diffdock,scored,0.07342,gnina v1.3.3 master:6fe1ce2   Built Jun 30 2026.,static_crystal_polymer,,
4U7T,equibind,scored,0.0,gnina v1.3.3 master:6fe1ce2   Built Jun 30 2026.,static_crystal_polymer,,
4U7T,diffdock,scored,0.00546,gnina v1.3.3 master:6fe1ce2   Built Jun 30 2026.,static_crystal_polymer,,
4UAC,equibind,scored,0.00014,gnina v1.3.3 master:6fe1ce2   Built Jun 30 2026.,static_crystal_polymer,B,
4UAC,diffdock,scored,0.62136,gnina v1.3.3 master:6fe1ce2   Built Jun 30 2026.,static_crystal_polymer,B,
4U91,equibind,scored,0.00022,gnina v1.3.3 master:6fe1ce2   Built Jun 30 2026.,static_crystal_polymer,B;C,
4U91,diffdock,scored,0.05087,gnina v1.3.3 master:6fe1ce2   Built Jun 30 2026.,static_crystal_polymer,B;C,
4U90,equibind,scored,3e-05,gnina v1.3.3 master:6fe1ce2   Built Jun 30 2026.,static_crystal_polymer,B;C,
4U90,diffdock,scored,0.30484,gnina v1.3.3 master:6fe1ce2   Built Jun 30 2026.,static_crystal_polymer,B;C,
4UA8,equibind,scored,0.00042,gnina v1.3.3 master:6fe1ce2   Built Jun 30 2026.,static_crystal_polymer,B,
4UA8,diffdock,scored,0.7576,gnina v1.3.3 master:6fe1ce2   Built Jun 30 2026.,static_crystal_polymer,B,
4U0B,equibind,scored,0.0,gnina v1.3.3 master:6fe1ce2   Built Jun 30 2026.,static_crystal_polymer,,
4U0B,diffdock,scored,0.22449,gnina v1.3.3 master:6fe1ce2   Built Jun 30 2026.,static_crystal_polymer,,
4U0D,equibind,scored,0.00015,gnina v1.3.3 master:6fe1ce2   Built Jun 30 2026.,static_crystal_polymer,,
4U0D,diffdock,scored,0.01233,gnina v1.3.3 master:6fe1ce2   Built Jun 30 2026.,static_crystal_polymer,,
4UE1,equibind,scored,0.0,gnina v1.3.3 master:6fe1ce2   Built Jun 30 2026.,static_crystal_polymer,,
4UE1,diffdock,scored,0.0072,gnina v1.3.3 master:6fe1ce2   Built Jun 30 2026.,static_crystal_polymer,,
4UMN,equibind,scored,0.00034,gnina v1.3.3 master:6fe1ce2   Built Jun 30 2026.,static_crystal_polymer,C;D,
4UMN,diffdock,scored,0.00165,gnina v1.3.3 master:6fe1ce2   Built Jun 30 2026.,static_crystal_polymer,C;D,
4UM9,equibind,scored,1e-05,gnina v1.3.3 master:6fe1ce2   Built Jun 30 2026.,static_crystal_polymer,F,
4UM9,diffdock,scored,0.08653,gnina v1.3.3 master:6fe1ce2   Built Jun 30 2026.,static_crystal_polymer,F,
4V11,equibind,scored,0.0,gnina v1.3.3 master:6fe1ce2   Built Jun 30 2026.,static_crystal_polymer,B,
4V11,diffdock,scored,0.00425,gnina v1.3.3 master:6fe1ce2   Built Jun 30 2026.,static_crystal_polymer,B,
4UU5,equibind,scored,0.0,gnina v1.3.3 master:6fe1ce2   Built Jun 30 2026.,static_crystal_polymer,B,
4UU5,diffdock,scored,0.00886,gnina v1.3.3 master:6fe1ce2   Built Jun 30 2026.,static_crystal_polymer,B,
4UTN,equibind,scored,1e-05,gnina v1.3.3 master:6fe1ce2   Built Jun 30 2026.,static_crystal_polymer,,
4UTN,diffdock,scored,0.08858,gnina v1.3.3 master:6fe1ce2   Built Jun 30 2026.,static_crystal_polymer,,
4V27,equibind,scored,0.02623,gnina v1.3.3 master:6fe1ce2   Built Jun 30 2026.,static_crystal_polymer,,
4V27,diffdock,scored,0.82502,gnina v1.3.3 master:6fe1ce2   Built Jun 30 2026.,static_crystal_polymer,,
4UX9,equibind,scored,0.00054,gnina v1.3.3 master:6fe1ce2   Built Jun 30 2026.,static_crystal_polymer,,
4UX9,diffdock,scored,0.01656,gnina v1.3.3 master:6fe1ce2   Built Jun 30 2026.,static_crystal_polymer,,
4V1C,equibind,scored,5e-05,gnina v1.3.3 master:6fe1ce2   Built Jun 30 2026.,static_crystal_polymer,,
4V1C,diffdock,scored,0.29247,gnina v1.3.3 master:6fe1ce2   Built Jun 30 2026.,static_crystal_polymer,,
4W4Z,equibind,scored,0.00015,gnina v1.3.3 master:6fe1ce2   Built Jun 30 2026.,static_crystal_polymer,E;F;G;H,
4W4Z,diffdock,scored,0.0015,gnina v1.3.3 master:6fe1ce2   Built Jun 30 2026.,static_crystal_polymer,E;F;G;H,
4W50,equibind,scored,0.0,gnina v1.3.3 master:6fe1ce2   Built Jun 30 2026.,static_crystal_polymer,E;F;G;H,
4W50,diffdock,scored,0.03463,gnina v1.3.3 master:6fe1ce2   Built Jun 30 2026.,static_crystal_polymer,E;F;G;H,
4WCI,equibind,scored,0.00713,gnina v1.3.3 master:6fe1ce2   Built Jun 30 2026.,static_crystal_polymer,,
4WCI,diffdock,scored,0.00273,gnina v1.3.3 master:6fe1ce2   Built Jun 30 2026.,static_crystal_polymer,,
4WRQ,equibind,scored,6e-05,gnina v1.3.3 master:6fe1ce2   Built Jun 30 2026.,static_crystal_polymer,,
4WRQ,diffdock,scored,0.00226,gnina v1.3.3 master:6fe1ce2   Built Jun 30 2026.,static_crystal_polymer,,
4WJ7,equibind,scored,0.0,gnina v1.3.3 master:6fe1ce2   Built Jun 30 2026.,static_crystal_polymer,,
4WJ7,diffdock,scored,0.00059,gnina v1.3.3 master:6fe1ce2   Built Jun 30 2026.,static_crystal_polymer,,
4WKS,equibind,scored,0.07686,gnina v1.3.3 master:6fe1ce2   Built Jun 30 2026.,static_crystal_polymer,,
4WKS,diffdock,scored,0.46129,gnina v1.3.3 master:6fe1ce2   Built Jun 30 2026.,static_crystal_polymer,,
4WKT,equibind,scored,0.06117,gnina v1.3.3 master:6fe1ce2   Built Jun 30 2026.,static_crystal_polymer,,
4WKT,diffdock,scored,0.13457,gnina v1.3.3 master:6fe1ce2   Built Jun 30 2026.,static_crystal_polymer,,
4WK2,equibind,scored,0.00307,gnina v1.3.3 master:6fe1ce2   Built Jun 30 2026.,static_crystal_polymer,C,
4WK2,diffdock,scored,0.20459,gnina v1.3.3 master:6fe1ce2   Built Jun 30 2026.,static_crystal_polymer,C,
4WVU,equibind,scored,0.0,gnina v1.3.3 master:6fe1ce2   Built Jun 30 2026.,static_crystal_polymer,B,
4WVU,diffdock,scored,0.05193,gnina v1.3.3 master:6fe1ce2   Built Jun 30 2026.,static_crystal_polymer,B,
4WV6,equibind,scored,2e-05,gnina v1.3.3 master:6fe1ce2   Built Jun 30 2026.,static_crystal_polymer,,
4WV6,diffdock,scored,0.05106,gnina v1.3.3 master:6fe1ce2   Built Jun 30 2026.,static_crystal_polymer,,
4U0G,equibind,scored,2e-05,gnina v1.3.3 master:6fe1ce2   Built Jun 30 2026.,static_crystal_polymer,,
4WJ5,equibind,scored,0.00054,gnina v1.3.3 master:6fe1ce2   Built Jun 30 2026.,static_crystal_polymer,C;F,
4WJ5,diffdock,scored,0.03408,gnina v1.3.3 master:6fe1ce2   Built Jun 30 2026.,static_crystal_polymer,C;F,
4X1P,equibind,scored,0.0,gnina v1.3.3 master:6fe1ce2   Built Jun 30 2026.,static_crystal_polymer,,
4X1P,diffdock,scored,0.00119,gnina v1.3.3 master:6fe1ce2   Built Jun 30 2026.,static_crystal_polymer,,
4X1N,equibind,scored,7e-05,gnina v1.3.3 master:6fe1ce2   Built Jun 30 2026.,static_crystal_polymer,,
4X1N,diffdock,scored,0.01185,gnina v1.3.3 master:6fe1ce2   Built Jun 30 2026.,static_crystal_polymer,,
4X13,equibind,scored,4e-05,gnina v1.3.3 master:6fe1ce2   Built Jun 30 2026.,static_crystal_polymer,F;G,
4X13,diffdock,scored,0.49416,gnina v1.3.3 master:6fe1ce2   Built Jun 30 2026.,static_crystal_polymer,F;G,
4X0Z,equibind,scored,0.0,gnina v1.3.3 master:6fe1ce2   Built Jun 30 2026.,static_crystal_polymer,H,
4X0Z,diffdock,scored,0.37628,gnina v1.3.3 master:6fe1ce2   Built Jun 30 2026.,static_crystal_polymer,H,
4X14,equibind,scored,0.0,gnina v1.3.3 master:6fe1ce2   Built Jun 30 2026.,static_crystal_polymer,G;H,
4X14,diffdock,scored,0.54142,gnina v1.3.3 master:6fe1ce2   Built Jun 30 2026.,static_crystal_polymer,G;H,
4X1R,equibind,scored,0.00017,gnina v1.3.3 master:6fe1ce2   Built Jun 30 2026.,static_crystal_polymer,,
4X1R,diffdock,scored,0.00922,gnina v1.3.3 master:6fe1ce2   Built Jun 30 2026.,static_crystal_polymer,,
4X3I,equibind,scored,0.0,gnina v1.3.3 master:6fe1ce2   Built Jun 30 2026.,static_crystal_polymer,,
4X3I,diffdock,scored,0.41282,gnina v1.3.3 master:6fe1ce2   Built Jun 30 2026.,static_crystal_polymer,,
4X1S,equibind,scored,1e-05,gnina v1.3.3 master:6fe1ce2   Built Jun 30 2026.,static_crystal_polymer,,
4X1S,diffdock,scored,0.00052,gnina v1.3.3 master:6fe1ce2   Built Jun 30 2026.,static_crystal_polymer,,
4X3K,equibind,scored,0.0,gnina v1.3.3 master:6fe1ce2   Built Jun 30 2026.,static_crystal_polymer,,
4X3K,diffdock,scored,0.00096,gnina v1.3.3 master:6fe1ce2   Built Jun 30 2026.,static_crystal_polymer,,
4WYM,equibind,scored,8e-05,gnina v1.3.3 master:6fe1ce2   Built Jun 30 2026.,static_crystal_polymer,,
4WYM,diffdock,scored,0.07229,gnina v1.3.3 master:6fe1ce2   Built Jun 30 2026.,static_crystal_polymer,,
4XEK,equibind,scored,8e-05,gnina v1.3.3 master:6fe1ce2   Built Jun 30 2026.,static_crystal_polymer,,
4XEK,diffdock,scored,0.0,gnina v1.3.3 master:6fe1ce2   Built Jun 30 2026.,static_crystal_polymer,,
4XC2,equibind,scored,0.0,gnina v1.3.3 master:6fe1ce2   Built Jun 30 2026.,static_crystal_polymer,,
4XC2,diffdock,scored,0.0675,gnina v1.3.3 master:6fe1ce2   Built Jun 30 2026.,static_crystal_polymer,,
4XTP,equibind,scored,0.08004,gnina v1.3.3 master:6fe1ce2   Built Jun 30 2026.,static_crystal_polymer,,
4XTP,diffdock,scored,0.92296,gnina v1.3.3 master:6fe1ce2   Built Jun 30 2026.,static_crystal_polymer,,
4XHV,equibind,scored,3e-05,gnina v1.3.3 master:6fe1ce2   Built Jun 30 2026.,static_crystal_polymer,B,
4XHV,diffdock,scored,0.01673,gnina v1.3.3 master:6fe1ce2   Built Jun 30 2026.,static_crystal_polymer,B,
4XXH,equibind,scored,0.00354,gnina v1.3.3 master:6fe1ce2   Built Jun 30 2026.,static_crystal_polymer,C;D,
4XXH,diffdock,scored,0.45687,gnina v1.3.3 master:6fe1ce2   Built Jun 30 2026.,static_crystal_polymer,C;D,
4Y32,equibind,scored,0.00025,gnina v1.3.3 master:6fe1ce2   Built Jun 30 2026.,static_crystal_polymer,,
4Y32,diffdock,scored,0.00039,gnina v1.3.3 master:6fe1ce2   Built Jun 30 2026.,static_crystal_polymer,,
4Y3B,equibind,scored,1e-05,gnina v1.3.3 master:6fe1ce2   Built Jun 30 2026.,static_crystal_polymer,,
4Y3B,diffdock,scored,0.00123,gnina v1.3.3 master:6fe1ce2   Built Jun 30 2026.,static_crystal_polymer,,
4XQU,equibind,scored,0.0,gnina v1.3.3 master:6fe1ce2   Built Jun 30 2026.,static_crystal_polymer,G;I,
4XQU,diffdock,scored,0.2539,gnina v1.3.3 master:6fe1ce2   Built Jun 30 2026.,static_crystal_polymer,G;I,
4YEC,equibind,scored,0.00014,gnina v1.3.3 master:6fe1ce2   Built Jun 30 2026.,static_crystal_polymer,C,
4YEC,diffdock,scored,0.17224,gnina v1.3.3 master:6fe1ce2   Built Jun 30 2026.,static_crystal_polymer,C,
4Y7R,equibind,scored,0.00021,gnina v1.3.3 master:6fe1ce2   Built Jun 30 2026.,static_crystal_polymer,B,
4Y7R,diffdock,scored,0.48012,gnina v1.3.3 master:6fe1ce2   Built Jun 30 2026.,static_crystal_polymer,B,
4Y94,equibind,scored,0.0001,gnina v1.3.3 master:6fe1ce2   Built Jun 30 2026.,static_crystal_polymer,,
4Y94,diffdock,scored,0.06772,gnina v1.3.3 master:6fe1ce2   Built Jun 30 2026.,static_crystal_polymer,,
4YM2,equibind,scored,0.00078,gnina v1.3.3 master:6fe1ce2   Built Jun 30 2026.,static_crystal_polymer,E;F,
4YM2,diffdock,scored,0.25976,gnina v1.3.3 master:6fe1ce2   Built Jun 30 2026.,static_crystal_polymer,E;F,
4YJE,equibind,scored,0.0,gnina v1.3.3 master:6fe1ce2   Built Jun 30 2026.,static_crystal_polymer,,
4YJE,diffdock,scored,0.00778,gnina v1.3.3 master:6fe1ce2   Built Jun 30 2026.,static_crystal_polymer,,
4YHZ,equibind,scored,0.0,gnina v1.3.3 master:6fe1ce2   Built Jun 30 2026.,static_crystal_polymer,,
4YHZ,diffdock,scored,0.00026,gnina v1.3.3 master:6fe1ce2   Built Jun 30 2026.,static_crystal_polymer,,
4YEE,equibind,scored,0.0,gnina v1.3.3 master:6fe1ce2   Built Jun 30 2026.,static_crystal_polymer,AA;BA;CA;DA;EA;FA;GA;HA;IA;JA;S;T;U;V;W;X;Y;Z,
4YEE,diffdock,scored,0.27935,gnina v1.3.3 master:6fe1ce2   Built Jun 30 2026.,static_crystal_polymer,AA;BA;CA;DA;EA;FA;GA;HA;IA;JA;S;T;U;V;W;X;Y;Z,
4YHP,equibind,scored,2e-05,gnina v1.3.3 master:6fe1ce2   Built Jun 30 2026.,static_crystal_polymer,,
4YHP,diffdock,scored,0.38495,gnina v1.3.3 master:6fe1ce2   Built Jun 30 2026.,static_crystal_polymer,,
4YM4,equibind,scored,0.0,gnina v1.3.3 master:6fe1ce2   Built Jun 30 2026.,static_crystal_polymer,,
4YM4,diffdock,scored,0.05095,gnina v1.3.3 master:6fe1ce2   Built Jun 30 2026.,static_crystal_polymer,,
4YNL,equibind,scored,0.04561,gnina v1.3.3 master:6fe1ce2   Built Jun 30 2026.,static_crystal_polymer,,
4YNL,diffdock,scored,0.05824,gnina v1.3.3 master:6fe1ce2   Built Jun 30 2026.,static_crystal_polymer,,
4YOZ,equibind,scored,0.0,gnina v1.3.3 master:6fe1ce2   Built Jun 30 2026.,static_crystal_polymer,,
4YOZ,diffdock,scored,0.54182,gnina v1.3.3 master:6fe1ce2   Built Jun 30 2026.,static_crystal_polymer,,
4YEF,equibind,scored,0.0,gnina v1.3.3 master:6fe1ce2   Built Jun 30 2026.,static_crystal_polymer,H;I;J;K;L;M;N,
4YEF,diffdock,scored,0.35807,gnina v1.3.3 master:6fe1ce2   Built Jun 30 2026.,static_crystal_polymer,H;I;J;K;L;M;N,
4YV5,equibind,scored,0.00169,gnina v1.3.3 master:6fe1ce2   Built Jun 30 2026.,static_crystal_polymer,,
4YV5,diffdock,scored,0.24018,gnina v1.3.3 master:6fe1ce2   Built Jun 30 2026.,static_crystal_polymer,,
4YSI,equibind,scored,0.0,gnina v1.3.3 master:6fe1ce2   Built Jun 30 2026.,static_crystal_polymer,,
4YSI,diffdock,scored,0.00077,gnina v1.3.3 master:6fe1ce2   Built Jun 30 2026.,static_crystal_polymer,,
4YV9,equibind,scored,2e-05,gnina v1.3.3 master:6fe1ce2   Built Jun 30 2026.,static_crystal_polymer,E;F;G;H,
4YV9,diffdock,scored,0.04343,gnina v1.3.3 master:6fe1ce2   Built Jun 30 2026.,static_crystal_polymer,E;F;G;H,
4YYI,equibind,scored,0.06373,gnina v1.3.3 master:6fe1ce2   Built Jun 30 2026.,static_crystal_polymer,,
4YYI,diffdock,scored,0.00124,gnina v1.3.3 master:6fe1ce2   Built Jun 30 2026.,static_crystal_polymer,,
4YY6,equibind,scored,2e-05,gnina v1.3.3 master:6fe1ce2   Built Jun 30 2026.,static_crystal_polymer,,
4YY6,diffdock,scored,0.00021,gnina v1.3.3 master:6fe1ce2   Built Jun 30 2026.,static_crystal_polymer,,
4YYN,equibind,scored,1e-05,gnina v1.3.3 master:6fe1ce2   Built Jun 30 2026.,static_crystal_polymer,,
4YYN,diffdock,scored,0.00047,gnina v1.3.3 master:6fe1ce2   Built Jun 30 2026.,static_crystal_polymer,,
4YYM,equibind,scored,0.03342,gnina v1.3.3 master:6fe1ce2   Built Jun 30 2026.,static_crystal_polymer,,
4YYM,diffdock,scored,0.00084,gnina v1.3.3 master:6fe1ce2   Built Jun 30 2026.,static_crystal_polymer,,
4YW2,equibind,scored,0.00119,gnina v1.3.3 master:6fe1ce2   Built Jun 30 2026.,static_crystal_polymer,C;D,
4YW2,diffdock,scored,0.07858,gnina v1.3.3 master:6fe1ce2   Built Jun 30 2026.,static_crystal_polymer,C;D,
4Z46,diffdock,scored,0.30962,gnina v1.3.3 master:6fe1ce2   Built Jun 30 2026.,static_crystal_polymer,,
4Z0D,equibind,scored,3e-05,gnina v1.3.3 master:6fe1ce2   Built Jun 30 2026.,static_crystal_polymer,,
4Z0D,diffdock,scored,4e-05,gnina v1.3.3 master:6fe1ce2   Built Jun 30 2026.,static_crystal_polymer,,
4Z0E,equibind,scored,0.0,gnina v1.3.3 master:6fe1ce2   Built Jun 30 2026.,static_crystal_polymer,,
4Z0E,diffdock,scored,0.04003,gnina v1.3.3 master:6fe1ce2   Built Jun 30 2026.,static_crystal_polymer,,
4Z2O,equibind,scored,0.0,gnina v1.3.3 master:6fe1ce2   Built Jun 30 2026.,static_crystal_polymer,,
4Z2O,diffdock,scored,0.08023,gnina v1.3.3 master:6fe1ce2   Built Jun 30 2026.,static_crystal_polymer,,
4YZ5,equibind,scored,0.0001,gnina v1.3.3 master:6fe1ce2   Built Jun 30 2026.,static_crystal_polymer,C;D,
4YZ5,diffdock,scored,0.03368,gnina v1.3.3 master:6fe1ce2   Built Jun 30 2026.,static_crystal_polymer,C;D,
4Z2P,equibind,scored,0.0,gnina v1.3.3 master:6fe1ce2   Built Jun 30 2026.,static_crystal_polymer,,
4Z2P,diffdock,scored,0.00086,gnina v1.3.3 master:6fe1ce2   Built Jun 30 2026.,static_crystal_polymer,,
4XGZ,equibind,scored,1e-05,gnina v1.3.3 master:6fe1ce2   Built Jun 30 2026.,static_crystal_polymer,,
4Z8A,equibind,scored,0.0,gnina v1.3.3 master:6fe1ce2   Built Jun 30 2026.,static_crystal_polymer,B,
4Z8A,diffdock,scored,0.15386,gnina v1.3.3 master:6fe1ce2   Built Jun 30 2026.,static_crystal_polymer,B,
4Z8M,equibind,scored,0.0028,gnina v1.3.3 master:6fe1ce2   Built Jun 30 2026.,static_crystal_polymer,,
4Z8M,diffdock,scored,0.02131,gnina v1.3.3 master:6fe1ce2   Built Jun 30 2026.,static_crystal_polymer,,
4Z89,equibind,scored,0.0,gnina v1.3.3 master:6fe1ce2   Built Jun 30 2026.,static_crystal_polymer,,
4Z89,diffdock,scored,0.00053,gnina v1.3.3 master:6fe1ce2   Built Jun 30 2026.,static_crystal_polymer,,
4Z7I,equibind,scored,2e-05,gnina v1.3.3 master:6fe1ce2   Built Jun 30 2026.,static_crystal_polymer,C,
4Z7I,diffdock,scored,5e-05,gnina v1.3.3 master:6fe1ce2   Built Jun 30 2026.,static_crystal_polymer,C,
4ZEB,equibind,scored,0.43199,gnina v1.3.3 master:6fe1ce2   Built Jun 30 2026.,static_crystal_polymer,,
4ZEB,diffdock,scored,0.18459,gnina v1.3.3 master:6fe1ce2   Built Jun 30 2026.,static_crystal_polymer,,
4ZHL,equibind,scored,0.0,gnina v1.3.3 master:6fe1ce2   Built Jun 30 2026.,static_crystal_polymer,,
4ZHL,diffdock,scored,0.00343,gnina v1.3.3 master:6fe1ce2   Built Jun 30 2026.,static_crystal_polymer,,
4ZNX,equibind,scored,0.00394,gnina v1.3.3 master:6fe1ce2   Built Jun 30 2026.,static_crystal_polymer,,
4ZNX,diffdock,scored,0.00189,gnina v1.3.3 master:6fe1ce2   Built Jun 30 2026.,static_crystal_polymer,,
4ZWY,equibind,scored,0.47299,gnina v1.3.3 master:6fe1ce2   Built Jun 30 2026.,static_crystal_polymer,,
4ZWY,diffdock,scored,0.70322,gnina v1.3.3 master:6fe1ce2   Built Jun 30 2026.,static_crystal_polymer,,
4ZWZ,equibind,scored,0.07735,gnina v1.3.3 master:6fe1ce2   Built Jun 30 2026.,static_crystal_polymer,,
4ZWZ,diffdock,scored,0.17465,gnina v1.3.3 master:6fe1ce2   Built Jun 30 2026.,static_crystal_polymer,,
4ZS9,equibind,scored,3e-05,gnina v1.3.3 master:6fe1ce2   Built Jun 30 2026.,static_crystal_polymer,C;D,
4ZS9,diffdock,scored,0.46407,gnina v1.3.3 master:6fe1ce2   Built Jun 30 2026.,static_crystal_polymer,C;D,
4ZRO,equibind,scored,5e-05,gnina v1.3.3 master:6fe1ce2   Built Jun 30 2026.,static_crystal_polymer,E;F;G;H,
4ZRO,diffdock,scored,0.54082,gnina v1.3.3 master:6fe1ce2   Built Jun 30 2026.,static_crystal_polymer,E;F;G;H,
4Z7O,equibind,scored,2e-05,gnina v1.3.3 master:6fe1ce2   Built Jun 30 2026.,static_crystal_polymer,I;J,
4Z7O,diffdock,scored,0.28504,gnina v1.3.3 master:6fe1ce2   Built Jun 30 2026.,static_crystal_polymer,I;J,
4Z7N,equibind,scored,3e-05,gnina v1.3.3 master:6fe1ce2   Built Jun 30 2026.,static_crystal_polymer,I;J,
4Z7N,diffdock,scored,0.13498,gnina v1.3.3 master:6fe1ce2   Built Jun 30 2026.,static_crystal_polymer,I;J,
5A2I,equibind,scored,0.00041,gnina v1.3.3 master:6fe1ce2   Built Jun 30 2026.,static_crystal_polymer,,
5A2I,diffdock,scored,0.00467,gnina v1.3.3 master:6fe1ce2   Built Jun 30 2026.,static_crystal_polymer,,
5A0E,equibind,scored,0.00029,gnina v1.3.3 master:6fe1ce2   Built Jun 30 2026.,static_crystal_polymer,C;D,
5A0E,diffdock,scored,0.00108,gnina v1.3.3 master:6fe1ce2   Built Jun 30 2026.,static_crystal_polymer,C;D,
5A2J,equibind,scored,1e-05,gnina v1.3.3 master:6fe1ce2   Built Jun 30 2026.,static_crystal_polymer,,
5A2J,diffdock,scored,0.00134,gnina v1.3.3 master:6fe1ce2   Built Jun 30 2026.,static_crystal_polymer,,
4Z7Q,equibind,scored,0.00714,gnina v1.3.3 master:6fe1ce2   Built Jun 30 2026.,static_crystal_polymer,I;J,
4Z7Q,diffdock,scored,0.52749,gnina v1.3.3 master:6fe1ce2   Built Jun 30 2026.,static_crystal_polymer,I;J,
5A3H,equibind,scored,0.27899,gnina v1.3.3 master:6fe1ce2   Built Jun 30 2026.,static_crystal_polymer,B,
5A3H,diffdock,scored,0.6845,gnina v1.3.3 master:6fe1ce2   Built Jun 30 2026.,static_crystal_polymer,B,
5A7I,equibind,scored,0.0,gnina v1.3.3 master:6fe1ce2   Built Jun 30 2026.,static_crystal_polymer,,
5A7I,diffdock,scored,0.00907,gnina v1.3.3 master:6fe1ce2   Built Jun 30 2026.,static_crystal_polymer,,
5A7J,equibind,scored,0.00082,gnina v1.3.3 master:6fe1ce2   Built Jun 30 2026.,static_crystal_polymer,,
5A7J,diffdock,scored,0.54492,gnina v1.3.3 master:6fe1ce2   Built Jun 30 2026.,static_crystal_polymer,,
5AB1,equibind,scored,0.0,gnina v1.3.3 master:6fe1ce2   Built Jun 30 2026.,static_crystal_polymer,,
5AB1,diffdock,scored,0.04617,gnina v1.3.3 master:6fe1ce2   Built Jun 30 2026.,static_crystal_polymer,,
5AJC,equibind,scored,8e-05,gnina v1.3.3 master:6fe1ce2   Built Jun 30 2026.,static_crystal_polymer,F,
5AJC,diffdock,scored,0.05085,gnina v1.3.3 master:6fe1ce2   Built Jun 30 2026.,static_crystal_polymer,F,
5AGU,equibind,scored,0.03395,gnina v1.3.3 master:6fe1ce2   Built Jun 30 2026.,static_crystal_polymer,C;D,
5AGU,diffdock,scored,0.00033,gnina v1.3.3 master:6fe1ce2   Built Jun 30 2026.,static_crystal_polymer,C;D,
5AI1,equibind,scored,0.01578,gnina v1.3.3 master:6fe1ce2   Built Jun 30 2026.,static_crystal_polymer,,
5AI1,diffdock,scored,0.80429,gnina v1.3.3 master:6fe1ce2   Built Jun 30 2026.,static_crystal_polymer,,
5AGV,equibind,scored,0.0,gnina v1.3.3 master:6fe1ce2   Built Jun 30 2026.,static_crystal_polymer,C;D,
5AGV,diffdock,scored,0.01267,gnina v1.3.3 master:6fe1ce2   Built Jun 30 2026.,static_crystal_polymer,C;D,
5AJO,equibind,scored,0.0,gnina v1.3.3 master:6fe1ce2   Built Jun 30 2026.,static_crystal_polymer,B,
5AJO,diffdock,scored,0.0102,gnina v1.3.3 master:6fe1ce2   Built Jun 30 2026.,static_crystal_polymer,B,
5AH2,equibind,scored,0.1169,gnina v1.3.3 master:6fe1ce2   Built Jun 30 2026.,static_crystal_polymer,E;F;G;H,
5AH2,diffdock,scored,0.00011,gnina v1.3.3 master:6fe1ce2   Built Jun 30 2026.,static_crystal_polymer,E;F;G;H,
5AZG,equibind,scored,4e-05,gnina v1.3.3 master:6fe1ce2   Built Jun 30 2026.,static_crystal_polymer,C,
5AZG,diffdock,scored,0.31698,gnina v1.3.3 master:6fe1ce2   Built Jun 30 2026.,static_crystal_polymer,C,
5AJP,equibind,scored,1e-05,gnina v1.3.3 master:6fe1ce2   Built Jun 30 2026.,static_crystal_polymer,B,
5AJP,diffdock,scored,0.02296,gnina v1.3.3 master:6fe1ce2   Built Jun 30 2026.,static_crystal_polymer,B,
5AZF,equibind,scored,8e-05,gnina v1.3.3 master:6fe1ce2   Built Jun 30 2026.,static_crystal_polymer,C;D,
5AZF,diffdock,scored,0.6188,gnina v1.3.3 master:6fe1ce2   Built Jun 30 2026.,static_crystal_polymer,C;D,
5B2D,equibind,scored,0.0,gnina v1.3.3 master:6fe1ce2   Built Jun 30 2026.,static_crystal_polymer,C;D,
5B2D,diffdock,scored,0.48211,gnina v1.3.3 master:6fe1ce2   Built Jun 30 2026.,static_crystal_polymer,C;D,
5B56,equibind,scored,0.0,gnina v1.3.3 master:6fe1ce2   Built Jun 30 2026.,static_crystal_polymer,C;D;F,
5B56,diffdock,scored,0.14561,gnina v1.3.3 master:6fe1ce2   Built Jun 30 2026.,static_crystal_polymer,C;D;F,
5BRZ,equibind,scored,0.0,gnina v1.3.3 master:6fe1ce2   Built Jun 30 2026.,static_crystal_polymer,C,
5BRZ,diffdock,scored,0.00998,gnina v1.3.3 master:6fe1ce2   Built Jun 30 2026.,static_crystal_polymer,C,
5BS0,equibind,scored,1e-05,gnina v1.3.3 master:6fe1ce2   Built Jun 30 2026.,static_crystal_polymer,C,
5BS0,diffdock,scored,0.01658,gnina v1.3.3 master:6fe1ce2   Built Jun 30 2026.,static_crystal_polymer,C,
5BTV,equibind,scored,0.00104,gnina v1.3.3 master:6fe1ce2   Built Jun 30 2026.,static_crystal_polymer,,
5BTV,diffdock,scored,0.00118,gnina v1.3.3 master:6fe1ce2   Built Jun 30 2026.,static_crystal_polymer,,
5BTR,equibind,scored,3e-05,gnina v1.3.3 master:6fe1ce2   Built Jun 30 2026.,static_crystal_polymer,,
5BTR,diffdock,scored,4e-05,gnina v1.3.3 master:6fe1ce2   Built Jun 30 2026.,static_crystal_polymer,,
5BJT,equibind,scored,0.0,gnina v1.3.3 master:6fe1ce2   Built Jun 30 2026.,static_crystal_polymer,,
5BJT,diffdock,scored,0.0,gnina v1.3.3 master:6fe1ce2   Built Jun 30 2026.,static_crystal_polymer,,
5C0M,equibind,scored,0.00042,gnina v1.3.3 master:6fe1ce2   Built Jun 30 2026.,static_crystal_polymer,D,
5C0M,diffdock,scored,0.45319,gnina v1.3.3 master:6fe1ce2   Built Jun 30 2026.,static_crystal_polymer,D,
5C13,equibind,scored,7e-05,gnina v1.3.3 master:6fe1ce2   Built Jun 30 2026.,static_crystal_polymer,,
5C13,diffdock,scored,0.27636,gnina v1.3.3 master:6fe1ce2   Built Jun 30 2026.,static_crystal_polymer,,
5C11,equibind,scored,0.00012,gnina v1.3.3 master:6fe1ce2   Built Jun 30 2026.,static_crystal_polymer,,
5C11,diffdock,scored,0.17708,gnina v1.3.3 master:6fe1ce2   Built Jun 30 2026.,static_crystal_polymer,,
5C6V,equibind,scored,0.00018,gnina v1.3.3 master:6fe1ce2   Built Jun 30 2026.,static_crystal_polymer,,
5C6V,diffdock,scored,0.12335,gnina v1.3.3 master:6fe1ce2   Built Jun 30 2026.,static_crystal_polymer,,
5CIL,equibind,scored,0.0,gnina v1.3.3 master:6fe1ce2   Built Jun 30 2026.,static_crystal_polymer,,
5CIL,diffdock,scored,6e-05,gnina v1.3.3 master:6fe1ce2   Built Jun 30 2026.,static_crystal_polymer,,
5CIN,equibind,scored,0.0,gnina v1.3.3 master:6fe1ce2   Built Jun 30 2026.,static_crystal_polymer,,
5CIN,diffdock,scored,0.00048,gnina v1.3.3 master:6fe1ce2   Built Jun 30 2026.,static_crystal_polymer,,
5CQX,equibind,scored,0.00019,gnina v1.3.3 master:6fe1ce2   Built Jun 30 2026.,static_crystal_polymer,,
5CQX,diffdock,scored,0.01518,gnina v1.3.3 master:6fe1ce2   Built Jun 30 2026.,static_crystal_polymer,,
5CFA,equibind,scored,1e-05,gnina v1.3.3 master:6fe1ce2   Built Jun 30 2026.,static_crystal_polymer,,
5CFA,diffdock,scored,0.0605,gnina v1.3.3 master:6fe1ce2   Built Jun 30 2026.,static_crystal_polymer,,
5C7F,equibind,scored,3e-05,gnina v1.3.3 master:6fe1ce2   Built Jun 30 2026.,static_crystal_polymer,,
5C7F,diffdock,scored,0.42837,gnina v1.3.3 master:6fe1ce2   Built Jun 30 2026.,static_crystal_polymer,,
5C7E,equibind,scored,0.0,gnina v1.3.3 master:6fe1ce2   Built Jun 30 2026.,static_crystal_polymer,,
5C7E,diffdock,scored,0.03565,gnina v1.3.3 master:6fe1ce2   Built Jun 30 2026.,static_crystal_polymer,,
5CS2,equibind,scored,0.00021,gnina v1.3.3 master:6fe1ce2   Built Jun 30 2026.,static_crystal_polymer,B,
5CS2,diffdock,scored,0.06762,gnina v1.3.3 master:6fe1ce2   Built Jun 30 2026.,static_crystal_polymer,B,
5CVD,equibind,scored,0.0001,gnina v1.3.3 master:6fe1ce2   Built Jun 30 2026.,static_crystal_polymer,,
5CVD,diffdock,scored,0.0016,gnina v1.3.3 master:6fe1ce2   Built Jun 30 2026.,static_crystal_polymer,,
5CSZ,equibind,scored,0.0,gnina v1.3.3 master:6fe1ce2   Built Jun 30 2026.,static_crystal_polymer,,
5CSZ,diffdock,scored,0.01967,gnina v1.3.3 master:6fe1ce2   Built Jun 30 2026.,static_crystal_polymer,,
5D0J,equibind,scored,0.0002,gnina v1.3.3 master:6fe1ce2   Built Jun 30 2026.,static_crystal_polymer,,
5D0J,diffdock,scored,0.0901,gnina v1.3.3 master:6fe1ce2   Built Jun 30 2026.,static_crystal_polymer,,
5D2A,equibind,scored,0.0,gnina v1.3.3 master:6fe1ce2   Built Jun 30 2026.,static_crystal_polymer,,
5D2A,diffdock,scored,0.00203,gnina v1.3.3 master:6fe1ce2   Built Jun 30 2026.,static_crystal_polymer,,
5D7E,equibind,scored,0.0,gnina v1.3.3 master:6fe1ce2   Built Jun 30 2026.,static_crystal_polymer,,
5D7E,diffdock,scored,0.00148,gnina v1.3.3 master:6fe1ce2   Built Jun 30 2026.,static_crystal_polymer,,
5D6Y,equibind,scored,0.00338,gnina v1.3.3 master:6fe1ce2   Built Jun 30 2026.,static_crystal_polymer,,
5D6Y,diffdock,scored,0.02189,gnina v1.3.3 master:6fe1ce2   Built Jun 30 2026.,static_crystal_polymer,,
5DAH,equibind,scored,0.00019,gnina v1.3.3 master:6fe1ce2   Built Jun 30 2026.,static_crystal_polymer,,
5DAH,diffdock,scored,0.00587,gnina v1.3.3 master:6fe1ce2   Built Jun 30 2026.,static_crystal_polymer,,
5DD0,equibind,scored,0.0,gnina v1.3.3 master:6fe1ce2   Built Jun 30 2026.,static_crystal_polymer,C,
5DD0,diffdock,scored,0.4251,gnina v1.3.3 master:6fe1ce2   Built Jun 30 2026.,static_crystal_polymer,C,
5DMS,equibind,scored,0.0007,gnina v1.3.3 master:6fe1ce2   Built Jun 30 2026.,static_crystal_polymer,,
5DMS,diffdock,scored,0.0074,gnina v1.3.3 master:6fe1ce2   Built Jun 30 2026.,static_crystal_polymer,,
5DHF,equibind,scored,0.0,gnina v1.3.3 master:6fe1ce2   Built Jun 30 2026.,static_crystal_polymer,,
5DHF,diffdock,scored,0.00043,gnina v1.3.3 master:6fe1ce2   Built Jun 30 2026.,static_crystal_polymer,,
5DXB,equibind,scored,0.0,gnina v1.3.3 master:6fe1ce2   Built Jun 30 2026.,static_crystal_polymer,C,
5DXB,diffdock,scored,8e-05,gnina v1.3.3 master:6fe1ce2   Built Jun 30 2026.,static_crystal_polymer,C,
5DX3,equibind,scored,0.0,gnina v1.3.3 master:6fe1ce2   Built Jun 30 2026.,static_crystal_polymer,C;D,
5DX3,diffdock,scored,0.00019,gnina v1.3.3 master:6fe1ce2   Built Jun 30 2026.,static_crystal_polymer,C;D,
5DPW,equibind,scored,4e-05,gnina v1.3.3 master:6fe1ce2   Built Jun 30 2026.,static_crystal_polymer,,
5DPW,diffdock,scored,0.04643,gnina v1.3.3 master:6fe1ce2   Built Jun 30 2026.,static_crystal_polymer,,
5E0L,equibind,scored,4e-05,gnina v1.3.3 master:6fe1ce2   Built Jun 30 2026.,static_crystal_polymer,B,
5E0L,diffdock,scored,0.42575,gnina v1.3.3 master:6fe1ce2   Built Jun 30 2026.,static_crystal_polymer,B,
5E1B,equibind,scored,0.0,gnina v1.3.3 master:6fe1ce2   Built Jun 30 2026.,static_crystal_polymer,C,
5E1B,diffdock,scored,0.00031,gnina v1.3.3 master:6fe1ce2   Built Jun 30 2026.,static_crystal_polymer,C,
5E1M,equibind,scored,2e-05,gnina v1.3.3 master:6fe1ce2   Built Jun 30 2026.,static_crystal_polymer,C;D,
5E1M,diffdock,scored,0.00602,gnina v1.3.3 master:6fe1ce2   Built Jun 30 2026.,static_crystal_polymer,C;D,
5E1D,equibind,scored,0.0,gnina v1.3.3 master:6fe1ce2   Built Jun 30 2026.,static_crystal_polymer,C,
5E1D,diffdock,scored,0.02063,gnina v1.3.3 master:6fe1ce2   Built Jun 30 2026.,static_crystal_polymer,C,
5E3A,equibind,scored,0.00049,gnina v1.3.3 master:6fe1ce2   Built Jun 30 2026.,static_crystal_polymer,B,
5E3A,diffdock,scored,0.00614,gnina v1.3.3 master:6fe1ce2   Built Jun 30 2026.,static_crystal_polymer,B,
5E8F,equibind,scored,5e-05,gnina v1.3.3 master:6fe1ce2   Built Jun 30 2026.,static_crystal_polymer,C;D,
5E8F,diffdock,scored,0.23268,gnina v1.3.3 master:6fe1ce2   Built Jun 30 2026.,static_crystal_polymer,C;D,
5E6O,equibind,scored,0.0,gnina v1.3.3 master:6fe1ce2   Built Jun 30 2026.,static_crystal_polymer,E;F;G;H,
5E6O,diffdock,scored,0.07293,gnina v1.3.3 master:6fe1ce2   Built Jun 30 2026.,static_crystal_polymer,E;F;G;H,
5EEQ,equibind,scored,0.0,gnina v1.3.3 master:6fe1ce2   Built Jun 30 2026.,static_crystal_polymer,C;D,
5EEQ,diffdock,scored,0.00088,gnina v1.3.3 master:6fe1ce2   Built Jun 30 2026.,static_crystal_polymer,C;D,
5EFJ,equibind,scored,0.006,gnina v1.3.3 master:6fe1ce2   Built Jun 30 2026.,static_crystal_polymer,B,
5EFJ,diffdock,scored,0.31442,gnina v1.3.3 master:6fe1ce2   Built Jun 30 2026.,static_crystal_polymer,B,
5EAY,equibind,scored,0.0,gnina v1.3.3 master:6fe1ce2   Built Jun 30 2026.,static_crystal_polymer,,
5EAY,diffdock,scored,0.00092,gnina v1.3.3 master:6fe1ce2   Built Jun 30 2026.,static_crystal_polymer,,
5ELQ,equibind,scored,0.00119,gnina v1.3.3 master:6fe1ce2   Built Jun 30 2026.,static_crystal_polymer,B;D,
5ELQ,diffdock,scored,0.01425,gnina v1.3.3 master:6fe1ce2   Built Jun 30 2026.,static_crystal_polymer,B;D,
5EM9,equibind,scored,0.0005,gnina v1.3.3 master:6fe1ce2   Built Jun 30 2026.,static_crystal_polymer,B,
5EM9,diffdock,scored,0.14099,gnina v1.3.3 master:6fe1ce2   Built Jun 30 2026.,static_crystal_polymer,B,
5ELD,equibind,scored,0.0,gnina v1.3.3 master:6fe1ce2   Built Jun 30 2026.,static_crystal_polymer,F;G;H;I,
5ELD,diffdock,scored,0.11186,gnina v1.3.3 master:6fe1ce2   Built Jun 30 2026.,static_crystal_polymer,F;G;H;I,
5ELF,equibind,scored,0.34864,gnina v1.3.3 master:6fe1ce2   Built Jun 30 2026.,static_crystal_polymer,K;L;M;N;O;P;Q,
5ELF,diffdock,scored,0.06166,gnina v1.3.3 master:6fe1ce2   Built Jun 30 2026.,static_crystal_polymer,K;L;M;N;O;P;Q,
5ELE,equibind,scored,0.00869,gnina v1.3.3 master:6fe1ce2   Built Jun 30 2026.,static_crystal_polymer,K;L;M,
5ELE,diffdock,scored,0.02022,gnina v1.3.3 master:6fe1ce2   Built Jun 30 2026.,static_crystal_polymer,K;L;M,
5EMB,equibind,scored,0.00027,gnina v1.3.3 master:6fe1ce2   Built Jun 30 2026.,static_crystal_polymer,B,
5EMB,diffdock,scored,0.16265,gnina v1.3.3 master:6fe1ce2   Built Jun 30 2026.,static_crystal_polymer,B,
5EMA,equibind,scored,0.03127,gnina v1.3.3 master:6fe1ce2   Built Jun 30 2026.,static_crystal_polymer,B,
5EMA,diffdock,scored,0.20501,gnina v1.3.3 master:6fe1ce2   Built Jun 30 2026.,static_crystal_polymer,B,
5EPK,equibind,scored,4e-05,gnina v1.3.3 master:6fe1ce2   Built Jun 30 2026.,static_crystal_polymer,B,
5EPK,diffdock,scored,0.16553,gnina v1.3.3 master:6fe1ce2   Built Jun 30 2026.,static_crystal_polymer,B,
5EOK,equibind,scored,0.0,gnina v1.3.3 master:6fe1ce2   Built Jun 30 2026.,static_crystal_polymer,,
5EOK,diffdock,scored,0.08526,gnina v1.3.3 master:6fe1ce2   Built Jun 30 2026.,static_crystal_polymer,,
5EOC,equibind,scored,2e-05,gnina v1.3.3 master:6fe1ce2   Built Jun 30 2026.,static_crystal_polymer,,
5EOC,diffdock,scored,0.00174,gnina v1.3.3 master:6fe1ce2   Built Jun 30 2026.,static_crystal_polymer,,
5EQQ,equibind,scored,0.26496,gnina v1.3.3 master:6fe1ce2   Built Jun 30 2026.,static_crystal_polymer,,
5EQQ,diffdock,scored,0.13021,gnina v1.3.3 master:6fe1ce2   Built Jun 30 2026.,static_crystal_polymer,,
5EQ0,equibind,scored,1e-05,gnina v1.3.3 master:6fe1ce2   Built Jun 30 2026.,static_crystal_polymer,B,
5EQ0,diffdock,scored,0.1679,gnina v1.3.3 master:6fe1ce2   Built Jun 30 2026.,static_crystal_polymer,B,
5EPL,equibind,scored,3e-05,gnina v1.3.3 master:6fe1ce2   Built Jun 30 2026.,static_crystal_polymer,C;D,
5EPL,diffdock,scored,0.00492,gnina v1.3.3 master:6fe1ce2   Built Jun 30 2026.,static_crystal_polymer,C;D,
5ESQ,equibind,scored,0.0,gnina v1.3.3 master:6fe1ce2   Built Jun 30 2026.,static_crystal_polymer,,
5ESQ,diffdock,scored,0.03047,gnina v1.3.3 master:6fe1ce2   Built Jun 30 2026.,static_crystal_polymer,,
5ETA,equibind,scored,0.0,gnina v1.3.3 master:6fe1ce2   Built Jun 30 2026.,static_crystal_polymer,,
5ETA,diffdock,scored,0.13956,gnina v1.3.3 master:6fe1ce2   Built Jun 30 2026.,static_crystal_polymer,,
5ETF,equibind,scored,0.0,gnina v1.3.3 master:6fe1ce2   Built Jun 30 2026.,static_crystal_polymer,,
5ETF,diffdock,scored,0.42192,gnina v1.3.3 master:6fe1ce2   Built Jun 30 2026.,static_crystal_polymer,,
5EYZ,equibind,scored,0.09464,gnina v1.3.3 master:6fe1ce2   Built Jun 30 2026.,static_crystal_polymer,E;F;G;H,
5EYZ,diffdock,scored,0.65453,gnina v1.3.3 master:6fe1ce2   Built Jun 30 2026.,static_crystal_polymer,E;F;G;H,
5ETU,equibind,scored,0.0,gnina v1.3.3 master:6fe1ce2   Built Jun 30 2026.,static_crystal_polymer,E;F,
5ETU,diffdock,scored,4e-05,gnina v1.3.3 master:6fe1ce2   Built Jun 30 2026.,static_crystal_polymer,E;F,
5EZ0,equibind,scored,1e-05,gnina v1.3.3 master:6fe1ce2   Built Jun 30 2026.,static_crystal_polymer,E;F,
5EZ0,diffdock,scored,0.1714,gnina v1.3.3 master:6fe1ce2   Built Jun 30 2026.,static_crystal_polymer,E;F,
5EUK,equibind,scored,0.0,gnina v1.3.3 master:6fe1ce2   Built Jun 30 2026.,static_crystal_polymer,E;F,
5EUK,diffdock,scored,0.02459,gnina v1.3.3 master:6fe1ce2   Built Jun 30 2026.,static_crystal_polymer,E;F,
5F5B,equibind,scored,0.00451,gnina v1.3.3 master:6fe1ce2   Built Jun 30 2026.,static_crystal_polymer,,
5F5B,diffdock,scored,0.5901,gnina v1.3.3 master:6fe1ce2   Built Jun 30 2026.,static_crystal_polymer,,
5F2U,equibind,scored,0.0,gnina v1.3.3 master:6fe1ce2   Built Jun 30 2026.,static_crystal_polymer,,
5F2U,diffdock,scored,0.02489,gnina v1.3.3 master:6fe1ce2   Built Jun 30 2026.,static_crystal_polymer,,
5F67,equibind,scored,0.0,gnina v1.3.3 master:6fe1ce2   Built Jun 30 2026.,static_crystal_polymer,B;D,
5F67,diffdock,scored,0.3461,gnina v1.3.3 master:6fe1ce2   Built Jun 30 2026.,static_crystal_polymer,B;D,
5F90,equibind,scored,0.00182,gnina v1.3.3 master:6fe1ce2   Built Jun 30 2026.,static_crystal_polymer,,
5F90,diffdock,scored,0.65602,gnina v1.3.3 master:6fe1ce2   Built Jun 30 2026.,static_crystal_polymer,,
5FB0,equibind,scored,0.00641,gnina v1.3.3 master:6fe1ce2   Built Jun 30 2026.,static_crystal_polymer,,
5FB0,diffdock,scored,0.01639,gnina v1.3.3 master:6fe1ce2   Built Jun 30 2026.,static_crystal_polymer,,
5FB1,equibind,scored,0.0,gnina v1.3.3 master:6fe1ce2   Built Jun 30 2026.,static_crystal_polymer,,
5FB1,diffdock,scored,0.18422,gnina v1.3.3 master:6fe1ce2   Built Jun 30 2026.,static_crystal_polymer,,
5FOU,equibind,scored,0.00089,gnina v1.3.3 master:6fe1ce2   Built Jun 30 2026.,static_crystal_polymer,B,
5FOU,diffdock,scored,0.12397,gnina v1.3.3 master:6fe1ce2   Built Jun 30 2026.,static_crystal_polymer,B,
5FOT,equibind,scored,0.00953,gnina v1.3.3 master:6fe1ce2   Built Jun 30 2026.,static_crystal_polymer,B,
5FOT,diffdock,scored,0.56873,gnina v1.3.3 master:6fe1ce2   Built Jun 30 2026.,static_crystal_polymer,B,
5FJX,equibind,scored,0.00117,gnina v1.3.3 master:6fe1ce2   Built Jun 30 2026.,static_crystal_polymer,E,
5FJX,diffdock,scored,0.08179,gnina v1.3.3 master:6fe1ce2   Built Jun 30 2026.,static_crystal_polymer,E,
5FOW,equibind,scored,0.001,gnina v1.3.3 master:6fe1ce2   Built Jun 30 2026.,static_crystal_polymer,,
5FOW,diffdock,scored,0.11141,gnina v1.3.3 master:6fe1ce2   Built Jun 30 2026.,static_crystal_polymer,,
5FOV,equibind,scored,0.00204,gnina v1.3.3 master:6fe1ce2   Built Jun 30 2026.,static_crystal_polymer,C;D,
5FOV,diffdock,scored,0.18746,gnina v1.3.3 master:6fe1ce2   Built Jun 30 2026.,static_crystal_polymer,C;D,
5FOX,equibind,scored,0.00453,gnina v1.3.3 master:6fe1ce2   Built Jun 30 2026.,static_crystal_polymer,B,
5FOX,diffdock,scored,0.04816,gnina v1.3.3 master:6fe1ce2   Built Jun 30 2026.,static_crystal_polymer,B,
5FPI,equibind,scored,2e-05,gnina v1.3.3 master:6fe1ce2   Built Jun 30 2026.,static_crystal_polymer,,
5FPI,diffdock,scored,0.05975,gnina v1.3.3 master:6fe1ce2   Built Jun 30 2026.,static_crystal_polymer,,
5FPK,equibind,scored,0.00388,gnina v1.3.3 master:6fe1ce2   Built Jun 30 2026.,static_crystal_polymer,B,
5FPK,diffdock,scored,0.33181,gnina v1.3.3 master:6fe1ce2   Built Jun 30 2026.,static_crystal_polymer,B,
5FJW,equibind,scored,0.00061,gnina v1.3.3 master:6fe1ce2   Built Jun 30 2026.,static_crystal_polymer,I;J;K;L;M;N;O;P,
5FJW,diffdock,scored,0.02423,gnina v1.3.3 master:6fe1ce2   Built Jun 30 2026.,static_crystal_polymer,I;J;K;L;M;N;O;P,
185L,equibind,scored,0.3579,gnina v1.3.3 master:6fe1ce2   Built Jun 30 2026.,static_crystal_polymer,,
185L,diffdock,scored,0.23987,gnina v1.3.3 master:6fe1ce2   Built Jun 30 2026.,static_crystal_polymer,,
184L,equibind,scored,0.74341,gnina v1.3.3 master:6fe1ce2   Built Jun 30 2026.,static_crystal_polymer,,
184L,diffdock,scored,0.89067,gnina v1.3.3 master:6fe1ce2   Built Jun 30 2026.,static_crystal_polymer,,
187L,equibind,scored,0.7206,gnina v1.3.3 master:6fe1ce2   Built Jun 30 2026.,static_crystal_polymer,,
187L,diffdock,scored,0.68912,gnina v1.3.3 master:6fe1ce2   Built Jun 30 2026.,static_crystal_polymer,,
186L,equibind,scored,0.38939,gnina v1.3.3 master:6fe1ce2   Built Jun 30 2026.,static_crystal_polymer,,
186L,diffdock,scored,0.70069,gnina v1.3.3 master:6fe1ce2   Built Jun 30 2026.,static_crystal_polymer,,
188L,equibind,scored,0.61266,gnina v1.3.3 master:6fe1ce2   Built Jun 30 2026.,static_crystal_polymer,,
188L,diffdock,scored,0.87681,gnina v1.3.3 master:6fe1ce2   Built Jun 30 2026.,static_crystal_polymer,,
1A0Q,equibind,scored,0.10642,gnina v1.3.3 master:6fe1ce2   Built Jun 30 2026.,static_crystal_polymer,,
1A0Q,diffdock,scored,0.01586,gnina v1.3.3 master:6fe1ce2   Built Jun 30 2026.,static_crystal_polymer,,
1A42,equibind,scored,0.10625,gnina v1.3.3 master:6fe1ce2   Built Jun 30 2026.,static_crystal_polymer,,
1A42,diffdock,scored,0.88256,gnina v1.3.3 master:6fe1ce2   Built Jun 30 2026.,static_crystal_polymer,,
1A4H,equibind,scored,0.63798,gnina v1.3.3 master:6fe1ce2   Built Jun 30 2026.,static_crystal_polymer,,
1A4H,diffdock,scored,0.53949,gnina v1.3.3 master:6fe1ce2   Built Jun 30 2026.,static_crystal_polymer,,
10GS,equibind,scored,0.00133,gnina v1.3.3 master:6fe1ce2   Built Jun 30 2026.,static_crystal_polymer,,
10GS,diffdock,scored,0.74232,gnina v1.3.3 master:6fe1ce2   Built Jun 30 2026.,static_crystal_polymer,,
1A28,equibind,scored,0.33713,gnina v1.3.3 master:6fe1ce2   Built Jun 30 2026.,static_crystal_polymer,,
1A28,diffdock,scored,0.95413,gnina v1.3.3 master:6fe1ce2   Built Jun 30 2026.,static_crystal_polymer,,
16PK,equibind,scored,0.0114,gnina v1.3.3 master:6fe1ce2   Built Jun 30 2026.,static_crystal_polymer,,
16PK,diffdock,scored,0.21914,gnina v1.3.3 master:6fe1ce2   Built Jun 30 2026.,static_crystal_polymer,,
1A4R,equibind,scored,8e-05,gnina v1.3.3 master:6fe1ce2   Built Jun 30 2026.,static_crystal_polymer,,
1A4R,diffdock,scored,0.65088,gnina v1.3.3 master:6fe1ce2   Built Jun 30 2026.,static_crystal_polymer,,
1A4K,equibind,scored,0.00334,gnina v1.3.3 master:6fe1ce2   Built Jun 30 2026.,static_crystal_polymer,,
1A4K,diffdock,scored,0.07455,gnina v1.3.3 master:6fe1ce2   Built Jun 30 2026.,static_crystal_polymer,,
1A4G,equibind,scored,0.04759,gnina v1.3.3 master:6fe1ce2   Built Jun 30 2026.,static_crystal_polymer,,
1A4G,diffdock,scored,0.84568,gnina v1.3.3 master:6fe1ce2   Built Jun 30 2026.,static_crystal_polymer,,
1A86,equibind,scored,0.0512,gnina v1.3.3 master:6fe1ce2   Built Jun 30 2026.,static_crystal_polymer,,
1A86,diffdock,scored,0.63717,gnina v1.3.3 master:6fe1ce2   Built Jun 30 2026.,static_crystal_polymer,,
1A85,equibind,scored,0.51714,gnina v1.3.3 master:6fe1ce2   Built Jun 30 2026.,static_crystal_polymer,,
1A85,diffdock,scored,0.41993,gnina v1.3.3 master:6fe1ce2   Built Jun 30 2026.,static_crystal_polymer,,
1A7X,equibind,scored,0.00076,gnina v1.3.3 master:6fe1ce2   Built Jun 30 2026.,static_crystal_polymer,,
1A7X,diffdock,scored,0.02742,gnina v1.3.3 master:6fe1ce2   Built Jun 30 2026.,static_crystal_polymer,,
1A52,equibind,scored,9e-05,gnina v1.3.3 master:6fe1ce2   Built Jun 30 2026.,static_crystal_polymer,,
1A52,diffdock,scored,0.71407,gnina v1.3.3 master:6fe1ce2   Built Jun 30 2026.,static_crystal_polymer,,
1A50,equibind,scored,0.29407,gnina v1.3.3 master:6fe1ce2   Built Jun 30 2026.,static_crystal_polymer,,
1A50,diffdock,scored,0.95969,gnina v1.3.3 master:6fe1ce2   Built Jun 30 2026.,static_crystal_polymer,,
1A4Q,equibind,scored,0.17519,gnina v1.3.3 master:6fe1ce2   Built Jun 30 2026.,static_crystal_polymer,,
1A4Q,diffdock,scored,0.68027,gnina v1.3.3 master:6fe1ce2   Built Jun 30 2026.,static_crystal_polymer,,
1A9Q,equibind,scored,0.01051,gnina v1.3.3 master:6fe1ce2   Built Jun 30 2026.,static_crystal_polymer,,
1A9Q,diffdock,scored,0.55578,gnina v1.3.3 master:6fe1ce2   Built Jun 30 2026.,static_crystal_polymer,,
1ABF,equibind,scored,0.0506,gnina v1.3.3 master:6fe1ce2   Built Jun 30 2026.,static_crystal_polymer,,
1ABF,diffdock,scored,0.87022,gnina v1.3.3 master:6fe1ce2   Built Jun 30 2026.,static_crystal_polymer,,
1A9U,equibind,scored,0.29871,gnina v1.3.3 master:6fe1ce2   Built Jun 30 2026.,static_crystal_polymer,,
1A9U,diffdock,scored,0.3225,gnina v1.3.3 master:6fe1ce2   Built Jun 30 2026.,static_crystal_polymer,,
1AAQ,equibind,scored,5e-05,gnina v1.3.3 master:6fe1ce2   Built Jun 30 2026.,static_crystal_polymer,,
1AAQ,diffdock,scored,0.6601,gnina v1.3.3 master:6fe1ce2   Built Jun 30 2026.,static_crystal_polymer,,
1ADL,equibind,scored,0.5658,gnina v1.3.3 master:6fe1ce2   Built Jun 30 2026.,static_crystal_polymer,,
1ADL,diffdock,scored,0.16533,gnina v1.3.3 master:6fe1ce2   Built Jun 30 2026.,static_crystal_polymer,,
1AD8,equibind,scored,0.22836,gnina v1.3.3 master:6fe1ce2   Built Jun 30 2026.,static_crystal_polymer,,
1AD8,diffdock,scored,0.00018,gnina v1.3.3 master:6fe1ce2   Built Jun 30 2026.,static_crystal_polymer,,
1ADD,equibind,scored,0.46856,gnina v1.3.3 master:6fe1ce2   Built Jun 30 2026.,static_crystal_polymer,,
1ADD,diffdock,scored,0.9311,gnina v1.3.3 master:6fe1ce2   Built Jun 30 2026.,static_crystal_polymer,,
1AF2,equibind,scored,0.00984,gnina v1.3.3 master:6fe1ce2   Built Jun 30 2026.,static_crystal_polymer,,
1AF2,diffdock,scored,0.55785,gnina v1.3.3 master:6fe1ce2   Built Jun 30 2026.,static_crystal_polymer,,
1A8I,equibind,scored,0.27407,gnina v1.3.3 master:6fe1ce2   Built Jun 30 2026.,static_crystal_polymer,,
1A8I,diffdock,scored,0.25162,gnina v1.3.3 master:6fe1ce2   Built Jun 30 2026.,static_crystal_polymer,,
1A4M,equibind,scored,0.01089,gnina v1.3.3 master:6fe1ce2   Built Jun 30 2026.,static_crystal_polymer,,
1A4M,diffdock,scored,0.86401,gnina v1.3.3 master:6fe1ce2   Built Jun 30 2026.,static_crystal_polymer,,
1AFK,equibind,scored,1e-05,gnina v1.3.3 master:6fe1ce2   Built Jun 30 2026.,static_crystal_polymer,,
1AFK,diffdock,scored,0.24437,gnina v1.3.3 master:6fe1ce2   Built Jun 30 2026.,static_crystal_polymer,,
1AHX,equibind,scored,0.51053,gnina v1.3.3 master:6fe1ce2   Built Jun 30 2026.,static_crystal_polymer,,
1AHX,diffdock,scored,0.90502,gnina v1.3.3 master:6fe1ce2   Built Jun 30 2026.,static_crystal_polymer,,
1AI4,equibind,scored,0.00172,gnina v1.3.3 master:6fe1ce2   Built Jun 30 2026.,static_crystal_polymer,,
1AI4,diffdock,scored,0.5973,gnina v1.3.3 master:6fe1ce2   Built Jun 30 2026.,static_crystal_polymer,,
1A99,equibind,scored,0.60585,gnina v1.3.3 master:6fe1ce2   Built Jun 30 2026.,static_crystal_polymer,,
1A99,diffdock,scored,0.8147,gnina v1.3.3 master:6fe1ce2   Built Jun 30 2026.,static_crystal_polymer,,
1AKR,equibind,scored,0.00279,gnina v1.3.3 master:6fe1ce2   Built Jun 30 2026.,static_crystal_polymer,,
1AKR,diffdock,scored,0.99474,gnina v1.3.3 master:6fe1ce2   Built Jun 30 2026.,static_crystal_polymer,,
1AKT,equibind,scored,0.00103,gnina v1.3.3 master:6fe1ce2   Built Jun 30 2026.,static_crystal_polymer,,
1AKT,diffdock,scored,0.84993,gnina v1.3.3 master:6fe1ce2   Built Jun 30 2026.,static_crystal_polymer,,
1AKQ,equibind,scored,0.00291,gnina v1.3.3 master:6fe1ce2   Built Jun 30 2026.,static_crystal_polymer,,
1AKQ,diffdock,scored,0.96795,gnina v1.3.3 master:6fe1ce2   Built Jun 30 2026.,static_crystal_polymer,,
1AFL,equibind,scored,0.0,gnina v1.3.3 master:6fe1ce2   Built Jun 30 2026.,static_crystal_polymer,,
1AFL,diffdock,scored,0.02595,gnina v1.3.3 master:6fe1ce2   Built Jun 30 2026.,static_crystal_polymer,,
1AHY,equibind,scored,0.53307,gnina v1.3.3 master:6fe1ce2   Built Jun 30 2026.,static_crystal_polymer,,
1AHY,diffdock,scored,0.51518,gnina v1.3.3 master:6fe1ce2   Built Jun 30 2026.,static_crystal_polymer,,
1AI5,equibind,scored,0.00082,gnina v1.3.3 master:6fe1ce2   Built Jun 30 2026.,static_crystal_polymer,,
1AI5,diffdock,scored,0.61664,gnina v1.3.3 master:6fe1ce2   Built Jun 30 2026.,static_crystal_polymer,,
1AKW,equibind,scored,0.00204,gnina v1.3.3 master:6fe1ce2   Built Jun 30 2026.,static_crystal_polymer,,
1AKW,diffdock,scored,0.98597,gnina v1.3.3 master:6fe1ce2   Built Jun 30 2026.,static_crystal_polymer,,
1AKU,equibind,scored,0.02718,gnina v1.3.3 master:6fe1ce2   Built Jun 30 2026.,static_crystal_polymer,,
1AKU,diffdock,scored,0.64882,gnina v1.3.3 master:6fe1ce2   Built Jun 30 2026.,static_crystal_polymer,,
1AKV,equibind,scored,0.00266,gnina v1.3.3 master:6fe1ce2   Built Jun 30 2026.,static_crystal_polymer,,
1AKV,diffdock,scored,0.67983,gnina v1.3.3 master:6fe1ce2   Built Jun 30 2026.,static_crystal_polymer,,
1AI7,equibind,scored,0.0868,gnina v1.3.3 master:6fe1ce2   Built Jun 30 2026.,static_crystal_polymer,,
1AI7,diffdock,scored,0.48482,gnina v1.3.3 master:6fe1ce2   Built Jun 30 2026.,static_crystal_polymer,,
1AL7,equibind,scored,0.04773,gnina v1.3.3 master:6fe1ce2   Built Jun 30 2026.,static_crystal_polymer,,
1AL7,diffdock,scored,0.79221,gnina v1.3.3 master:6fe1ce2   Built Jun 30 2026.,static_crystal_polymer,,
1AMK,equibind,scored,0.48283,gnina v1.3.3 master:6fe1ce2   Built Jun 30 2026.,static_crystal_polymer,,
1AMK,diffdock,scored,0.95259,gnina v1.3.3 master:6fe1ce2   Built Jun 30 2026.,static_crystal_polymer,,
1AL8,equibind,scored,0.04997,gnina v1.3.3 master:6fe1ce2   Built Jun 30 2026.,static_crystal_polymer,,
1AL8,diffdock,scored,0.22754,gnina v1.3.3 master:6fe1ce2   Built Jun 30 2026.,static_crystal_polymer,,
1AJP,equibind,scored,0.00018,gnina v1.3.3 master:6fe1ce2   Built Jun 30 2026.,static_crystal_polymer,,
1AJP,diffdock,scored,0.80781,gnina v1.3.3 master:6fe1ce2   Built Jun 30 2026.,static_crystal_polymer,,
1AJQ,equibind,scored,0.77388,gnina v1.3.3 master:6fe1ce2   Built Jun 30 2026.,static_crystal_polymer,,
1AJQ,diffdock,scored,0.97742,gnina v1.3.3 master:6fe1ce2   Built Jun 30 2026.,static_crystal_polymer,,
1APB,equibind,scored,0.50949,gnina v1.3.3 master:6fe1ce2   Built Jun 30 2026.,static_crystal_polymer,,
1APB,diffdock,scored,0.78084,gnina v1.3.3 master:6fe1ce2   Built Jun 30 2026.,static_crystal_polymer,,
1AQ1,equibind,scored,0.72469,gnina v1.3.3 master:6fe1ce2   Built Jun 30 2026.,static_crystal_polymer,,
1AQ1,diffdock,scored,0.34748,gnina v1.3.3 master:6fe1ce2   Built Jun 30 2026.,static_crystal_polymer,,
1ADO,equibind,scored,0.71478,gnina v1.3.3 master:6fe1ce2   Built Jun 30 2026.,static_crystal_polymer,,
1ADO,diffdock,scored,0.23875,gnina v1.3.3 master:6fe1ce2   Built Jun 30 2026.,static_crystal_polymer,,
1AU2,equibind,scored,0.00054,gnina v1.3.3 master:6fe1ce2   Built Jun 30 2026.,static_crystal_polymer,,
1AU2,diffdock,scored,0.18982,gnina v1.3.3 master:6fe1ce2   Built Jun 30 2026.,static_crystal_polymer,,
1AU0,equibind,scored,0.00052,gnina v1.3.3 master:6fe1ce2   Built Jun 30 2026.,static_crystal_polymer,,
1AU0,diffdock,scored,0.39368,gnina v1.3.3 master:6fe1ce2   Built Jun 30 2026.,static_crystal_polymer,,
1AUJ,equibind,scored,0.00953,gnina v1.3.3 master:6fe1ce2   Built Jun 30 2026.,static_crystal_polymer,,
1AUJ,diffdock,scored,0.30129,gnina v1.3.3 master:6fe1ce2   Built Jun 30 2026.,static_crystal_polymer,,
1ATL,equibind,scored,0.0013,gnina v1.3.3 master:6fe1ce2   Built Jun 30 2026.,static_crystal_polymer,,
1ATL,diffdock,scored,0.75626,gnina v1.3.3 master:6fe1ce2   Built Jun 30 2026.,static_crystal_polymer,,
1AVN,equibind,scored,0.07462,gnina v1.3.3 master:6fe1ce2   Built Jun 30 2026.,static_crystal_polymer,,
1AVN,diffdock,scored,0.19373,gnina v1.3.3 master:6fe1ce2   Built Jun 30 2026.,static_crystal_polymer,,
1AVD,equibind,scored,0.03047,gnina v1.3.3 master:6fe1ce2   Built Jun 30 2026.,static_crystal_polymer,,
1AVD,diffdock,scored,0.90387,gnina v1.3.3 master:6fe1ce2   Built Jun 30 2026.,static_crystal_polymer,,
1AMN,equibind,scored,0.25562,gnina v1.3.3 master:6fe1ce2   Built Jun 30 2026.,static_crystal_polymer,,
1AMN,diffdock,scored,0.85889,gnina v1.3.3 master:6fe1ce2   Built Jun 30 2026.,static_crystal_polymer,,
1AYU,equibind,scored,4e-05,gnina v1.3.3 master:6fe1ce2   Built Jun 30 2026.,static_crystal_polymer,,
1AYU,diffdock,scored,0.27495,gnina v1.3.3 master:6fe1ce2   Built Jun 30 2026.,static_crystal_polymer,,
1AWF,equibind,scored,0.00314,gnina v1.3.3 master:6fe1ce2   Built Jun 30 2026.,static_crystal_polymer,,
1AWF,diffdock,scored,0.0558,gnina v1.3.3 master:6fe1ce2   Built Jun 30 2026.,static_crystal_polymer,,
1AXZ,equibind,scored,0.16678,gnina v1.3.3 master:6fe1ce2   Built Jun 30 2026.,static_crystal_polymer,,
1AXZ,diffdock,scored,0.79525,gnina v1.3.3 master:6fe1ce2   Built Jun 30 2026.,static_crystal_polymer,,
1AX0,equibind,scored,0.74194,gnina v1.3.3 master:6fe1ce2   Built Jun 30 2026.,static_crystal_polymer,,
1AX0,diffdock,scored,0.61245,gnina v1.3.3 master:6fe1ce2   Built Jun 30 2026.,static_crystal_polymer,,
1AZL,equibind,scored,0.00254,gnina v1.3.3 master:6fe1ce2   Built Jun 30 2026.,static_crystal_polymer,,
1AZL,diffdock,scored,0.77623,gnina v1.3.3 master:6fe1ce2   Built Jun 30 2026.,static_crystal_polymer,,
1AYV,equibind,scored,0.00033,gnina v1.3.3 master:6fe1ce2   Built Jun 30 2026.,static_crystal_polymer,,
1AYV,diffdock,scored,0.18833,gnina v1.3.3 master:6fe1ce2   Built Jun 30 2026.,static_crystal_polymer,,
1B2I,equibind,scored,0.02424,gnina v1.3.3 master:6fe1ce2   Built Jun 30 2026.,static_crystal_polymer,,
1B2I,diffdock,scored,0.49913,gnina v1.3.3 master:6fe1ce2   Built Jun 30 2026.,static_crystal_polymer,,
1AZM,equibind,scored,0.52943,gnina v1.3.3 master:6fe1ce2   Built Jun 30 2026.,static_crystal_polymer,,
1AZM,diffdock,scored,0.79534,gnina v1.3.3 master:6fe1ce2   Built Jun 30 2026.,static_crystal_polymer,,
1AWH,equibind,scored,3e-05,gnina v1.3.3 master:6fe1ce2   Built Jun 30 2026.,static_crystal_polymer,,
1AWH,diffdock,scored,0.29536,gnina v1.3.3 master:6fe1ce2   Built Jun 30 2026.,static_crystal_polymer,,
1AXR,equibind,scored,0.65869,gnina v1.3.3 master:6fe1ce2   Built Jun 30 2026.,static_crystal_polymer,,
1AXR,diffdock,scored,0.61274,gnina v1.3.3 master:6fe1ce2   Built Jun 30 2026.,static_crystal_polymer,,
1B74,equibind,scored,0.33158,gnina v1.3.3 master:6fe1ce2   Built Jun 30 2026.,static_crystal_polymer,,
1B74,diffdock,scored,0.68947,gnina v1.3.3 master:6fe1ce2   Built Jun 30 2026.,static_crystal_polymer,,
1B39,equibind,scored,0.63044,gnina v1.3.3 master:6fe1ce2   Built Jun 30 2026.,static_crystal_polymer,,
1B39,diffdock,scored,0.76614,gnina v1.3.3 master:6fe1ce2   Built Jun 30 2026.,static_crystal_polymer,,
1B56,equibind,scored,0.68568,gnina v1.3.3 master:6fe1ce2   Built Jun 30 2026.,static_crystal_polymer,,
1B56,diffdock,scored,0.84649,gnina v1.3.3 master:6fe1ce2   Built Jun 30 2026.,static_crystal_polymer,,
1B5G,equibind,scored,0.00481,gnina v1.3.3 master:6fe1ce2   Built Jun 30 2026.,static_crystal_polymer,,
1B5G,diffdock,scored,0.24223,gnina v1.3.3 master:6fe1ce2   Built Jun 30 2026.,static_crystal_polymer,,
1B4D,equibind,scored,0.07015,gnina v1.3.3 master:6fe1ce2   Built Jun 30 2026.,static_crystal_polymer,,
1B4D,diffdock,scored,0.79032,gnina v1.3.3 master:6fe1ce2   Built Jun 30 2026.,static_crystal_polymer,,
1B8O,equibind,scored,0.56995,gnina v1.3.3 master:6fe1ce2   Built Jun 30 2026.,static_crystal_polymer,,
1B8O,diffdock,scored,0.64194,gnina v1.3.3 master:6fe1ce2   Built Jun 30 2026.,static_crystal_polymer,,
1B0F,equibind,scored,0.05317,gnina v1.3.3 master:6fe1ce2   Built Jun 30 2026.,static_crystal_polymer,,
1B0F,diffdock,scored,0.30189,gnina v1.3.3 master:6fe1ce2   Built Jun 30 2026.,static_crystal_polymer,,
1B8N,equibind,scored,0.60471,gnina v1.3.3 master:6fe1ce2   Built Jun 30 2026.,static_crystal_polymer,,
1B8N,diffdock,scored,0.30277,gnina v1.3.3 master:6fe1ce2   Built Jun 30 2026.,static_crystal_polymer,,
1B9S,equibind,scored,0.01101,gnina v1.3.3 master:6fe1ce2   Built Jun 30 2026.,static_crystal_polymer,,
1B9S,diffdock,scored,0.83412,gnina v1.3.3 master:6fe1ce2   Built Jun 30 2026.,static_crystal_polymer,,
1B57,equibind,scored,0.00012,gnina v1.3.3 master:6fe1ce2   Built Jun 30 2026.,static_crystal_polymer,,
1B57,diffdock,scored,0.91418,gnina v1.3.3 master:6fe1ce2   Built Jun 30 2026.,static_crystal_polymer,,
1BA8,equibind,scored,0.08176,gnina v1.3.3 master:6fe1ce2   Built Jun 30 2026.,static_crystal_polymer,,
1BA8,diffdock,scored,0.67973,gnina v1.3.3 master:6fe1ce2   Built Jun 30 2026.,static_crystal_polymer,,
1BCD,equibind,scored,0.83643,gnina v1.3.3 master:6fe1ce2   Built Jun 30 2026.,static_crystal_polymer,,
1BCD,diffdock,scored,0.97502,gnina v1.3.3 master:6fe1ce2   Built Jun 30 2026.,static_crystal_polymer,,
1BAP,equibind,scored,0.12621,gnina v1.3.3 master:6fe1ce2   Built Jun 30 2026.,static_crystal_polymer,,
1BAP,diffdock,scored,0.85967,gnina v1.3.3 master:6fe1ce2   Built Jun 30 2026.,static_crystal_polymer,,
1B9V,equibind,scored,0.03345,gnina v1.3.3 master:6fe1ce2   Built Jun 30 2026.,static_crystal_polymer,,
1B9V,diffdock,scored,0.60981,gnina v1.3.3 master:6fe1ce2   Built Jun 30 2026.,static_crystal_polymer,,
1B9T,equibind,scored,0.00964,gnina v1.3.3 master:6fe1ce2   Built Jun 30 2026.,static_crystal_polymer,,
1B9T,diffdock,scored,0.60048,gnina v1.3.3 master:6fe1ce2   Built Jun 30 2026.,static_crystal_polymer,,
1BCU,equibind,scored,0.10611,gnina v1.3.3 master:6fe1ce2   Built Jun 30 2026.,static_crystal_polymer,,
1BCU,diffdock,scored,0.09984,gnina v1.3.3 master:6fe1ce2   Built Jun 30 2026.,static_crystal_polymer,,
1BIO,equibind,scored,0.21539,gnina v1.3.3 master:6fe1ce2   Built Jun 30 2026.,static_crystal_polymer,,
1BIO,diffdock,scored,0.64737,gnina v1.3.3 master:6fe1ce2   Built Jun 30 2026.,static_crystal_polymer,,
1BCJ,equibind,scored,0.82796,gnina v1.3.3 master:6fe1ce2   Built Jun 30 2026.,static_crystal_polymer,,
1BCJ,diffdock,scored,0.68861,gnina v1.3.3 master:6fe1ce2   Built Jun 30 2026.,static_crystal_polymer,,
1BGQ,equibind,scored,0.70283,gnina v1.3.3 master:6fe1ce2   Built Jun 30 2026.,static_crystal_polymer,,
1BGQ,diffdock,scored,0.68931,gnina v1.3.3 master:6fe1ce2   Built Jun 30 2026.,static_crystal_polymer,,
1BHX,equibind,scored,0.00123,gnina v1.3.3 master:6fe1ce2   Built Jun 30 2026.,static_crystal_polymer,,
1BHX,diffdock,scored,0.02633,gnina v1.3.3 master:6fe1ce2   Built Jun 30 2026.,static_crystal_polymer,,
1BIW,equibind,scored,4e-05,gnina v1.3.3 master:6fe1ce2   Built Jun 30 2026.,static_crystal_polymer,,
1BIW,diffdock,scored,0.85484,gnina v1.3.3 master:6fe1ce2   Built Jun 30 2026.,static_crystal_polymer,,
1BJI,equibind,scored,0.44887,gnina v1.3.3 master:6fe1ce2   Built Jun 30 2026.,static_crystal_polymer,,
1BJI,diffdock,scored,0.63838,gnina v1.3.3 master:6fe1ce2   Built Jun 30 2026.,static_crystal_polymer,,
1BKY,equibind,scored,0.14903,gnina v1.3.3 master:6fe1ce2   Built Jun 30 2026.,static_crystal_polymer,,
1BKY,diffdock,scored,0.89948,gnina v1.3.3 master:6fe1ce2   Built Jun 30 2026.,static_crystal_polymer,,
1BDR,equibind,scored,0.00027,gnina v1.3.3 master:6fe1ce2   Built Jun 30 2026.,static_crystal_polymer,,
1BDR,diffdock,scored,0.58156,gnina v1.3.3 master:6fe1ce2   Built Jun 30 2026.,static_crystal_polymer,,
1AO0,equibind,scored,0.17677,gnina v1.3.3 master:6fe1ce2   Built Jun 30 2026.,static_crystal_polymer,,
1AO0,diffdock,scored,0.01099,gnina v1.3.3 master:6fe1ce2   Built Jun 30 2026.,static_crystal_polymer,,
1BKJ,equibind,scored,0.00038,gnina v1.3.3 master:6fe1ce2   Built Jun 30 2026.,static_crystal_polymer,,
1BKJ,diffdock,scored,0.87735,gnina v1.3.3 master:6fe1ce2   Built Jun 30 2026.,static_crystal_polymer,,
1BL6,equibind,scored,0.45271,gnina v1.3.3 master:6fe1ce2   Built Jun 30 2026.,static_crystal_polymer,,
1BL6,diffdock,scored,0.65838,gnina v1.3.3 master:6fe1ce2   Built Jun 30 2026.,static_crystal_polymer,,
1BMQ,equibind,scored,0.00114,gnina v1.3.3 master:6fe1ce2   Built Jun 30 2026.,static_crystal_polymer,,
1BMQ,diffdock,scored,0.21686,gnina v1.3.3 master:6fe1ce2   Built Jun 30 2026.,static_crystal_polymer,,
1BIL,equibind,scored,0.0,gnina v1.3.3 master:6fe1ce2   Built Jun 30 2026.,static_crystal_polymer,,
1BIL,diffdock,scored,0.0803,gnina v1.3.3 master:6fe1ce2   Built Jun 30 2026.,static_crystal_polymer,,
1BL7,equibind,scored,0.67642,gnina v1.3.3 master:6fe1ce2   Built Jun 30 2026.,static_crystal_polymer,,
1BL7,diffdock,scored,0.68294,gnina v1.3.3 master:6fe1ce2   Built Jun 30 2026.,static_crystal_polymer,,
1BNM,equibind,scored,0.6623,gnina v1.3.3 master:6fe1ce2   Built Jun 30 2026.,static_crystal_polymer,,
1BNM,diffdock,scored,0.47609,gnina v1.3.3 master:6fe1ce2   Built Jun 30 2026.,static_crystal_polymer,,
1BN3,equibind,scored,0.82194,gnina v1.3.3 master:6fe1ce2   Built Jun 30 2026.,static_crystal_polymer,,
1BN3,diffdock,scored,0.96349,gnina v1.3.3 master:6fe1ce2   Built Jun 30 2026.,static_crystal_polymer,,
1BMK,equibind,scored,0.63604,gnina v1.3.3 master:6fe1ce2   Built Jun 30 2026.,static_crystal_polymer,,
1BMK,diffdock,scored,0.14589,gnina v1.3.3 master:6fe1ce2   Built Jun 30 2026.,static_crystal_polymer,,
1BNN,equibind,scored,0.44123,gnina v1.3.3 master:6fe1ce2   Built Jun 30 2026.,static_crystal_polymer,,
1BNN,diffdock,scored,0.8196,gnina v1.3.3 master:6fe1ce2   Built Jun 30 2026.,static_crystal_polymer,,
1BNQ,equibind,scored,0.09853,gnina v1.3.3 master:6fe1ce2   Built Jun 30 2026.,static_crystal_polymer,,
1BNQ,diffdock,scored,0.92147,gnina v1.3.3 master:6fe1ce2   Built Jun 30 2026.,static_crystal_polymer,,
1BNU,equibind,scored,0.73154,gnina v1.3.3 master:6fe1ce2   Built Jun 30 2026.,static_crystal_polymer,,
1BNU,diffdock,scored,0.7844,gnina v1.3.3 master:6fe1ce2   Built Jun 30 2026.,static_crystal_polymer,,
1BNV,equibind,scored,0.71226,gnina v1.3.3 master:6fe1ce2   Built Jun 30 2026.,static_crystal_polymer,,
1BNV,diffdock,scored,0.29101,gnina v1.3.3 master:6fe1ce2   Built Jun 30 2026.,static_crystal_polymer,,
1BNW,equibind,scored,0.61253,gnina v1.3.3 master:6fe1ce2   Built Jun 30 2026.,static_crystal_polymer,,
1BNW,diffdock,scored,0.84414,gnina v1.3.3 master:6fe1ce2   Built Jun 30 2026.,static_crystal_polymer,,
1BNT,equibind,scored,0.97711,gnina v1.3.3 master:6fe1ce2   Built Jun 30 2026.,static_crystal_polymer,,
1BNT,diffdock,scored,0.74023,gnina v1.3.3 master:6fe1ce2   Built Jun 30 2026.,static_crystal_polymer,,
1AW1,equibind,scored,0.58833,gnina v1.3.3 master:6fe1ce2   Built Jun 30 2026.,static_crystal_polymer,,
1AW1,diffdock,scored,0.86616,gnina v1.3.3 master:6fe1ce2   Built Jun 30 2026.,static_crystal_polymer,,
1BXQ,equibind,scored,0.00641,gnina v1.3.3 master:6fe1ce2   Built Jun 30 2026.,static_crystal_polymer,,
1BXQ,diffdock,scored,0.7514,gnina v1.3.3 master:6fe1ce2   Built Jun 30 2026.,static_crystal_polymer,,
1C4Y,equibind,scored,0.07466,gnina v1.3.3 master:6fe1ce2   Built Jun 30 2026.,static_crystal_polymer,,
1C4Y,diffdock,scored,0.0818,gnina v1.3.3 master:6fe1ce2   Built Jun 30 2026.,static_crystal_polymer,,
1BP0,equibind,scored,0.0012,gnina v1.3.3 master:6fe1ce2   Built Jun 30 2026.,static_crystal_polymer,,
1BP0,diffdock,scored,0.87262,gnina v1.3.3 master:6fe1ce2   Built Jun 30 2026.,static_crystal_polymer,,
1C3B,equibind,scored,0.03338,gnina v1.3.3 master:6fe1ce2   Built Jun 30 2026.,static_crystal_polymer,,
1C3B,diffdock,scored,0.52384,gnina v1.3.3 master:6fe1ce2   Built Jun 30 2026.,static_crystal_polymer,,
1C3X,equibind,scored,0.00529,gnina v1.3.3 master:6fe1ce2   Built Jun 30 2026.,static_crystal_polymer,,
1C3X,diffdock,scored,0.57809,gnina v1.3.3 master:6fe1ce2   Built Jun 30 2026.,static_crystal_polymer,,
1C84,equibind,scored,0.4204,gnina v1.3.3 master:6fe1ce2   Built Jun 30 2026.,static_crystal_polymer,,
1C84,diffdock,scored,0.90995,gnina v1.3.3 master:6fe1ce2   Built Jun 30 2026.,static_crystal_polymer,,
1C12,equibind,scored,0.00061,gnina v1.3.3 master:6fe1ce2   Built Jun 30 2026.,static_crystal_polymer,,
1C12,diffdock,scored,0.323,gnina v1.3.3 master:6fe1ce2   Built Jun 30 2026.,static_crystal_polymer,,
1BTN,equibind,scored,0.26275,gnina v1.3.3 master:6fe1ce2   Built Jun 30 2026.,static_crystal_polymer,,
1BTN,diffdock,scored,0.65643,gnina v1.3.3 master:6fe1ce2   Built Jun 30 2026.,static_crystal_polymer,,
1BV7,equibind,scored,0.00256,gnina v1.3.3 master:6fe1ce2   Built Jun 30 2026.,static_crystal_polymer,,
1BV7,diffdock,scored,0.42148,gnina v1.3.3 master:6fe1ce2   Built Jun 30 2026.,static_crystal_polymer,,
1BWB,equibind,scored,0.00069,gnina v1.3.3 master:6fe1ce2   Built Jun 30 2026.,static_crystal_polymer,,
1BWB,diffdock,scored,0.8017,gnina v1.3.3 master:6fe1ce2   Built Jun 30 2026.,static_crystal_polymer,,
1C29,equibind,scored,0.64073,gnina v1.3.3 master:6fe1ce2   Built Jun 30 2026.,static_crystal_polymer,,
1C29,diffdock,scored,0.68841,gnina v1.3.3 master:6fe1ce2   Built Jun 30 2026.,static_crystal_polymer,,
1BQN,equibind,scored,0.63215,gnina v1.3.3 master:6fe1ce2   Built Jun 30 2026.,static_crystal_polymer,,
1BQN,diffdock,scored,0.80544,gnina v1.3.3 master:6fe1ce2   Built Jun 30 2026.,static_crystal_polymer,,
1BZJ,equibind,scored,0.25987,gnina v1.3.3 master:6fe1ce2   Built Jun 30 2026.,static_crystal_polymer,,
1BZJ,diffdock,scored,0.9322,gnina v1.3.3 master:6fe1ce2   Built Jun 30 2026.,static_crystal_polymer,,
1C5Z,equibind,scored,0.91784,gnina v1.3.3 master:6fe1ce2   Built Jun 30 2026.,static_crystal_polymer,,
1C5Z,diffdock,scored,0.94659,gnina v1.3.3 master:6fe1ce2   Built Jun 30 2026.,static_crystal_polymer,,
1C3E,equibind,scored,0.27348,gnina v1.3.3 master:6fe1ce2   Built Jun 30 2026.,static_crystal_polymer,,
1C3E,diffdock,scored,0.37194,gnina v1.3.3 master:6fe1ce2   Built Jun 30 2026.,static_crystal_polymer,,
1BZC,equibind,scored,0.00735,gnina v1.3.3 master:6fe1ce2   Built Jun 30 2026.,static_crystal_polymer,,
1BZC,diffdock,scored,0.27055,gnina v1.3.3 master:6fe1ce2   Built Jun 30 2026.,static_crystal_polymer,,
1C7E,equibind,scored,0.15003,gnina v1.3.3 master:6fe1ce2   Built Jun 30 2026.,static_crystal_polymer,,
1C7E,diffdock,scored,0.91418,gnina v1.3.3 master:6fe1ce2   Built Jun 30 2026.,static_crystal_polymer,,
1C7F,equibind,scored,0.3018,gnina v1.3.3 master:6fe1ce2   Built Jun 30 2026.,static_crystal_polymer,,
1C7F,diffdock,scored,0.95823,gnina v1.3.3 master:6fe1ce2   Built Jun 30 2026.,static_crystal_polymer,,
1BUX,equibind,scored,0.00078,gnina v1.3.3 master:6fe1ce2   Built Jun 30 2026.,static_crystal_polymer,,
1BUX,diffdock,scored,0.35841,gnina v1.3.3 master:6fe1ce2   Built Jun 30 2026.,static_crystal_polymer,,
1BO5,equibind,scored,5e-05,gnina v1.3.3 master:6fe1ce2   Built Jun 30 2026.,static_crystal_polymer,,
1BO5,diffdock,scored,0.13957,gnina v1.3.3 master:6fe1ce2   Built Jun 30 2026.,static_crystal_polymer,,
1C85,equibind,scored,0.34195,gnina v1.3.3 master:6fe1ce2   Built Jun 30 2026.,static_crystal_polymer,,
1C85,diffdock,scored,0.86928,gnina v1.3.3 master:6fe1ce2   Built Jun 30 2026.,static_crystal_polymer,,
1BXO,equibind,scored,0.00234,gnina v1.3.3 master:6fe1ce2   Built Jun 30 2026.,static_crystal_polymer,,
1BXO,diffdock,scored,0.44491,gnina v1.3.3 master:6fe1ce2   Built Jun 30 2026.,static_crystal_polymer,,
1C87,equibind,scored,0.42168,gnina v1.3.3 master:6fe1ce2   Built Jun 30 2026.,static_crystal_polymer,,
1C87,diffdock,scored,0.93984,gnina v1.3.3 master:6fe1ce2   Built Jun 30 2026.,static_crystal_polymer,,
1C86,equibind,scored,0.28895,gnina v1.3.3 master:6fe1ce2   Built Jun 30 2026.,static_crystal_polymer,,
1C86,diffdock,scored,0.91512,gnina v1.3.3 master:6fe1ce2   Built Jun 30 2026.,static_crystal_polymer,,
1CBR,equibind,scored,0.2164,gnina v1.3.3 master:6fe1ce2   Built Jun 30 2026.,static_crystal_polymer,,
1CBR,diffdock,scored,0.85774,gnina v1.3.3 master:6fe1ce2   Built Jun 30 2026.,static_crystal_polymer,,
1CBX,equibind,scored,0.10143,gnina v1.3.3 master:6fe1ce2   Built Jun 30 2026.,static_crystal_polymer,,
1CBX,diffdock,scored,0.6721,gnina v1.3.3 master:6fe1ce2   Built Jun 30 2026.,static_crystal_polymer,,
1C88,equibind,scored,0.43324,gnina v1.3.3 master:6fe1ce2   Built Jun 30 2026.,static_crystal_polymer,,
1C88,diffdock,scored,0.89796,gnina v1.3.3 master:6fe1ce2   Built Jun 30 2026.,static_crystal_polymer,,
1CEA,equibind,scored,0.68175,gnina v1.3.3 master:6fe1ce2   Built Jun 30 2026.,static_crystal_polymer,,
1CEA,diffdock,scored,0.77537,gnina v1.3.3 master:6fe1ce2   Built Jun 30 2026.,static_crystal_polymer,,
1C8V,equibind,scored,0.50272,gnina v1.3.3 master:6fe1ce2   Built Jun 30 2026.,static_crystal_polymer,,
1C8V,diffdock,scored,0.82694,gnina v1.3.3 master:6fe1ce2   Built Jun 30 2026.,static_crystal_polymer,,
1C9D,equibind,scored,0.048,gnina v1.3.3 master:6fe1ce2   Built Jun 30 2026.,static_crystal_polymer,,
1C9D,diffdock,scored,0.84038,gnina v1.3.3 master:6fe1ce2   Built Jun 30 2026.,static_crystal_polymer,,
1CEB,equibind,scored,0.00114,gnina v1.3.3 master:6fe1ce2   Built Jun 30 2026.,static_crystal_polymer,,
1CEB,diffdock,scored,0.96698,gnina v1.3.3 master:6fe1ce2   Built Jun 30 2026.,static_crystal_polymer,,
1C8L,equibind,scored,0.00954,gnina v1.3.3 master:6fe1ce2   Built Jun 30 2026.,static_crystal_polymer,,
1C8L,diffdock,scored,0.09276,gnina v1.3.3 master:6fe1ce2   Built Jun 30 2026.,static_crystal_polymer,,
1CIL,equibind,scored,0.24183,gnina v1.3.3 master:6fe1ce2   Built Jun 30 2026.,static_crystal_polymer,,
1CIL,diffdock,scored,0.96136,gnina v1.3.3 master:6fe1ce2   Built Jun 30 2026.,static_crystal_polymer,,
1CET,equibind,scored,0.00859,gnina v1.3.3 master:6fe1ce2   Built Jun 30 2026.,static_crystal_polymer,,
1CET,diffdock,scored,0.90196,gnina v1.3.3 master:6fe1ce2   Built Jun 30 2026.,static_crystal_polymer,,
1CIM,equibind,scored,0.66141,gnina v1.3.3 master:6fe1ce2   Built Jun 30 2026.,static_crystal_polymer,,
1CIM,diffdock,scored,0.51503,gnina v1.3.3 master:6fe1ce2   Built Jun 30 2026.,static_crystal_polymer,,
1CH8,equibind,scored,0.00495,gnina v1.3.3 master:6fe1ce2   Built Jun 30 2026.,static_crystal_polymer,,
1CH8,diffdock,scored,0.78105,gnina v1.3.3 master:6fe1ce2   Built Jun 30 2026.,static_crystal_polymer,,
1CIN,equibind,scored,0.67365,gnina v1.3.3 master:6fe1ce2   Built Jun 30 2026.,static_crystal_polymer,,
1CIN,diffdock,scored,0.59033,gnina v1.3.3 master:6fe1ce2   Built Jun 30 2026.,static_crystal_polymer,,
1CLU,equibind,scored,0.00012,gnina v1.3.3 master:6fe1ce2   Built Jun 30 2026.,static_crystal_polymer,,
1CLU,diffdock,scored,0.30475,gnina v1.3.3 master:6fe1ce2   Built Jun 30 2026.,static_crystal_polymer,,
1CIZ,equibind,scored,0.07057,gnina v1.3.3 master:6fe1ce2   Built Jun 30 2026.,static_crystal_polymer,,
1CIZ,diffdock,scored,0.8263,gnina v1.3.3 master:6fe1ce2   Built Jun 30 2026.,static_crystal_polymer,,
1CI7,equibind,scored,0.00055,gnina v1.3.3 master:6fe1ce2   Built Jun 30 2026.,static_crystal_polymer,,
1CI7,diffdock,scored,0.46145,gnina v1.3.3 master:6fe1ce2   Built Jun 30 2026.,static_crystal_polymer,,
1CGL,equibind,scored,0.00083,gnina v1.3.3 master:6fe1ce2   Built Jun 30 2026.,static_crystal_polymer,,
1CGL,diffdock,scored,0.63062,gnina v1.3.3 master:6fe1ce2   Built Jun 30 2026.,static_crystal_polymer,,
1CNW,equibind,scored,0.26276,gnina v1.3.3 master:6fe1ce2   Built Jun 30 2026.,static_crystal_polymer,,
1CNW,diffdock,scored,0.77484,gnina v1.3.3 master:6fe1ce2   Built Jun 30 2026.,static_crystal_polymer,,
1CNY,equibind,scored,0.28839,gnina v1.3.3 master:6fe1ce2   Built Jun 30 2026.,static_crystal_polymer,,
1CNY,diffdock,scored,0.45386,gnina v1.3.3 master:6fe1ce2   Built Jun 30 2026.,static_crystal_polymer,,
1CTR,equibind,scored,0.08969,gnina v1.3.3 master:6fe1ce2   Built Jun 30 2026.,static_crystal_polymer,,
1CTR,diffdock,scored,0.06477,gnina v1.3.3 master:6fe1ce2   Built Jun 30 2026.,static_crystal_polymer,,
1CP6,equibind,scored,0.28952,gnina v1.3.3 master:6fe1ce2   Built Jun 30 2026.,static_crystal_polymer,,
1CP6,diffdock,scored,0.60424,gnina v1.3.3 master:6fe1ce2   Built Jun 30 2026.,static_crystal_polymer,,
1CQP,equibind,scored,0.00115,gnina v1.3.3 master:6fe1ce2   Built Jun 30 2026.,static_crystal_polymer,,
1CQP,diffdock,scored,0.46362,gnina v1.3.3 master:6fe1ce2   Built Jun 30 2026.,static_crystal_polymer,,
1CTT,equibind,scored,3e-05,gnina v1.3.3 master:6fe1ce2   Built Jun 30 2026.,static_crystal_polymer,,
1CTT,diffdock,scored,0.90963,gnina v1.3.3 master:6fe1ce2   Built Jun 30 2026.,static_crystal_polymer,,
1CTU,equibind,scored,0.00017,gnina v1.3.3 master:6fe1ce2   Built Jun 30 2026.,static_crystal_polymer,,
1CTU,diffdock,scored,0.64939,gnina v1.3.3 master:6fe1ce2   Built Jun 30 2026.,static_crystal_polymer,,
1CS4,equibind,scored,1e-05,gnina v1.3.3 master:6fe1ce2   Built Jun 30 2026.,static_crystal_polymer,,
1CS4,diffdock,scored,0.38603,gnina v1.3.3 master:6fe1ce2   Built Jun 30 2026.,static_crystal_polymer,,
1BQ4,equibind,scored,0.45556,gnina v1.3.3 master:6fe1ce2   Built Jun 30 2026.,static_crystal_polymer,,
1BQ4,diffdock,scored,0.53806,gnina v1.3.3 master:6fe1ce2   Built Jun 30 2026.,static_crystal_polymer,,
1CZC,equibind,scored,0.15908,gnina v1.3.3 master:6fe1ce2   Built Jun 30 2026.,static_crystal_polymer,,
1CZC,diffdock,scored,0.83968,gnina v1.3.3 master:6fe1ce2   Built Jun 30 2026.,static_crystal_polymer,,
1CZK,equibind,scored,0.01893,gnina v1.3.3 master:6fe1ce2   Built Jun 30 2026.,static_crystal_polymer,,
1CZK,diffdock,scored,0.97941,gnina v1.3.3 master:6fe1ce2   Built Jun 30 2026.,static_crystal_polymer,,
1CW2,equibind,scored,0.37576,gnina v1.3.3 master:6fe1ce2   Built Jun 30 2026.,static_crystal_polymer,,
1CW2,diffdock,scored,0.76857,gnina v1.3.3 master:6fe1ce2   Built Jun 30 2026.,static_crystal_polymer,,
1CZE,equibind,scored,0.24359,gnina v1.3.3 master:6fe1ce2   Built Jun 30 2026.,static_crystal_polymer,,
1CZE,diffdock,scored,0.82012,gnina v1.3.3 master:6fe1ce2   Built Jun 30 2026.,static_crystal_polymer,,
1CX9,equibind,scored,0.08058,gnina v1.3.3 master:6fe1ce2   Built Jun 30 2026.,static_crystal_polymer,,
1CX9,diffdock,scored,0.75037,gnina v1.3.3 master:6fe1ce2   Built Jun 30 2026.,static_crystal_polymer,,
1CR6,equibind,scored,0.0018,gnina v1.3.3 master:6fe1ce2   Built Jun 30 2026.,static_crystal_polymer,,
1CR6,diffdock,scored,0.82231,gnina v1.3.3 master:6fe1ce2   Built Jun 30 2026.,static_crystal_polymer,,
1CZL,equibind,scored,0.01547,gnina v1.3.3 master:6fe1ce2   Built Jun 30 2026.,static_crystal_polymer,,
1CZL,diffdock,scored,0.9409,gnina v1.3.3 master:6fe1ce2   Built Jun 30 2026.,static_crystal_polymer,,
1CZO,equibind,scored,0.02254,gnina v1.3.3 master:6fe1ce2   Built Jun 30 2026.,static_crystal_polymer,,
1CZO,diffdock,scored,0.95429,gnina v1.3.3 master:6fe1ce2   Built Jun 30 2026.,static_crystal_polymer,,
1CZR,equibind,scored,0.19535,gnina v1.3.3 master:6fe1ce2   Built Jun 30 2026.,static_crystal_polymer,,
1CZR,diffdock,scored,0.99356,gnina v1.3.3 master:6fe1ce2   Built Jun 30 2026.,static_crystal_polymer,,
1D04,equibind,scored,0.03412,gnina v1.3.3 master:6fe1ce2   Built Jun 30 2026.,static_crystal_polymer,,
1D04,diffdock,scored,0.97015,gnina v1.3.3 master:6fe1ce2   Built Jun 30 2026.,static_crystal_polymer,,
1D2S,equibind,scored,0.0994,gnina v1.3.3 master:6fe1ce2   Built Jun 30 2026.,static_crystal_polymer,,
1D2S,diffdock,scored,0.78414,gnina v1.3.3 master:6fe1ce2   Built Jun 30 2026.,static_crystal_polymer,,
1D4H,equibind,scored,0.22704,gnina v1.3.3 master:6fe1ce2   Built Jun 30 2026.,static_crystal_polymer,,
1D4H,diffdock,scored,0.45422,gnina v1.3.3 master:6fe1ce2   Built Jun 30 2026.,static_crystal_polymer,,
1D3Q,equibind,scored,0.03517,gnina v1.3.3 master:6fe1ce2   Built Jun 30 2026.,static_crystal_polymer,,
1D3Q,diffdock,scored,0.6053,gnina v1.3.3 master:6fe1ce2   Built Jun 30 2026.,static_crystal_polymer,,
1D1P,equibind,scored,0.00059,gnina v1.3.3 master:6fe1ce2   Built Jun 30 2026.,static_crystal_polymer,,
1D1P,diffdock,scored,0.89546,gnina v1.3.3 master:6fe1ce2   Built Jun 30 2026.,static_crystal_polymer,,
1D4J,equibind,scored,0.00589,gnina v1.3.3 master:6fe1ce2   Built Jun 30 2026.,static_crystal_polymer,,
1D4J,diffdock,scored,0.49771,gnina v1.3.3 master:6fe1ce2   Built Jun 30 2026.,static_crystal_polymer,,
1D4I,equibind,scored,0.00135,gnina v1.3.3 master:6fe1ce2   Built Jun 30 2026.,static_crystal_polymer,,
1D4I,diffdock,scored,0.49037,gnina v1.3.3 master:6fe1ce2   Built Jun 30 2026.,static_crystal_polymer,,
1D4Y,equibind,scored,0.01216,gnina v1.3.3 master:6fe1ce2   Built Jun 30 2026.,static_crystal_polymer,,
1D4Y,diffdock,scored,0.7546,gnina v1.3.3 master:6fe1ce2   Built Jun 30 2026.,static_crystal_polymer,,
1D6N,equibind,scored,0.10801,gnina v1.3.3 master:6fe1ce2   Built Jun 30 2026.,static_crystal_polymer,,
1D6N,diffdock,scored,0.86253,gnina v1.3.3 master:6fe1ce2   Built Jun 30 2026.,static_crystal_polymer,,
1D7I,equibind,scored,0.09954,gnina v1.3.3 master:6fe1ce2   Built Jun 30 2026.,static_crystal_polymer,,
1D7I,diffdock,scored,0.32572,gnina v1.3.3 master:6fe1ce2   Built Jun 30 2026.,static_crystal_polymer,,
1D09,equibind,scored,0.37207,gnina v1.3.3 master:6fe1ce2   Built Jun 30 2026.,static_crystal_polymer,,
1D09,diffdock,scored,0.95297,gnina v1.3.3 master:6fe1ce2   Built Jun 30 2026.,static_crystal_polymer,,
1D6W,equibind,scored,0.02987,gnina v1.3.3 master:6fe1ce2   Built Jun 30 2026.,static_crystal_polymer,,
1D6W,diffdock,scored,0.34548,gnina v1.3.3 master:6fe1ce2   Built Jun 30 2026.,static_crystal_polymer,,
1D7J,equibind,scored,0.75113,gnina v1.3.3 master:6fe1ce2   Built Jun 30 2026.,static_crystal_polymer,,
1D7J,diffdock,scored,0.91777,gnina v1.3.3 master:6fe1ce2   Built Jun 30 2026.,static_crystal_polymer,,
1DB1,equibind,scored,0.04022,gnina v1.3.3 master:6fe1ce2   Built Jun 30 2026.,static_crystal_polymer,,
1DB1,diffdock,scored,0.40036,gnina v1.3.3 master:6fe1ce2   Built Jun 30 2026.,static_crystal_polymer,,
1D9I,equibind,scored,0.01229,gnina v1.3.3 master:6fe1ce2   Built Jun 30 2026.,static_crystal_polymer,,
1D9I,diffdock,scored,0.83661,gnina v1.3.3 master:6fe1ce2   Built Jun 30 2026.,static_crystal_polymer,,
1DB5,equibind,scored,0.25972,gnina v1.3.3 master:6fe1ce2   Built Jun 30 2026.,static_crystal_polymer,,
1DB5,diffdock,scored,0.80407,gnina v1.3.3 master:6fe1ce2   Built Jun 30 2026.,static_crystal_polymer,,
1DAR,equibind,scored,0.00065,gnina v1.3.3 master:6fe1ce2   Built Jun 30 2026.,static_crystal_polymer,,
1DAR,diffdock,scored,0.23954,gnina v1.3.3 master:6fe1ce2   Built Jun 30 2026.,static_crystal_polymer,,
1DET,equibind,scored,0.00832,gnina v1.3.3 master:6fe1ce2   Built Jun 30 2026.,static_crystal_polymer,,
1DET,diffdock,scored,0.01865,gnina v1.3.3 master:6fe1ce2   Built Jun 30 2026.,static_crystal_polymer,,
1DBB,equibind,scored,0.02078,gnina v1.3.3 master:6fe1ce2   Built Jun 30 2026.,static_crystal_polymer,,
1DBB,diffdock,scored,0.59593,gnina v1.3.3 master:6fe1ce2   Built Jun 30 2026.,static_crystal_polymer,,
1DBJ,equibind,scored,0.01703,gnina v1.3.3 master:6fe1ce2   Built Jun 30 2026.,static_crystal_polymer,,
1DBJ,diffdock,scored,0.45582,gnina v1.3.3 master:6fe1ce2   Built Jun 30 2026.,static_crystal_polymer,,
1DBK,equibind,scored,0.12183,gnina v1.3.3 master:6fe1ce2   Built Jun 30 2026.,static_crystal_polymer,,
1DBK,diffdock,scored,0.55433,gnina v1.3.3 master:6fe1ce2   Built Jun 30 2026.,static_crystal_polymer,,
1D2E,equibind,scored,0.2086,gnina v1.3.3 master:6fe1ce2   Built Jun 30 2026.,static_crystal_polymer,,
1D2E,diffdock,scored,0.83301,gnina v1.3.3 master:6fe1ce2   Built Jun 30 2026.,static_crystal_polymer,,
1DG9,equibind,scored,0.0453,gnina v1.3.3 master:6fe1ce2   Built Jun 30 2026.,static_crystal_polymer,,
1DG9,diffdock,scored,0.88387,gnina v1.3.3 master:6fe1ce2   Built Jun 30 2026.,static_crystal_polymer,,
1DF8,equibind,scored,0.00711,gnina v1.3.3 master:6fe1ce2   Built Jun 30 2026.,static_crystal_polymer,,
1DF8,diffdock,scored,0.95717,gnina v1.3.3 master:6fe1ce2   Built Jun 30 2026.,static_crystal_polymer,,
1DRK,equibind,scored,0.39428,gnina v1.3.3 master:6fe1ce2   Built Jun 30 2026.,static_crystal_polymer,,
1DRK,diffdock,scored,0.84465,gnina v1.3.3 master:6fe1ce2   Built Jun 30 2026.,static_crystal_polymer,,
1DMP,equibind,scored,0.00036,gnina v1.3.3 master:6fe1ce2   Built Jun 30 2026.,static_crystal_polymer,,
1DMP,diffdock,scored,0.86269,gnina v1.3.3 master:6fe1ce2   Built Jun 30 2026.,static_crystal_polymer,,
1DRJ,equibind,scored,0.66804,gnina v1.3.3 master:6fe1ce2   Built Jun 30 2026.,static_crystal_polymer,,
1DRJ,diffdock,scored,0.98951,gnina v1.3.3 master:6fe1ce2   Built Jun 30 2026.,static_crystal_polymer,,
1DUD,equibind,scored,0.00363,gnina v1.3.3 master:6fe1ce2   Built Jun 30 2026.,static_crystal_polymer,,
1DUD,diffdock,scored,0.39186,gnina v1.3.3 master:6fe1ce2   Built Jun 30 2026.,static_crystal_polymer,,
1DMT,equibind,scored,4e-05,gnina v1.3.3 master:6fe1ce2   Built Jun 30 2026.,static_crystal_polymer,,
1DMT,diffdock,scored,0.28136,gnina v1.3.3 master:6fe1ce2   Built Jun 30 2026.,static_crystal_polymer,,
1CJ1,equibind,scored,0.1578,gnina v1.3.3 master:6fe1ce2   Built Jun 30 2026.,static_crystal_polymer,,
1CJ1,diffdock,scored,0.62222,gnina v1.3.3 master:6fe1ce2   Built Jun 30 2026.,static_crystal_polymer,,
1DTH,equibind,scored,0.00013,gnina v1.3.3 master:6fe1ce2   Built Jun 30 2026.,static_crystal_polymer,,
1DTH,diffdock,scored,0.58593,gnina v1.3.3 master:6fe1ce2   Built Jun 30 2026.,static_crystal_polymer,,
1DY4,equibind,scored,0.01029,gnina v1.3.3 master:6fe1ce2   Built Jun 30 2026.,static_crystal_polymer,,
1DY4,diffdock,scored,0.35455,gnina v1.3.3 master:6fe1ce2   Built Jun 30 2026.,static_crystal_polymer,,
1DX6,equibind,scored,0.6295,gnina v1.3.3 master:6fe1ce2   Built Jun 30 2026.,static_crystal_polymer,,
1DX6,diffdock,scored,0.7633,gnina v1.3.3 master:6fe1ce2   Built Jun 30 2026.,static_crystal_polymer,,
1DZK,equibind,scored,0.01644,gnina v1.3.3 master:6fe1ce2   Built Jun 30 2026.,static_crystal_polymer,,
1DZK,diffdock,scored,0.37572,gnina v1.3.3 master:6fe1ce2   Built Jun 30 2026.,static_crystal_polymer,,
1E00,equibind,scored,0.00874,gnina v1.3.3 master:6fe1ce2   Built Jun 30 2026.,static_crystal_polymer,,
1E00,diffdock,scored,0.23897,gnina v1.3.3 master:6fe1ce2   Built Jun 30 2026.,static_crystal_polymer,,
1DZM,equibind,scored,0.00258,gnina v1.3.3 master:6fe1ce2   Built Jun 30 2026.,static_crystal_polymer,,
1DZM,diffdock,scored,0.16123,gnina v1.3.3 master:6fe1ce2   Built Jun 30 2026.,static_crystal_polymer,,
1DZP,equibind,scored,0.0189,gnina v1.3.3 master:6fe1ce2   Built Jun 30 2026.,static_crystal_polymer,,
1DZP,diffdock,scored,0.51323,gnina v1.3.3 master:6fe1ce2   Built Jun 30 2026.,static_crystal_polymer,,
1E02,equibind,scored,0.01197,gnina v1.3.3 master:6fe1ce2   Built Jun 30 2026.,static_crystal_polymer,,
1E02,diffdock,scored,0.19209,gnina v1.3.3 master:6fe1ce2   Built Jun 30 2026.,static_crystal_polymer,,
1DQX,equibind,scored,0.18349,gnina v1.3.3 master:6fe1ce2   Built Jun 30 2026.,static_crystal_polymer,,
1DQX,diffdock,scored,0.48757,gnina v1.3.3 master:6fe1ce2   Built Jun 30 2026.,static_crystal_polymer,,
1E06,equibind,scored,0.08051,gnina v1.3.3 master:6fe1ce2   Built Jun 30 2026.,static_crystal_polymer,,
1E06,diffdock,scored,0.69543,gnina v1.3.3 master:6fe1ce2   Built Jun 30 2026.,static_crystal_polymer,,
1E34,equibind,scored,0.01234,gnina v1.3.3 master:6fe1ce2   Built Jun 30 2026.,static_crystal_polymer,,
1E34,diffdock,scored,0.68161,gnina v1.3.3 master:6fe1ce2   Built Jun 30 2026.,static_crystal_polymer,,
1E2K,equibind,scored,0.0098,gnina v1.3.3 master:6fe1ce2   Built Jun 30 2026.,static_crystal_polymer,,
1E2K,diffdock,scored,0.91392,gnina v1.3.3 master:6fe1ce2   Built Jun 30 2026.,static_crystal_polymer,,
1DUV,equibind,scored,0.01098,gnina v1.3.3 master:6fe1ce2   Built Jun 30 2026.,static_crystal_polymer,,
1DUV,diffdock,scored,0.80599,gnina v1.3.3 master:6fe1ce2   Built Jun 30 2026.,static_crystal_polymer,,
1E3G,equibind,scored,0.56876,gnina v1.3.3 master:6fe1ce2   Built Jun 30 2026.,static_crystal_polymer,,
1E3G,diffdock,scored,0.97914,gnina v1.3.3 master:6fe1ce2   Built Jun 30 2026.,static_crystal_polymer,,
1E3V,equibind,scored,0.02443,gnina v1.3.3 master:6fe1ce2   Built Jun 30 2026.,static_crystal_polymer,,
1E3V,diffdock,scored,0.67986,gnina v1.3.3 master:6fe1ce2   Built Jun 30 2026.,static_crystal_polymer,,
1E1Y,equibind,scored,0.00149,gnina v1.3.3 master:6fe1ce2   Built Jun 30 2026.,static_crystal_polymer,,
1E1Y,diffdock,scored,0.65518,gnina v1.3.3 master:6fe1ce2   Built Jun 30 2026.,static_crystal_polymer,,
1E2L,equibind,scored,0.00017,gnina v1.3.3 master:6fe1ce2   Built Jun 30 2026.,static_crystal_polymer,,
1E2L,diffdock,scored,0.95783,gnina v1.3.3 master:6fe1ce2   Built Jun 30 2026.,static_crystal_polymer,,
1E4H,equibind,scored,0.0,gnina v1.3.3 master:6fe1ce2   Built Jun 30 2026.,static_crystal_polymer,,
1E4H,diffdock,scored,0.49327,gnina v1.3.3 master:6fe1ce2   Built Jun 30 2026.,static_crystal_polymer,,
1E6S,equibind,scored,0.13857,gnina v1.3.3 master:6fe1ce2   Built Jun 30 2026.,static_crystal_polymer,,
1E6S,diffdock,scored,0.63785,gnina v1.3.3 master:6fe1ce2   Built Jun 30 2026.,static_crystal_polymer,,
1E72,equibind,scored,0.13026,gnina v1.3.3 master:6fe1ce2   Built Jun 30 2026.,static_crystal_polymer,,
1E72,diffdock,scored,0.88846,gnina v1.3.3 master:6fe1ce2   Built Jun 30 2026.,static_crystal_polymer,,
1E66,equibind,scored,0.07426,gnina v1.3.3 master:6fe1ce2   Built Jun 30 2026.,static_crystal_polymer,,
1E66,diffdock,scored,0.91628,gnina v1.3.3 master:6fe1ce2   Built Jun 30 2026.,static_crystal_polymer,,
1EAS,equibind,scored,0.18168,gnina v1.3.3 master:6fe1ce2   Built Jun 30 2026.,static_crystal_polymer,,
1EAS,diffdock,scored,0.55741,gnina v1.3.3 master:6fe1ce2   Built Jun 30 2026.,static_crystal_polymer,,
1ECV,equibind,scored,0.4371,gnina v1.3.3 master:6fe1ce2   Built Jun 30 2026.,static_crystal_polymer,,
1ECV,diffdock,scored,0.66035,gnina v1.3.3 master:6fe1ce2   Built Jun 30 2026.,static_crystal_polymer,,
1EBW,equibind,scored,0.00218,gnina v1.3.3 master:6fe1ce2   Built Jun 30 2026.,static_crystal_polymer,,
1EBW,diffdock,scored,0.9046,gnina v1.3.3 master:6fe1ce2   Built Jun 30 2026.,static_crystal_polymer,,
1EBY,equibind,scored,1e-05,gnina v1.3.3 master:6fe1ce2   Built Jun 30 2026.,static_crystal_polymer,,
1EBY,diffdock,scored,0.62251,gnina v1.3.3 master:6fe1ce2   Built Jun 30 2026.,static_crystal_polymer,,
1ELA,equibind,scored,0.0014,gnina v1.3.3 master:6fe1ce2   Built Jun 30 2026.,static_crystal_polymer,,
1ELA,diffdock,scored,0.90641,gnina v1.3.3 master:6fe1ce2   Built Jun 30 2026.,static_crystal_polymer,,
1EBG,equibind,scored,0.00816,gnina v1.3.3 master:6fe1ce2   Built Jun 30 2026.,static_crystal_polymer,,
1EBG,diffdock,scored,0.6935,gnina v1.3.3 master:6fe1ce2   Built Jun 30 2026.,static_crystal_polymer,,
1EED,equibind,scored,0.00055,gnina v1.3.3 master:6fe1ce2   Built Jun 30 2026.,static_crystal_polymer,,
1EED,diffdock,scored,0.57352,gnina v1.3.3 master:6fe1ce2   Built Jun 30 2026.,static_crystal_polymer,,
1ELS,equibind,scored,0.41374,gnina v1.3.3 master:6fe1ce2   Built Jun 30 2026.,static_crystal_polymer,,
1ELS,diffdock,scored,0.60008,gnina v1.3.3 master:6fe1ce2   Built Jun 30 2026.,static_crystal_polymer,,
1EK1,equibind,scored,0.00058,gnina v1.3.3 master:6fe1ce2   Built Jun 30 2026.,static_crystal_polymer,,
1EK1,diffdock,scored,0.75026,gnina v1.3.3 master:6fe1ce2   Built Jun 30 2026.,static_crystal_polymer,,
1EK2,equibind,scored,0.00013,gnina v1.3.3 master:6fe1ce2   Built Jun 30 2026.,static_crystal_polymer,,
1EK2,diffdock,scored,0.83938,gnina v1.3.3 master:6fe1ce2   Built Jun 30 2026.,static_crystal_polymer,,
1EOU,equibind,scored,0.03075,gnina v1.3.3 master:6fe1ce2   Built Jun 30 2026.,static_crystal_polymer,,
1EOU,diffdock,scored,0.68608,gnina v1.3.3 master:6fe1ce2   Built Jun 30 2026.,static_crystal_polymer,,
1ENT,equibind,scored,0.00045,gnina v1.3.3 master:6fe1ce2   Built Jun 30 2026.,static_crystal_polymer,,
1ENT,diffdock,scored,0.62707,gnina v1.3.3 master:6fe1ce2   Built Jun 30 2026.,static_crystal_polymer,,
1EPO,equibind,scored,0.0,gnina v1.3.3 master:6fe1ce2   Built Jun 30 2026.,static_crystal_polymer,,
1EPO,diffdock,scored,0.59694,gnina v1.3.3 master:6fe1ce2   Built Jun 30 2026.,static_crystal_polymer,,
1EPP,equibind,scored,0.00147,gnina v1.3.3 master:6fe1ce2   Built Jun 30 2026.,static_crystal_polymer,,
1EPP,diffdock,scored,0.58728,gnina v1.3.3 master:6fe1ce2   Built Jun 30 2026.,static_crystal_polymer,,
1ERQ,equibind,scored,0.08948,gnina v1.3.3 master:6fe1ce2   Built Jun 30 2026.,static_crystal_polymer,,
1ERQ,diffdock,scored,0.79187,gnina v1.3.3 master:6fe1ce2   Built Jun 30 2026.,static_crystal_polymer,,
1EVE,equibind,scored,0.01559,gnina v1.3.3 master:6fe1ce2   Built Jun 30 2026.,static_crystal_polymer,,
1EVE,diffdock,scored,0.77105,gnina v1.3.3 master:6fe1ce2   Built Jun 30 2026.,static_crystal_polymer,,
1EW9,equibind,scored,0.30026,gnina v1.3.3 master:6fe1ce2   Built Jun 30 2026.,static_crystal_polymer,,
1EW9,diffdock,scored,0.85676,gnina v1.3.3 master:6fe1ce2   Built Jun 30 2026.,static_crystal_polymer,,
1F2O,equibind,scored,0.348,gnina v1.3.3 master:6fe1ce2   Built Jun 30 2026.,static_crystal_polymer,,
1F2O,diffdock,scored,0.09165,gnina v1.3.3 master:6fe1ce2   Built Jun 30 2026.,static_crystal_polymer,,
1EM6,equibind,scored,0.03238,gnina v1.3.3 master:6fe1ce2   Built Jun 30 2026.,static_crystal_polymer,,
1EM6,diffdock,scored,0.78844,gnina v1.3.3 master:6fe1ce2   Built Jun 30 2026.,static_crystal_polymer,,
1EW8,equibind,scored,0.00173,gnina v1.3.3 master:6fe1ce2   Built Jun 30 2026.,static_crystal_polymer,,
1EW8,diffdock,scored,0.86959,gnina v1.3.3 master:6fe1ce2   Built Jun 30 2026.,static_crystal_polymer,,
1F2P,equibind,scored,0.25936,gnina v1.3.3 master:6fe1ce2   Built Jun 30 2026.,static_crystal_polymer,,
1F2P,diffdock,scored,0.07221,gnina v1.3.3 master:6fe1ce2   Built Jun 30 2026.,static_crystal_polymer,,
1F40,equibind,scored,0.07019,gnina v1.3.3 master:6fe1ce2   Built Jun 30 2026.,static_crystal_polymer,,
1F40,diffdock,scored,0.72565,gnina v1.3.3 master:6fe1ce2   Built Jun 30 2026.,static_crystal_polymer,,
1F4E,equibind,scored,0.18914,gnina v1.3.3 master:6fe1ce2   Built Jun 30 2026.,static_crystal_polymer,,
1F4E,diffdock,scored,0.42173,gnina v1.3.3 master:6fe1ce2   Built Jun 30 2026.,static_crystal_polymer,,
1F4X,equibind,scored,0.05107,gnina v1.3.3 master:6fe1ce2   Built Jun 30 2026.,static_crystal_polymer,,
1F4X,diffdock,scored,0.57396,gnina v1.3.3 master:6fe1ce2   Built Jun 30 2026.,static_crystal_polymer,,
1F57,equibind,scored,0.28604,gnina v1.3.3 master:6fe1ce2   Built Jun 30 2026.,static_crystal_polymer,,
1F57,diffdock,scored,0.92484,gnina v1.3.3 master:6fe1ce2   Built Jun 30 2026.,static_crystal_polymer,,
1F74,equibind,scored,0.01491,gnina v1.3.3 master:6fe1ce2   Built Jun 30 2026.,static_crystal_polymer,,
1F74,diffdock,scored,0.83755,gnina v1.3.3 master:6fe1ce2   Built Jun 30 2026.,static_crystal_polymer,,
1EXV,equibind,scored,0.0001,gnina v1.3.3 master:6fe1ce2   Built Jun 30 2026.,static_crystal_polymer,,
1EXV,diffdock,scored,0.66437,gnina v1.3.3 master:6fe1ce2   Built Jun 30 2026.,static_crystal_polymer,,
1F8B,equibind,scored,0.00474,gnina v1.3.3 master:6fe1ce2   Built Jun 30 2026.,static_crystal_polymer,,
1F8B,diffdock,scored,0.9356,gnina v1.3.3 master:6fe1ce2   Built Jun 30 2026.,static_crystal_polymer,,
1F8C,equibind,scored,0.69919,gnina v1.3.3 master:6fe1ce2   Built Jun 30 2026.,static_crystal_polymer,,
1F8C,diffdock,scored,0.91784,gnina v1.3.3 master:6fe1ce2   Built Jun 30 2026.,static_crystal_polymer,,
1F8D,equibind,scored,0.21148,gnina v1.3.3 master:6fe1ce2   Built Jun 30 2026.,static_crystal_polymer,,
1F8D,diffdock,scored,0.71651,gnina v1.3.3 master:6fe1ce2   Built Jun 30 2026.,static_crystal_polymer,,
1F7B,equibind,scored,0.00629,gnina v1.3.3 master:6fe1ce2   Built Jun 30 2026.,static_crystal_polymer,,
1F7B,diffdock,scored,0.57326,gnina v1.3.3 master:6fe1ce2   Built Jun 30 2026.,static_crystal_polymer,,
1EZF,equibind,scored,0.00107,gnina v1.3.3 master:6fe1ce2   Built Jun 30 2026.,static_crystal_polymer,,
1EZF,diffdock,scored,0.29863,gnina v1.3.3 master:6fe1ce2   Built Jun 30 2026.,static_crystal_polymer,,
1F8E,equibind,scored,0.59363,gnina v1.3.3 master:6fe1ce2   Built Jun 30 2026.,static_crystal_polymer,,
1F8E,diffdock,scored,0.68951,gnina v1.3.3 master:6fe1ce2   Built Jun 30 2026.,static_crystal_polymer,,
1B55,equibind,scored,0.13487,gnina v1.3.3 master:6fe1ce2   Built Jun 30 2026.,static_crystal_polymer,,
1B55,diffdock,scored,0.05297,gnina v1.3.3 master:6fe1ce2   Built Jun 30 2026.,static_crystal_polymer,,
1F73,equibind,scored,0.86699,gnina v1.3.3 master:6fe1ce2   Built Jun 30 2026.,static_crystal_polymer,,
1F73,diffdock,scored,0.73174,gnina v1.3.3 master:6fe1ce2   Built Jun 30 2026.,static_crystal_polymer,,
1FAX,equibind,scored,0.27819,gnina v1.3.3 master:6fe1ce2   Built Jun 30 2026.,static_crystal_polymer,,
1FAX,diffdock,scored,0.79323,gnina v1.3.3 master:6fe1ce2   Built Jun 30 2026.,static_crystal_polymer,,
1F9G,equibind,scored,0.06797,gnina v1.3.3 master:6fe1ce2   Built Jun 30 2026.,static_crystal_polymer,,
1F9G,diffdock,scored,0.3957,gnina v1.3.3 master:6fe1ce2   Built Jun 30 2026.,static_crystal_polymer,,
1FCX,equibind,scored,0.07077,gnina v1.3.3 master:6fe1ce2   Built Jun 30 2026.,static_crystal_polymer,,
1FCX,diffdock,scored,0.91714,gnina v1.3.3 master:6fe1ce2   Built Jun 30 2026.,static_crystal_polymer,,
1FCY,equibind,scored,0.17177,gnina v1.3.3 master:6fe1ce2   Built Jun 30 2026.,static_crystal_polymer,,
1FCY,diffdock,scored,0.97278,gnina v1.3.3 master:6fe1ce2   Built Jun 30 2026.,static_crystal_polymer,,
1FE3,equibind,scored,0.01556,gnina v1.3.3 master:6fe1ce2   Built Jun 30 2026.,static_crystal_polymer,,
1FE3,diffdock,scored,0.14271,gnina v1.3.3 master:6fe1ce2   Built Jun 30 2026.,static_crystal_polymer,,
1FCZ,equibind,scored,0.25432,gnina v1.3.3 master:6fe1ce2   Built Jun 30 2026.,static_crystal_polymer,,
1FCZ,diffdock,scored,0.6974,gnina v1.3.3 master:6fe1ce2   Built Jun 30 2026.,static_crystal_polymer,,
1FDQ,equibind,scored,0.00063,gnina v1.3.3 master:6fe1ce2   Built Jun 30 2026.,static_crystal_polymer,,
1FDQ,diffdock,scored,0.05679,gnina v1.3.3 master:6fe1ce2   Built Jun 30 2026.,static_crystal_polymer,,
1FIG,equibind,scored,0.02087,gnina v1.3.3 master:6fe1ce2   Built Jun 30 2026.,static_crystal_polymer,,
1FIG,diffdock,scored,0.16015,gnina v1.3.3 master:6fe1ce2   Built Jun 30 2026.,static_crystal_polymer,,
1FKB,equibind,scored,0.00957,gnina v1.3.3 master:6fe1ce2   Built Jun 30 2026.,static_crystal_polymer,,
1FKB,diffdock,scored,0.14119,gnina v1.3.3 master:6fe1ce2   Built Jun 30 2026.,static_crystal_polymer,,
1FKF,equibind,scored,0.00106,gnina v1.3.3 master:6fe1ce2   Built Jun 30 2026.,static_crystal_polymer,,
1FKF,diffdock,scored,0.31383,gnina v1.3.3 master:6fe1ce2   Built Jun 30 2026.,static_crystal_polymer,,
1FKI,equibind,scored,0.00356,gnina v1.3.3 master:6fe1ce2   Built Jun 30 2026.,static_crystal_polymer,,
1FKI,diffdock,scored,0.08042,gnina v1.3.3 master:6fe1ce2   Built Jun 30 2026.,static_crystal_polymer,,
1FLM,equibind,scored,0.0007,gnina v1.3.3 master:6fe1ce2   Built Jun 30 2026.,static_crystal_polymer,,
1FLM,diffdock,scored,0.96247,gnina v1.3.3 master:6fe1ce2   Built Jun 30 2026.,static_crystal_polymer,,
1FKW,equibind,scored,0.61606,gnina v1.3.3 master:6fe1ce2   Built Jun 30 2026.,static_crystal_polymer,,
1FKW,diffdock,scored,0.88808,gnina v1.3.3 master:6fe1ce2   Built Jun 30 2026.,static_crystal_polymer,,
1FMB,equibind,scored,0.035,gnina v1.3.3 master:6fe1ce2   Built Jun 30 2026.,static_crystal_polymer,,
1FMB,diffdock,scored,0.74213,gnina v1.3.3 master:6fe1ce2   Built Jun 30 2026.,static_crystal_polymer,,
1FO3,equibind,scored,0.08199,gnina v1.3.3 master:6fe1ce2   Built Jun 30 2026.,static_crystal_polymer,,
1FO3,diffdock,scored,0.73143,gnina v1.3.3 master:6fe1ce2   Built Jun 30 2026.,static_crystal_polymer,,
1FO2,equibind,scored,0.01026,gnina v1.3.3 master:6fe1ce2   Built Jun 30 2026.,static_crystal_polymer,,
1FO2,diffdock,scored,0.24211,gnina v1.3.3 master:6fe1ce2   Built Jun 30 2026.,static_crystal_polymer,,
1FPC,equibind,scored,0.00337,gnina v1.3.3 master:6fe1ce2   Built Jun 30 2026.,static_crystal_polymer,,
1FPC,diffdock,scored,0.3378,gnina v1.3.3 master:6fe1ce2   Built Jun 30 2026.,static_crystal_polymer,,
1FBM,equibind,scored,0.65671,gnina v1.3.3 master:6fe1ce2   Built Jun 30 2026.,static_crystal_polymer,,
1FBM,diffdock,scored,0.55997,gnina v1.3.3 master:6fe1ce2   Built Jun 30 2026.,static_crystal_polymer,,
1FPI,equibind,scored,0.00448,gnina v1.3.3 master:6fe1ce2   Built Jun 30 2026.,static_crystal_polymer,,
1FPI,diffdock,scored,0.61521,gnina v1.3.3 master:6fe1ce2   Built Jun 30 2026.,static_crystal_polymer,,
1FJ4,equibind,scored,0.06312,gnina v1.3.3 master:6fe1ce2   Built Jun 30 2026.,static_crystal_polymer,,
1FJ4,diffdock,scored,0.80108,gnina v1.3.3 master:6fe1ce2   Built Jun 30 2026.,static_crystal_polymer,,
1FQ4,equibind,scored,0.0004,gnina v1.3.3 master:6fe1ce2   Built Jun 30 2026.,static_crystal_polymer,,
1FQ4,diffdock,scored,0.49904,gnina v1.3.3 master:6fe1ce2   Built Jun 30 2026.,static_crystal_polymer,,
1FQ5,equibind,scored,0.45863,gnina v1.3.3 master:6fe1ce2   Built Jun 30 2026.,static_crystal_polymer,,
1FQ5,diffdock,scored,0.28636,gnina v1.3.3 master:6fe1ce2   Built Jun 30 2026.,static_crystal_polymer,,
1FPP,equibind,scored,0.38369,gnina v1.3.3 master:6fe1ce2   Built Jun 30 2026.,static_crystal_polymer,,
1FPP,diffdock,scored,0.06119,gnina v1.3.3 master:6fe1ce2   Built Jun 30 2026.,static_crystal_polymer,,
1FQ6,equibind,scored,0.01102,gnina v1.3.3 master:6fe1ce2   Built Jun 30 2026.,static_crystal_polymer,,
1FQ6,diffdock,scored,0.58039,gnina v1.3.3 master:6fe1ce2   Built Jun 30 2026.,static_crystal_polymer,,
1FQ8,equibind,scored,0.00042,gnina v1.3.3 master:6fe1ce2   Built Jun 30 2026.,static_crystal_polymer,,
1FQ8,diffdock,scored,0.53181,gnina v1.3.3 master:6fe1ce2   Built Jun 30 2026.,static_crystal_polymer,,
1FQ7,equibind,scored,9e-05,gnina v1.3.3 master:6fe1ce2   Built Jun 30 2026.,static_crystal_polymer,,
1FQ7,diffdock,scored,0.43012,gnina v1.3.3 master:6fe1ce2   Built Jun 30 2026.,static_crystal_polymer,,
1FSG,equibind,scored,0.12166,gnina v1.3.3 master:6fe1ce2   Built Jun 30 2026.,static_crystal_polymer,,
1FSG,diffdock,scored,0.87524,gnina v1.3.3 master:6fe1ce2   Built Jun 30 2026.,static_crystal_polymer,,
1EGH,equibind,scored,0.06604,gnina v1.3.3 master:6fe1ce2   Built Jun 30 2026.,static_crystal_polymer,,
1EGH,diffdock,scored,0.9595,gnina v1.3.3 master:6fe1ce2   Built Jun 30 2026.,static_crystal_polymer,,
1FT7,equibind,scored,0.7001,gnina v1.3.3 master:6fe1ce2   Built Jun 30 2026.,static_crystal_polymer,,
1FT7,diffdock,scored,0.60412,gnina v1.3.3 master:6fe1ce2   Built Jun 30 2026.,static_crystal_polymer,,
1FSW,equibind,scored,0.14201,gnina v1.3.3 master:6fe1ce2   Built Jun 30 2026.,static_crystal_polymer,,
1FSW,diffdock,scored,0.40263,gnina v1.3.3 master:6fe1ce2   Built Jun 30 2026.,static_crystal_polymer,,
1FTK,equibind,scored,0.02404,gnina v1.3.3 master:6fe1ce2   Built Jun 30 2026.,static_crystal_polymer,,
1FTK,diffdock,scored,0.69984,gnina v1.3.3 master:6fe1ce2   Built Jun 30 2026.,static_crystal_polymer,,
1FSY,equibind,scored,0.06071,gnina v1.3.3 master:6fe1ce2   Built Jun 30 2026.,static_crystal_polymer,,
1FSY,diffdock,scored,0.23586,gnina v1.3.3 master:6fe1ce2   Built Jun 30 2026.,static_crystal_polymer,,
1FV9,equibind,scored,0.04342,gnina v1.3.3 master:6fe1ce2   Built Jun 30 2026.,static_crystal_polymer,,
1FV9,diffdock,scored,0.76728,gnina v1.3.3 master:6fe1ce2   Built Jun 30 2026.,static_crystal_polymer,,
1FV0,equibind,scored,1e-05,gnina v1.3.3 master:6fe1ce2   Built Jun 30 2026.,static_crystal_polymer,,
1FV0,diffdock,scored,0.56564,gnina v1.3.3 master:6fe1ce2   Built Jun 30 2026.,static_crystal_polymer,,
1FVT,equibind,scored,0.42212,gnina v1.3.3 master:6fe1ce2   Built Jun 30 2026.,static_crystal_polymer,,
1FVT,diffdock,scored,0.85176,gnina v1.3.3 master:6fe1ce2   Built Jun 30 2026.,static_crystal_polymer,,
1FTJ,equibind,scored,0.3237,gnina v1.3.3 master:6fe1ce2   Built Jun 30 2026.,static_crystal_polymer,,
1FTJ,diffdock,scored,0.97913,gnina v1.3.3 master:6fe1ce2   Built Jun 30 2026.,static_crystal_polymer,,
1FW0,equibind,scored,0.36712,gnina v1.3.3 master:6fe1ce2   Built Jun 30 2026.,static_crystal_polymer,,
1FW0,diffdock,scored,0.8688,gnina v1.3.3 master:6fe1ce2   Built Jun 30 2026.,static_crystal_polymer,,
1FTM,equibind,scored,0.04614,gnina v1.3.3 master:6fe1ce2   Built Jun 30 2026.,static_crystal_polymer,,
1FTM,diffdock,scored,0.82139,gnina v1.3.3 master:6fe1ce2   Built Jun 30 2026.,static_crystal_polymer,,
1FZQ,equibind,scored,0.05341,gnina v1.3.3 master:6fe1ce2   Built Jun 30 2026.,static_crystal_polymer,,
1FZQ,diffdock,scored,0.95593,gnina v1.3.3 master:6fe1ce2   Built Jun 30 2026.,static_crystal_polymer,,
1G1D,equibind,scored,0.07516,gnina v1.3.3 master:6fe1ce2   Built Jun 30 2026.,static_crystal_polymer,,
1G1D,diffdock,scored,0.95594,gnina v1.3.3 master:6fe1ce2   Built Jun 30 2026.,static_crystal_polymer,,
1G37,equibind,scored,0.00951,gnina v1.3.3 master:6fe1ce2   Built Jun 30 2026.,static_crystal_polymer,,
1G37,diffdock,scored,0.33319,gnina v1.3.3 master:6fe1ce2   Built Jun 30 2026.,static_crystal_polymer,,
1FWE,equibind,scored,0.12963,gnina v1.3.3 master:6fe1ce2   Built Jun 30 2026.,static_crystal_polymer,,
1FWE,diffdock,scored,0.47263,gnina v1.3.3 master:6fe1ce2   Built Jun 30 2026.,static_crystal_polymer,,
1G2A,equibind,scored,0.00023,gnina v1.3.3 master:6fe1ce2   Built Jun 30 2026.,static_crystal_polymer,,
1G2A,diffdock,scored,0.89225,gnina v1.3.3 master:6fe1ce2   Built Jun 30 2026.,static_crystal_polymer,,
1FAO,equibind,scored,0.0217,gnina v1.3.3 master:6fe1ce2   Built Jun 30 2026.,static_crystal_polymer,,
1FAO,diffdock,scored,0.52401,gnina v1.3.3 master:6fe1ce2   Built Jun 30 2026.,static_crystal_polymer,,
1G27,equibind,scored,3e-05,gnina v1.3.3 master:6fe1ce2   Built Jun 30 2026.,static_crystal_polymer,,
1G27,diffdock,scored,0.64334,gnina v1.3.3 master:6fe1ce2   Built Jun 30 2026.,static_crystal_polymer,,
1G42_B,equibind,scored,0.1582,gnina v1.3.3 master:6fe1ce2   Built Jun 30 2026.,static_crystal_polymer,,
1G42_B,diffdock,scored,0.45424,gnina v1.3.3 master:6fe1ce2   Built Jun 30 2026.,static_crystal_polymer,,
1G42_A,equibind,scored,0.33885,gnina v1.3.3 master:6fe1ce2   Built Jun 30 2026.,static_crystal_polymer,,
1G42_A,diffdock,scored,0.40561,gnina v1.3.3 master:6fe1ce2   Built Jun 30 2026.,static_crystal_polymer,,
1G2O,equibind,scored,0.00092,gnina v1.3.3 master:6fe1ce2   Built Jun 30 2026.,static_crystal_polymer,,
1G2O,diffdock,scored,0.84808,gnina v1.3.3 master:6fe1ce2   Built Jun 30 2026.,static_crystal_polymer,,
1G45,equibind,scored,0.18047,gnina v1.3.3 master:6fe1ce2   Built Jun 30 2026.,static_crystal_polymer,,
1G45,diffdock,scored,0.83257,gnina v1.3.3 master:6fe1ce2   Built Jun 30 2026.,static_crystal_polymer,,
1G3M,equibind,scored,0.00365,gnina v1.3.3 master:6fe1ce2   Built Jun 30 2026.,static_crystal_polymer,,
1G3M,diffdock,scored,0.96771,gnina v1.3.3 master:6fe1ce2   Built Jun 30 2026.,static_crystal_polymer,,
1G46,equibind,scored,0.16269,gnina v1.3.3 master:6fe1ce2   Built Jun 30 2026.,static_crystal_polymer,,
1G46,diffdock,scored,0.36704,gnina v1.3.3 master:6fe1ce2   Built Jun 30 2026.,static_crystal_polymer,,
1G48,equibind,scored,0.06466,gnina v1.3.3 master:6fe1ce2   Built Jun 30 2026.,static_crystal_polymer,,
1G48,diffdock,scored,0.30682,gnina v1.3.3 master:6fe1ce2   Built Jun 30 2026.,static_crystal_polymer,,
1G4O,equibind,scored,0.59076,gnina v1.3.3 master:6fe1ce2   Built Jun 30 2026.,static_crystal_polymer,,
1G4O,diffdock,scored,0.92106,gnina v1.3.3 master:6fe1ce2   Built Jun 30 2026.,static_crystal_polymer,,
1G52,equibind,scored,0.31418,gnina v1.3.3 master:6fe1ce2   Built Jun 30 2026.,static_crystal_polymer,,
1G52,diffdock,scored,0.93566,gnina v1.3.3 master:6fe1ce2   Built Jun 30 2026.,static_crystal_polymer,,
1G54,equibind,scored,0.43074,gnina v1.3.3 master:6fe1ce2   Built Jun 30 2026.,static_crystal_polymer,,
1G54,diffdock,scored,0.95511,gnina v1.3.3 master:6fe1ce2   Built Jun 30 2026.,static_crystal_polymer,,
1G53,equibind,scored,0.1599,gnina v1.3.3 master:6fe1ce2   Built Jun 30 2026.,static_crystal_polymer,,
1G53,diffdock,scored,0.84199,gnina v1.3.3 master:6fe1ce2   Built Jun 30 2026.,static_crystal_polymer,,
1G4J,equibind,scored,0.41188,gnina v1.3.3 master:6fe1ce2   Built Jun 30 2026.,static_crystal_polymer,,
1G4J,diffdock,scored,0.69336,gnina v1.3.3 master:6fe1ce2   Built Jun 30 2026.,static_crystal_polymer,,
1G5F,equibind,scored,0.51725,gnina v1.3.3 master:6fe1ce2   Built Jun 30 2026.,static_crystal_polymer,,
1G5F,diffdock,scored,0.62151,gnina v1.3.3 master:6fe1ce2   Built Jun 30 2026.,static_crystal_polymer,,
1G5S,equibind,scored,0.13432,gnina v1.3.3 master:6fe1ce2   Built Jun 30 2026.,static_crystal_polymer,,
1G5S,diffdock,scored,0.87645,gnina v1.3.3 master:6fe1ce2   Built Jun 30 2026.,static_crystal_polymer,,
1G74,equibind,scored,0.44514,gnina v1.3.3 master:6fe1ce2   Built Jun 30 2026.,static_crystal_polymer,,
1G74,diffdock,scored,0.07327,gnina v1.3.3 master:6fe1ce2   Built Jun 30 2026.,static_crystal_polymer,,
1G6S,equibind,scored,0.08904,gnina v1.3.3 master:6fe1ce2   Built Jun 30 2026.,static_crystal_polymer,,
1G6S,diffdock,scored,0.7309,gnina v1.3.3 master:6fe1ce2   Built Jun 30 2026.,static_crystal_polymer,,
1G50,equibind,scored,0.00281,gnina v1.3.3 master:6fe1ce2   Built Jun 30 2026.,static_crystal_polymer,,
1G50,diffdock,scored,0.72036,gnina v1.3.3 master:6fe1ce2   Built Jun 30 2026.,static_crystal_polymer,,
1G7G,equibind,scored,0.00318,gnina v1.3.3 master:6fe1ce2   Built Jun 30 2026.,static_crystal_polymer,,
1G7G,diffdock,scored,0.83141,gnina v1.3.3 master:6fe1ce2   Built Jun 30 2026.,static_crystal_polymer,,
1G9R,equibind,scored,0.00045,gnina v1.3.3 master:6fe1ce2   Built Jun 30 2026.,static_crystal_polymer,,
1G9R,diffdock,scored,0.22673,gnina v1.3.3 master:6fe1ce2   Built Jun 30 2026.,static_crystal_polymer,,
1G85,equibind,scored,0.67503,gnina v1.3.3 master:6fe1ce2   Built Jun 30 2026.,static_crystal_polymer,,
1G85,diffdock,scored,0.29255,gnina v1.3.3 master:6fe1ce2   Built Jun 30 2026.,static_crystal_polymer,,
1G7V,equibind,scored,0.09819,gnina v1.3.3 master:6fe1ce2   Built Jun 30 2026.,static_crystal_polymer,,
1G7V,diffdock,scored,0.68421,gnina v1.3.3 master:6fe1ce2   Built Jun 30 2026.,static_crystal_polymer,,
1G9S,equibind,scored,0.00024,gnina v1.3.3 master:6fe1ce2   Built Jun 30 2026.,static_crystal_polymer,,
1G9S,diffdock,scored,0.75498,gnina v1.3.3 master:6fe1ce2   Built Jun 30 2026.,static_crystal_polymer,,
1G9T,equibind,scored,0.01407,gnina v1.3.3 master:6fe1ce2   Built Jun 30 2026.,static_crystal_polymer,,
1G9T,diffdock,scored,0.41537,gnina v1.3.3 master:6fe1ce2   Built Jun 30 2026.,static_crystal_polymer,,
1GBT,equibind,scored,0.11034,gnina v1.3.3 master:6fe1ce2   Built Jun 30 2026.,static_crystal_polymer,,
1GBT,diffdock,scored,0.8171,gnina v1.3.3 master:6fe1ce2   Built Jun 30 2026.,static_crystal_polymer,,
1GCA,equibind,scored,0.10672,gnina v1.3.3 master:6fe1ce2   Built Jun 30 2026.,static_crystal_polymer,,
1GCA,diffdock,scored,0.77975,gnina v1.3.3 master:6fe1ce2   Built Jun 30 2026.,static_crystal_polymer,,
1GFW,equibind,scored,0.15664,gnina v1.3.3 master:6fe1ce2   Built Jun 30 2026.,static_crystal_polymer,,
1GFW,diffdock,scored,0.138,gnina v1.3.3 master:6fe1ce2   Built Jun 30 2026.,static_crystal_polymer,,
1GFY,equibind,scored,0.58361,gnina v1.3.3 master:6fe1ce2   Built Jun 30 2026.,static_crystal_polymer,,
1GFY,diffdock,scored,0.8508,gnina v1.3.3 master:6fe1ce2   Built Jun 30 2026.,static_crystal_polymer,,
1GGD,equibind,scored,0.00281,gnina v1.3.3 master:6fe1ce2   Built Jun 30 2026.,static_crystal_polymer,,
1GGD,diffdock,scored,0.30383,gnina v1.3.3 master:6fe1ce2   Built Jun 30 2026.,static_crystal_polymer,,
1GCZ,equibind,scored,0.00494,gnina v1.3.3 master:6fe1ce2   Built Jun 30 2026.,static_crystal_polymer,,
1GCZ,diffdock,scored,0.93884,gnina v1.3.3 master:6fe1ce2   Built Jun 30 2026.,static_crystal_polymer,,
1GA9,equibind,scored,0.00336,gnina v1.3.3 master:6fe1ce2   Built Jun 30 2026.,static_crystal_polymer,,
1GA9,diffdock,scored,0.22204,gnina v1.3.3 master:6fe1ce2   Built Jun 30 2026.,static_crystal_polymer,,
1GPK,equibind,scored,0.63313,gnina v1.3.3 master:6fe1ce2   Built Jun 30 2026.,static_crystal_polymer,,
1GPK,diffdock,scored,0.95681,gnina v1.3.3 master:6fe1ce2   Built Jun 30 2026.,static_crystal_polymer,,
1DUB,equibind,scored,0.0,gnina v1.3.3 master:6fe1ce2   Built Jun 30 2026.,static_crystal_polymer,,
1DUB,diffdock,scored,0.49937,gnina v1.3.3 master:6fe1ce2   Built Jun 30 2026.,static_crystal_polymer,,
1GPN,equibind,scored,0.18168,gnina v1.3.3 master:6fe1ce2   Built Jun 30 2026.,static_crystal_polymer,,
1GPN,diffdock,scored,0.89637,gnina v1.3.3 master:6fe1ce2   Built Jun 30 2026.,static_crystal_polymer,,
1GAR,equibind,scored,0.00036,gnina v1.3.3 master:6fe1ce2   Built Jun 30 2026.,static_crystal_polymer,,
1GAR,diffdock,scored,0.63598,gnina v1.3.3 master:6fe1ce2   Built Jun 30 2026.,static_crystal_polymer,,
1GGN,equibind,scored,0.24084,gnina v1.3.3 master:6fe1ce2   Built Jun 30 2026.,static_crystal_polymer,,
1GGN,diffdock,scored,0.25783,gnina v1.3.3 master:6fe1ce2   Built Jun 30 2026.,static_crystal_polymer,,
1GNI,equibind,scored,0.00137,gnina v1.3.3 master:6fe1ce2   Built Jun 30 2026.,static_crystal_polymer,,
1GNI,diffdock,scored,0.22394,gnina v1.3.3 master:6fe1ce2   Built Jun 30 2026.,static_crystal_polymer,,
1GRP,equibind,scored,0.03265,gnina v1.3.3 master:6fe1ce2   Built Jun 30 2026.,static_crystal_polymer,,
1GRP,diffdock,scored,0.81518,gnina v1.3.3 master:6fe1ce2   Built Jun 30 2026.,static_crystal_polymer,,
1GNJ,equibind,scored,0.00246,gnina v1.3.3 master:6fe1ce2   Built Jun 30 2026.,static_crystal_polymer,,
1GNJ,diffdock,scored,0.22205,gnina v1.3.3 master:6fe1ce2   Built Jun 30 2026.,static_crystal_polymer,,
1GT1,equibind,scored,0.52904,gnina v1.3.3 master:6fe1ce2   Built Jun 30 2026.,static_crystal_polymer,,
1GT1,diffdock,scored,0.48696,gnina v1.3.3 master:6fe1ce2   Built Jun 30 2026.,static_crystal_polymer,,
1GT3,equibind,scored,0.50698,gnina v1.3.3 master:6fe1ce2   Built Jun 30 2026.,static_crystal_polymer,,
1GT3,diffdock,scored,0.68475,gnina v1.3.3 master:6fe1ce2   Built Jun 30 2026.,static_crystal_polymer,,
1GT4,equibind,scored,0.12586,gnina v1.3.3 master:6fe1ce2   Built Jun 30 2026.,static_crystal_polymer,,
1GT4,diffdock,scored,0.36392,gnina v1.3.3 master:6fe1ce2   Built Jun 30 2026.,static_crystal_polymer,,
1GPY,equibind,scored,0.00214,gnina v1.3.3 master:6fe1ce2   Built Jun 30 2026.,static_crystal_polymer,,
1GPY,diffdock,scored,0.36606,gnina v1.3.3 master:6fe1ce2   Built Jun 30 2026.,static_crystal_polymer,,
1GT5,equibind,scored,0.30257,gnina v1.3.3 master:6fe1ce2   Built Jun 30 2026.,static_crystal_polymer,,
1GT5,diffdock,scored,0.78298,gnina v1.3.3 master:6fe1ce2   Built Jun 30 2026.,static_crystal_polymer,,
1GX8,equibind,scored,0.01943,gnina v1.3.3 master:6fe1ce2   Built Jun 30 2026.,static_crystal_polymer,,
1GX8,diffdock,scored,0.59836,gnina v1.3.3 master:6fe1ce2   Built Jun 30 2026.,static_crystal_polymer,,
1GVW,equibind,scored,0.0,gnina v1.3.3 master:6fe1ce2   Built Jun 30 2026.,static_crystal_polymer,,
1GVW,diffdock,scored,0.47194,gnina v1.3.3 master:6fe1ce2   Built Jun 30 2026.,static_crystal_polymer,,
1GYM,equibind,scored,0.01243,gnina v1.3.3 master:6fe1ce2   Built Jun 30 2026.,static_crystal_polymer,,
1GYM,diffdock,scored,0.12915,gnina v1.3.3 master:6fe1ce2   Built Jun 30 2026.,static_crystal_polymer,,
1GWW,equibind,scored,0.00055,gnina v1.3.3 master:6fe1ce2   Built Jun 30 2026.,static_crystal_polymer,,
1GWW,diffdock,scored,0.49195,gnina v1.3.3 master:6fe1ce2   Built Jun 30 2026.,static_crystal_polymer,,
1GX0,equibind,scored,0.00094,gnina v1.3.3 master:6fe1ce2   Built Jun 30 2026.,static_crystal_polymer,,
1GX0,diffdock,scored,0.62597,gnina v1.3.3 master:6fe1ce2   Built Jun 30 2026.,static_crystal_polymer,,
1GX4,equibind,scored,0.00931,gnina v1.3.3 master:6fe1ce2   Built Jun 30 2026.,static_crystal_polymer,,
1GX4,diffdock,scored,0.54258,gnina v1.3.3 master:6fe1ce2   Built Jun 30 2026.,static_crystal_polymer,,
1GYX,equibind,scored,0.39585,gnina v1.3.3 master:6fe1ce2   Built Jun 30 2026.,static_crystal_polymer,,
1GYX,diffdock,scored,0.67479,gnina v1.3.3 master:6fe1ce2   Built Jun 30 2026.,static_crystal_polymer,,
1H00,equibind,scored,0.66626,gnina v1.3.3 master:6fe1ce2   Built Jun 30 2026.,static_crystal_polymer,,
1H00,diffdock,scored,0.73135,gnina v1.3.3 master:6fe1ce2   Built Jun 30 2026.,static_crystal_polymer,,
1H01,equibind,scored,0.3581,gnina v1.3.3 master:6fe1ce2   Built Jun 30 2026.,static_crystal_polymer,,
1H01,diffdock,scored,0.57805,gnina v1.3.3 master:6fe1ce2   Built Jun 30 2026.,static_crystal_polymer,,
1H08,equibind,scored,0.67251,gnina v1.3.3 master:6fe1ce2   Built Jun 30 2026.,static_crystal_polymer,,
1H08,diffdock,scored,0.70943,gnina v1.3.3 master:6fe1ce2   Built Jun 30 2026.,static_crystal_polymer,,
1H0R,equibind,scored,0.12481,gnina v1.3.3 master:6fe1ce2   Built Jun 30 2026.,static_crystal_polymer,,
1H0R,diffdock,scored,0.88829,gnina v1.3.3 master:6fe1ce2   Built Jun 30 2026.,static_crystal_polymer,,
1H1H,equibind,scored,0.07589,gnina v1.3.3 master:6fe1ce2   Built Jun 30 2026.,static_crystal_polymer,,
1H1H,diffdock,scored,0.15295,gnina v1.3.3 master:6fe1ce2   Built Jun 30 2026.,static_crystal_polymer,,
1H0W,equibind,scored,0.03539,gnina v1.3.3 master:6fe1ce2   Built Jun 30 2026.,static_crystal_polymer,,
1H0W,diffdock,scored,0.21648,gnina v1.3.3 master:6fe1ce2   Built Jun 30 2026.,static_crystal_polymer,,
1GZG,equibind,scored,0.21286,gnina v1.3.3 master:6fe1ce2   Built Jun 30 2026.,static_crystal_polymer,,
1GZG,diffdock,scored,0.75955,gnina v1.3.3 master:6fe1ce2   Built Jun 30 2026.,static_crystal_polymer,,
1H0A,equibind,scored,0.2088,gnina v1.3.3 master:6fe1ce2   Built Jun 30 2026.,static_crystal_polymer,,
1H0A,diffdock,scored,0.32286,gnina v1.3.3 master:6fe1ce2   Built Jun 30 2026.,static_crystal_polymer,,
1H1B,equibind,scored,0.148,gnina v1.3.3 master:6fe1ce2   Built Jun 30 2026.,static_crystal_polymer,,
1H1B,diffdock,scored,0.64644,gnina v1.3.3 master:6fe1ce2   Built Jun 30 2026.,static_crystal_polymer,,
1H22,equibind,scored,1e-05,gnina v1.3.3 master:6fe1ce2   Built Jun 30 2026.,static_crystal_polymer,,
1H22,diffdock,scored,0.20067,gnina v1.3.3 master:6fe1ce2   Built Jun 30 2026.,static_crystal_polymer,,
1H23,equibind,scored,0.00011,gnina v1.3.3 master:6fe1ce2   Built Jun 30 2026.,static_crystal_polymer,,
1H23,diffdock,scored,0.36443,gnina v1.3.3 master:6fe1ce2   Built Jun 30 2026.,static_crystal_polymer,,
1H1Q,equibind,scored,0.0139,gnina v1.3.3 master:6fe1ce2   Built Jun 30 2026.,static_crystal_polymer,,
1H1Q,diffdock,scored,0.23835,gnina v1.3.3 master:6fe1ce2   Built Jun 30 2026.,static_crystal_polymer,,
1H1P,equibind,scored,0.06453,gnina v1.3.3 master:6fe1ce2   Built Jun 30 2026.,static_crystal_polymer,,
1H1P,diffdock,scored,0.46002,gnina v1.3.3 master:6fe1ce2   Built Jun 30 2026.,static_crystal_polymer,,
1H2K,equibind,scored,0.67923,gnina v1.3.3 master:6fe1ce2   Built Jun 30 2026.,static_crystal_polymer,,
1H2K,diffdock,scored,0.91989,gnina v1.3.3 master:6fe1ce2   Built Jun 30 2026.,static_crystal_polymer,,
1GSZ,equibind,scored,0.32938,gnina v1.3.3 master:6fe1ce2   Built Jun 30 2026.,static_crystal_polymer,,
1GSZ,diffdock,scored,0.8222,gnina v1.3.3 master:6fe1ce2   Built Jun 30 2026.,static_crystal_polymer,,
1H1R,equibind,scored,0.22481,gnina v1.3.3 master:6fe1ce2   Built Jun 30 2026.,static_crystal_polymer,,
1H1R,diffdock,scored,0.37719,gnina v1.3.3 master:6fe1ce2   Built Jun 30 2026.,static_crystal_polymer,,
1H46,equibind,scored,0.00266,gnina v1.3.3 master:6fe1ce2   Built Jun 30 2026.,static_crystal_polymer,,
1H46,diffdock,scored,0.70616,gnina v1.3.3 master:6fe1ce2   Built Jun 30 2026.,static_crystal_polymer,,
1H1S,equibind,scored,0.0009,gnina v1.3.3 master:6fe1ce2   Built Jun 30 2026.,static_crystal_polymer,,
1H1S,diffdock,scored,0.78238,gnina v1.3.3 master:6fe1ce2   Built Jun 30 2026.,static_crystal_polymer,,
1H4N,equibind,scored,0.70326,gnina v1.3.3 master:6fe1ce2   Built Jun 30 2026.,static_crystal_polymer,,
1H4N,diffdock,scored,0.57562,gnina v1.3.3 master:6fe1ce2   Built Jun 30 2026.,static_crystal_polymer,,
1H5U,equibind,scored,8e-05,gnina v1.3.3 master:6fe1ce2   Built Jun 30 2026.,static_crystal_polymer,,
1H5U,diffdock,scored,0.63931,gnina v1.3.3 master:6fe1ce2   Built Jun 30 2026.,static_crystal_polymer,,
1H60,equibind,scored,0.4872,gnina v1.3.3 master:6fe1ce2   Built Jun 30 2026.,static_crystal_polymer,,
1H60,diffdock,scored,0.67127,gnina v1.3.3 master:6fe1ce2   Built Jun 30 2026.,static_crystal_polymer,,
1H61,equibind,scored,0.35518,gnina v1.3.3 master:6fe1ce2   Built Jun 30 2026.,static_crystal_polymer,,
1H61,diffdock,scored,0.62386,gnina v1.3.3 master:6fe1ce2   Built Jun 30 2026.,static_crystal_polymer,,
1H6H,equibind,scored,0.01798,gnina v1.3.3 master:6fe1ce2   Built Jun 30 2026.,static_crystal_polymer,,
1H6H,diffdock,scored,0.07323,gnina v1.3.3 master:6fe1ce2   Built Jun 30 2026.,static_crystal_polymer,,
1H62,equibind,scored,0.21824,gnina v1.3.3 master:6fe1ce2   Built Jun 30 2026.,static_crystal_polymer,,
1H62,diffdock,scored,0.75087,gnina v1.3.3 master:6fe1ce2   Built Jun 30 2026.,static_crystal_polymer,,
1H37,equibind,scored,0.30798,gnina v1.3.3 master:6fe1ce2   Built Jun 30 2026.,static_crystal_polymer,,
1H37,diffdock,scored,0.69311,gnina v1.3.3 master:6fe1ce2   Built Jun 30 2026.,static_crystal_polymer,,
1H35,equibind,scored,0.38705,gnina v1.3.3 master:6fe1ce2   Built Jun 30 2026.,static_crystal_polymer,,
1H35,diffdock,scored,0.66002,gnina v1.3.3 master:6fe1ce2   Built Jun 30 2026.,static_crystal_polymer,,
1H39,equibind,scored,0.59365,gnina v1.3.3 master:6fe1ce2   Built Jun 30 2026.,static_crystal_polymer,,
1H39,diffdock,scored,0.80444,gnina v1.3.3 master:6fe1ce2   Built Jun 30 2026.,static_crystal_polymer,,
1H3C,equibind,scored,0.3554,gnina v1.3.3 master:6fe1ce2   Built Jun 30 2026.,static_crystal_polymer,,
1H3C,diffdock,scored,0.65924,gnina v1.3.3 master:6fe1ce2   Built Jun 30 2026.,static_crystal_polymer,,
1HEG,equibind,scored,4e-05,gnina v1.3.3 master:6fe1ce2   Built Jun 30 2026.,static_crystal_polymer,,
1HEG,diffdock,scored,0.58303,gnina v1.3.3 master:6fe1ce2   Built Jun 30 2026.,static_crystal_polymer,,
1HBV,equibind,scored,0.0008,gnina v1.3.3 master:6fe1ce2   Built Jun 30 2026.,static_crystal_polymer,,
1HBV,diffdock,scored,0.77415,gnina v1.3.3 master:6fe1ce2   Built Jun 30 2026.,static_crystal_polymer,,
1H8Y,equibind,scored,0.00232,gnina v1.3.3 master:6fe1ce2   Built Jun 30 2026.,static_crystal_polymer,,
1H8Y,diffdock,scored,0.20446,gnina v1.3.3 master:6fe1ce2   Built Jun 30 2026.,static_crystal_polymer,,
1H3A,equibind,scored,0.77684,gnina v1.3.3 master:6fe1ce2   Built Jun 30 2026.,static_crystal_polymer,,
1H3A,diffdock,scored,0.75408,gnina v1.3.3 master:6fe1ce2   Built Jun 30 2026.,static_crystal_polymer,,
1HBJ,equibind,scored,0.09568,gnina v1.3.3 master:6fe1ce2   Built Jun 30 2026.,static_crystal_polymer,,
1HBJ,diffdock,scored,0.60493,gnina v1.3.3 master:6fe1ce2   Built Jun 30 2026.,static_crystal_polymer,,
1HI3,equibind,scored,0.00567,gnina v1.3.3 master:6fe1ce2   Built Jun 30 2026.,static_crystal_polymer,,
1HI3,diffdock,scored,0.19181,gnina v1.3.3 master:6fe1ce2   Built Jun 30 2026.,static_crystal_polymer,,
1H79,equibind,scored,0.00175,gnina v1.3.3 master:6fe1ce2   Built Jun 30 2026.,static_crystal_polymer,,
1H79,diffdock,scored,0.12077,gnina v1.3.3 master:6fe1ce2   Built Jun 30 2026.,static_crystal_polymer,,
1HI4,equibind,scored,0.00263,gnina v1.3.3 master:6fe1ce2   Built Jun 30 2026.,static_crystal_polymer,,
1HI4,diffdock,scored,0.31418,gnina v1.3.3 master:6fe1ce2   Built Jun 30 2026.,static_crystal_polymer,,
1HI5,equibind,scored,0.00414,gnina v1.3.3 master:6fe1ce2   Built Jun 30 2026.,static_crystal_polymer,,
1HI5,diffdock,scored,0.074,gnina v1.3.3 master:6fe1ce2   Built Jun 30 2026.,static_crystal_polymer,,
1HIV,equibind,scored,0.03345,gnina v1.3.3 master:6fe1ce2   Built Jun 30 2026.,static_crystal_polymer,,
1HIV,diffdock,scored,0.33329,gnina v1.3.3 master:6fe1ce2   Built Jun 30 2026.,static_crystal_polymer,,
1HIH,equibind,scored,0.00325,gnina v1.3.3 master:6fe1ce2   Built Jun 30 2026.,static_crystal_polymer,,
1HIH,diffdock,scored,0.61083,gnina v1.3.3 master:6fe1ce2   Built Jun 30 2026.,static_crystal_polymer,,
1HK5,equibind,scored,9e-05,gnina v1.3.3 master:6fe1ce2   Built Jun 30 2026.,static_crystal_polymer,,
1HK5,diffdock,scored,0.47193,gnina v1.3.3 master:6fe1ce2   Built Jun 30 2026.,static_crystal_polymer,,
1HEE,equibind,scored,0.00062,gnina v1.3.3 master:6fe1ce2   Built Jun 30 2026.,static_crystal_polymer,,
1HEE,diffdock,scored,0.78725,gnina v1.3.3 master:6fe1ce2   Built Jun 30 2026.,static_crystal_polymer,,
1HK3,equibind,scored,0.09661,gnina v1.3.3 master:6fe1ce2   Built Jun 30 2026.,static_crystal_polymer,,
1HK3,diffdock,scored,0.49581,gnina v1.3.3 master:6fe1ce2   Built Jun 30 2026.,static_crystal_polymer,,
1HMR,equibind,scored,0.03894,gnina v1.3.3 master:6fe1ce2   Built Jun 30 2026.,static_crystal_polymer,,
1HMR,diffdock,scored,0.13429,gnina v1.3.3 master:6fe1ce2   Built Jun 30 2026.,static_crystal_polymer,,
1HGE,equibind,scored,0.6785,gnina v1.3.3 master:6fe1ce2   Built Jun 30 2026.,static_crystal_polymer,,
1HGE,diffdock,scored,0.62854,gnina v1.3.3 master:6fe1ce2   Built Jun 30 2026.,static_crystal_polymer,,
1HMS,equibind,scored,0.09428,gnina v1.3.3 master:6fe1ce2   Built Jun 30 2026.,static_crystal_polymer,,
1HMS,diffdock,scored,0.28572,gnina v1.3.3 master:6fe1ce2   Built Jun 30 2026.,static_crystal_polymer,,
1HMT,equibind,scored,0.22411,gnina v1.3.3 master:6fe1ce2   Built Jun 30 2026.,static_crystal_polymer,,
1HMT,diffdock,scored,0.35181,gnina v1.3.3 master:6fe1ce2   Built Jun 30 2026.,static_crystal_polymer,,
1HGI,equibind,scored,0.05621,gnina v1.3.3 master:6fe1ce2   Built Jun 30 2026.,static_crystal_polymer,,
1HGI,diffdock,scored,0.27258,gnina v1.3.3 master:6fe1ce2   Built Jun 30 2026.,static_crystal_polymer,,
1HLK,equibind,scored,0.03612,gnina v1.3.3 master:6fe1ce2   Built Jun 30 2026.,static_crystal_polymer,,
1HLK,diffdock,scored,0.3313,gnina v1.3.3 master:6fe1ce2   Built Jun 30 2026.,static_crystal_polymer,,
1HGJ,equibind,scored,0.00892,gnina v1.3.3 master:6fe1ce2   Built Jun 30 2026.,static_crystal_polymer,,
1HGJ,diffdock,scored,0.30474,gnina v1.3.3 master:6fe1ce2   Built Jun 30 2026.,static_crystal_polymer,,
1HLF,equibind,scored,4e-05,gnina v1.3.3 master:6fe1ce2   Built Jun 30 2026.,static_crystal_polymer,,
1HLF,diffdock,scored,0.71916,gnina v1.3.3 master:6fe1ce2   Built Jun 30 2026.,static_crystal_polymer,,
1HN2,equibind,scored,0.46136,gnina v1.3.3 master:6fe1ce2   Built Jun 30 2026.,static_crystal_polymer,,
1HN2,diffdock,scored,0.66956,gnina v1.3.3 master:6fe1ce2   Built Jun 30 2026.,static_crystal_polymer,,
1HN4,equibind,scored,0.04391,gnina v1.3.3 master:6fe1ce2   Built Jun 30 2026.,static_crystal_polymer,,
1HN4,diffdock,scored,0.13762,gnina v1.3.3 master:6fe1ce2   Built Jun 30 2026.,static_crystal_polymer,,
1HPX,equibind,scored,0.06248,gnina v1.3.3 master:6fe1ce2   Built Jun 30 2026.,static_crystal_polymer,,
1HPX,diffdock,scored,0.55842,gnina v1.3.3 master:6fe1ce2   Built Jun 30 2026.,static_crystal_polymer,,
1HP5,equibind,scored,0.47809,gnina v1.3.3 master:6fe1ce2   Built Jun 30 2026.,static_crystal_polymer,,
1HP5,diffdock,scored,0.90573,gnina v1.3.3 master:6fe1ce2   Built Jun 30 2026.,static_crystal_polymer,,
1HNN,equibind,scored,0.00703,gnina v1.3.3 master:6fe1ce2   Built Jun 30 2026.,static_crystal_polymer,,
1HNN,diffdock,scored,0.86722,gnina v1.3.3 master:6fe1ce2   Built Jun 30 2026.,static_crystal_polymer,,
1HQF,equibind,scored,0.85454,gnina v1.3.3 master:6fe1ce2   Built Jun 30 2026.,static_crystal_polymer,,
1HQF,diffdock,scored,0.62712,gnina v1.3.3 master:6fe1ce2   Built Jun 30 2026.,static_crystal_polymer,,
1HRN,equibind,scored,0.00022,gnina v1.3.3 master:6fe1ce2   Built Jun 30 2026.,static_crystal_polymer,,
1HRN,diffdock,scored,0.5942,gnina v1.3.3 master:6fe1ce2   Built Jun 30 2026.,static_crystal_polymer,,
1HQG,equibind,scored,0.23097,gnina v1.3.3 master:6fe1ce2   Built Jun 30 2026.,static_crystal_polymer,,
1HQG,diffdock,scored,0.79807,gnina v1.3.3 master:6fe1ce2   Built Jun 30 2026.,static_crystal_polymer,,
1HQH,equibind,scored,0.08288,gnina v1.3.3 master:6fe1ce2   Built Jun 30 2026.,static_crystal_polymer,,
1HQH,diffdock,scored,0.87451,gnina v1.3.3 master:6fe1ce2   Built Jun 30 2026.,static_crystal_polymer,,
1HTE,equibind,scored,0.58589,gnina v1.3.3 master:6fe1ce2   Built Jun 30 2026.,static_crystal_polymer,,
1HTE,diffdock,scored,0.76162,gnina v1.3.3 master:6fe1ce2   Built Jun 30 2026.,static_crystal_polymer,,
1HSH,equibind,scored,0.00324,gnina v1.3.3 master:6fe1ce2   Built Jun 30 2026.,static_crystal_polymer,,
1HSH,diffdock,scored,0.50313,gnina v1.3.3 master:6fe1ce2   Built Jun 30 2026.,static_crystal_polymer,,
1HTF,equibind,scored,0.00883,gnina v1.3.3 master:6fe1ce2   Built Jun 30 2026.,static_crystal_polymer,,
1HTF,diffdock,scored,0.66643,gnina v1.3.3 master:6fe1ce2   Built Jun 30 2026.,static_crystal_polymer,,
1HTI,equibind,scored,0.41027,gnina v1.3.3 master:6fe1ce2   Built Jun 30 2026.,static_crystal_polymer,,
1HTI,diffdock,scored,0.86272,gnina v1.3.3 master:6fe1ce2   Built Jun 30 2026.,static_crystal_polymer,,
1HWR,equibind,scored,0.00019,gnina v1.3.3 master:6fe1ce2   Built Jun 30 2026.,static_crystal_polymer,,
1HWR,diffdock,scored,0.41493,gnina v1.3.3 master:6fe1ce2   Built Jun 30 2026.,static_crystal_polymer,,
1HVJ,equibind,scored,0.00067,gnina v1.3.3 master:6fe1ce2   Built Jun 30 2026.,static_crystal_polymer,,
1HVJ,diffdock,scored,0.64541,gnina v1.3.3 master:6fe1ce2   Built Jun 30 2026.,static_crystal_polymer,,
1HVK,equibind,scored,0.0026,gnina v1.3.3 master:6fe1ce2   Built Jun 30 2026.,static_crystal_polymer,,
1HVK,diffdock,scored,0.47242,gnina v1.3.3 master:6fe1ce2   Built Jun 30 2026.,static_crystal_polymer,,
1HXB,equibind,scored,1e-05,gnina v1.3.3 master:6fe1ce2   Built Jun 30 2026.,static_crystal_polymer,,
1HXB,diffdock,scored,0.55842,gnina v1.3.3 master:6fe1ce2   Built Jun 30 2026.,static_crystal_polymer,,
1HOS,equibind,scored,0.12085,gnina v1.3.3 master:6fe1ce2   Built Jun 30 2026.,static_crystal_polymer,,
1HOS,diffdock,scored,0.62916,gnina v1.3.3 master:6fe1ce2   Built Jun 30 2026.,static_crystal_polymer,,
1GU1,equibind,scored,0.85641,gnina v1.3.3 master:6fe1ce2   Built Jun 30 2026.,static_crystal_polymer,,
1GU1,diffdock,scored,0.75903,gnina v1.3.3 master:6fe1ce2   Built Jun 30 2026.,static_crystal_polymer,,
1HTY,equibind,scored,0.65427,gnina v1.3.3 master:6fe1ce2   Built Jun 30 2026.,static_crystal_polymer,,
1HTY,diffdock,scored,0.15546,gnina v1.3.3 master:6fe1ce2   Built Jun 30 2026.,static_crystal_polymer,,
1HXW,equibind,scored,0.01327,gnina v1.3.3 master:6fe1ce2   Built Jun 30 2026.,static_crystal_polymer,,
1HXW,diffdock,scored,0.28359,gnina v1.3.3 master:6fe1ce2   Built Jun 30 2026.,static_crystal_polymer,,
1BWN,equibind,scored,0.05922,gnina v1.3.3 master:6fe1ce2   Built Jun 30 2026.,static_crystal_polymer,,
1BWN,diffdock,scored,0.36253,gnina v1.3.3 master:6fe1ce2   Built Jun 30 2026.,static_crystal_polymer,,
1HWW,equibind,scored,0.05437,gnina v1.3.3 master:6fe1ce2   Built Jun 30 2026.,static_crystal_polymer,,
1HWW,diffdock,scored,0.81833,gnina v1.3.3 master:6fe1ce2   Built Jun 30 2026.,static_crystal_polymer,,
1I1E,equibind,scored,1e-05,gnina v1.3.3 master:6fe1ce2   Built Jun 30 2026.,static_crystal_polymer,,
1I37,equibind,scored,0.6866,gnina v1.3.3 master:6fe1ce2   Built Jun 30 2026.,static_crystal_polymer,,
1I37,diffdock,scored,0.93994,gnina v1.3.3 master:6fe1ce2   Built Jun 30 2026.,static_crystal_polymer,,
1I2S,equibind,scored,0.24552,gnina v1.3.3 master:6fe1ce2   Built Jun 30 2026.,static_crystal_polymer,,
1I2S,diffdock,scored,0.75571,gnina v1.3.3 master:6fe1ce2   Built Jun 30 2026.,static_crystal_polymer,,
1I5R,equibind,scored,1e-05,gnina v1.3.3 master:6fe1ce2   Built Jun 30 2026.,static_crystal_polymer,,
1I5R,diffdock,scored,0.70603,gnina v1.3.3 master:6fe1ce2   Built Jun 30 2026.,static_crystal_polymer,,
1HYO,equibind,scored,0.06018,gnina v1.3.3 master:6fe1ce2   Built Jun 30 2026.,static_crystal_polymer,,
1HYO,diffdock,scored,0.71092,gnina v1.3.3 master:6fe1ce2   Built Jun 30 2026.,static_crystal_polymer,,
1HXK,equibind,scored,0.00909,gnina v1.3.3 master:6fe1ce2   Built Jun 30 2026.,static_crystal_polymer,,
1HXK,diffdock,scored,0.75576,gnina v1.3.3 master:6fe1ce2   Built Jun 30 2026.,static_crystal_polymer,,
1I8Z,equibind,scored,0.3437,gnina v1.3.3 master:6fe1ce2   Built Jun 30 2026.,static_crystal_polymer,,
1I8Z,diffdock,scored,0.62665,gnina v1.3.3 master:6fe1ce2   Built Jun 30 2026.,static_crystal_polymer,,
1I7I,equibind,scored,1e-05,gnina v1.3.3 master:6fe1ce2   Built Jun 30 2026.,static_crystal_polymer,,
1I7I,diffdock,scored,0.79229,gnina v1.3.3 master:6fe1ce2   Built Jun 30 2026.,static_crystal_polymer,,
1HV5,equibind,scored,0.0086,gnina v1.3.3 master:6fe1ce2   Built Jun 30 2026.,static_crystal_polymer,,
1HV5,diffdock,scored,0.36083,gnina v1.3.3 master:6fe1ce2   Built Jun 30 2026.,static_crystal_polymer,,
1I80,equibind,scored,0.00288,gnina v1.3.3 master:6fe1ce2   Built Jun 30 2026.,static_crystal_polymer,,
1I80,diffdock,scored,0.61579,gnina v1.3.3 master:6fe1ce2   Built Jun 30 2026.,static_crystal_polymer,,
1I7Z,equibind,scored,0.01646,gnina v1.3.3 master:6fe1ce2   Built Jun 30 2026.,static_crystal_polymer,,
1I7Z,diffdock,scored,0.60799,gnina v1.3.3 master:6fe1ce2   Built Jun 30 2026.,static_crystal_polymer,,
1I90,equibind,scored,0.35051,gnina v1.3.3 master:6fe1ce2   Built Jun 30 2026.,static_crystal_polymer,,
1I90,diffdock,scored,0.63832,gnina v1.3.3 master:6fe1ce2   Built Jun 30 2026.,static_crystal_polymer,,
1I8J,equibind,scored,0.01031,gnina v1.3.3 master:6fe1ce2   Built Jun 30 2026.,static_crystal_polymer,,
1I8J,diffdock,scored,0.2031,gnina v1.3.3 master:6fe1ce2   Built Jun 30 2026.,static_crystal_polymer,,
1I9N,equibind,scored,0.74345,gnina v1.3.3 master:6fe1ce2   Built Jun 30 2026.,static_crystal_polymer,,
1I9N,diffdock,scored,0.79557,gnina v1.3.3 master:6fe1ce2   Built Jun 30 2026.,static_crystal_polymer,,
1I91,equibind,scored,0.44229,gnina v1.3.3 master:6fe1ce2   Built Jun 30 2026.,static_crystal_polymer,,
1I91,diffdock,scored,0.34545,gnina v1.3.3 master:6fe1ce2   Built Jun 30 2026.,static_crystal_polymer,,
1I9L,equibind,scored,0.84135,gnina v1.3.3 master:6fe1ce2   Built Jun 30 2026.,static_crystal_polymer,,
1I9L,diffdock,scored,0.91524,gnina v1.3.3 master:6fe1ce2   Built Jun 30 2026.,static_crystal_polymer,,
1I9O,equibind,scored,0.55216,gnina v1.3.3 master:6fe1ce2   Built Jun 30 2026.,static_crystal_polymer,,
1I9O,diffdock,scored,0.93166,gnina v1.3.3 master:6fe1ce2   Built Jun 30 2026.,static_crystal_polymer,,
1I9P,equibind,scored,0.23448,gnina v1.3.3 master:6fe1ce2   Built Jun 30 2026.,static_crystal_polymer,,
1I9P,diffdock,scored,0.92928,gnina v1.3.3 master:6fe1ce2   Built Jun 30 2026.,static_crystal_polymer,,
1I6V,equibind,scored,2e-05,gnina v1.3.3 master:6fe1ce2   Built Jun 30 2026.,static_crystal_polymer,,
1I9Q,equibind,scored,0.46484,gnina v1.3.3 master:6fe1ce2   Built Jun 30 2026.,static_crystal_polymer,,
1I9Q,diffdock,scored,0.90632,gnina v1.3.3 master:6fe1ce2   Built Jun 30 2026.,static_crystal_polymer,,
1IE9,equibind,scored,0.1339,gnina v1.3.3 master:6fe1ce2   Built Jun 30 2026.,static_crystal_polymer,,
1IE9,diffdock,scored,0.64439,gnina v1.3.3 master:6fe1ce2   Built Jun 30 2026.,static_crystal_polymer,,
1IBG,equibind,scored,4e-05,gnina v1.3.3 master:6fe1ce2   Built Jun 30 2026.,static_crystal_polymer,,
1IBG,diffdock,scored,0.01706,gnina v1.3.3 master:6fe1ce2   Built Jun 30 2026.,static_crystal_polymer,,
1IDA,equibind,scored,0.0,gnina v1.3.3 master:6fe1ce2   Built Jun 30 2026.,static_crystal_polymer,,
1IDA,diffdock,scored,0.73047,gnina v1.3.3 master:6fe1ce2   Built Jun 30 2026.,static_crystal_polymer,,
1ICJ,equibind,scored,4e-05,gnina v1.3.3 master:6fe1ce2   Built Jun 30 2026.,static_crystal_polymer,,
1ICJ,diffdock,scored,0.25339,gnina v1.3.3 master:6fe1ce2   Built Jun 30 2026.,static_crystal_polymer,,
1IEW,equibind,scored,0.53408,gnina v1.3.3 master:6fe1ce2   Built Jun 30 2026.,static_crystal_polymer,,
1IEW,diffdock,scored,0.72021,gnina v1.3.3 master:6fe1ce2   Built Jun 30 2026.,static_crystal_polymer,,
1IF7,equibind,scored,0.02682,gnina v1.3.3 master:6fe1ce2   Built Jun 30 2026.,static_crystal_polymer,,
1IF7,diffdock,scored,0.92569,gnina v1.3.3 master:6fe1ce2   Built Jun 30 2026.,static_crystal_polymer,,
1IDB,equibind,scored,2e-05,gnina v1.3.3 master:6fe1ce2   Built Jun 30 2026.,static_crystal_polymer,,
1IDB,diffdock,scored,0.65433,gnina v1.3.3 master:6fe1ce2   Built Jun 30 2026.,static_crystal_polymer,,
1IEM,equibind,scored,0.13168,gnina v1.3.3 master:6fe1ce2   Built Jun 30 2026.,static_crystal_polymer,,
1IEM,diffdock,scored,0.28261,gnina v1.3.3 master:6fe1ce2   Built Jun 30 2026.,static_crystal_polymer,,
1IEP,equibind,scored,0.00491,gnina v1.3.3 master:6fe1ce2   Built Jun 30 2026.,static_crystal_polymer,,
1IEP,diffdock,scored,0.79013,gnina v1.3.3 master:6fe1ce2   Built Jun 30 2026.,static_crystal_polymer,,
1II5,equibind,scored,0.61416,gnina v1.3.3 master:6fe1ce2   Built Jun 30 2026.,static_crystal_polymer,,
1II5,diffdock,scored,0.30277,gnina v1.3.3 master:6fe1ce2   Built Jun 30 2026.,static_crystal_polymer,,
1IGB,equibind,scored,0.34501,gnina v1.3.3 master:6fe1ce2   Built Jun 30 2026.,static_crystal_polymer,,
1IGB,diffdock,scored,0.90561,gnina v1.3.3 master:6fe1ce2   Built Jun 30 2026.,static_crystal_polymer,,
1IIG,equibind,scored,0.01154,gnina v1.3.3 master:6fe1ce2   Built Jun 30 2026.,static_crystal_polymer,,
1IIG,diffdock,scored,0.96383,gnina v1.3.3 master:6fe1ce2   Built Jun 30 2026.,static_crystal_polymer,,
1IJR,equibind,scored,0.00412,gnina v1.3.3 master:6fe1ce2   Built Jun 30 2026.,static_crystal_polymer,,
1IJR,diffdock,scored,0.28526,gnina v1.3.3 master:6fe1ce2   Built Jun 30 2026.,static_crystal_polymer,,
1IKT,equibind,scored,0.00016,gnina v1.3.3 master:6fe1ce2   Built Jun 30 2026.,static_crystal_polymer,,
1IKT,diffdock,scored,0.78371,gnina v1.3.3 master:6fe1ce2   Built Jun 30 2026.,static_crystal_polymer,,
1IIH,equibind,scored,0.38251,gnina v1.3.3 master:6fe1ce2   Built Jun 30 2026.,static_crystal_polymer,,
1IIH,diffdock,scored,0.95843,gnina v1.3.3 master:6fe1ce2   Built Jun 30 2026.,static_crystal_polymer,,
1IGJ,equibind,scored,0.00137,gnina v1.3.3 master:6fe1ce2   Built Jun 30 2026.,static_crystal_polymer,,
1IGJ,diffdock,scored,0.76933,gnina v1.3.3 master:6fe1ce2   Built Jun 30 2026.,static_crystal_polymer,,
1IIQ,equibind,scored,0.0005,gnina v1.3.3 master:6fe1ce2   Built Jun 30 2026.,static_crystal_polymer,,
1IIQ,diffdock,scored,0.70069,gnina v1.3.3 master:6fe1ce2   Built Jun 30 2026.,static_crystal_polymer,,
1IL4,equibind,scored,0.77212,gnina v1.3.3 master:6fe1ce2   Built Jun 30 2026.,static_crystal_polymer,,
1IL4,diffdock,scored,0.97748,gnina v1.3.3 master:6fe1ce2   Built Jun 30 2026.,static_crystal_polymer,,
1IL3,equibind,scored,0.76867,gnina v1.3.3 master:6fe1ce2   Built Jun 30 2026.,static_crystal_polymer,,
1IL3,diffdock,scored,0.97914,gnina v1.3.3 master:6fe1ce2   Built Jun 30 2026.,static_crystal_polymer,,
1IL9,equibind,scored,0.23709,gnina v1.3.3 master:6fe1ce2   Built Jun 30 2026.,static_crystal_polymer,,
1IL9,diffdock,scored,0.08322,gnina v1.3.3 master:6fe1ce2   Built Jun 30 2026.,static_crystal_polymer,,
1IMX,equibind,scored,0.00034,gnina v1.3.3 master:6fe1ce2   Built Jun 30 2026.,static_crystal_polymer,,
1IMX,diffdock,scored,0.81089,gnina v1.3.3 master:6fe1ce2   Built Jun 30 2026.,static_crystal_polymer,,
1IKX,equibind,scored,0.36862,gnina v1.3.3 master:6fe1ce2   Built Jun 30 2026.,static_crystal_polymer,,
1IKX,diffdock,scored,0.71132,gnina v1.3.3 master:6fe1ce2   Built Jun 30 2026.,static_crystal_polymer,,
1IUP,equibind,scored,0.46816,gnina v1.3.3 master:6fe1ce2   Built Jun 30 2026.,static_crystal_polymer,,
1IUP,diffdock,scored,0.77483,gnina v1.3.3 master:6fe1ce2   Built Jun 30 2026.,static_crystal_polymer,,
1IKY,equibind,scored,0.22709,gnina v1.3.3 master:6fe1ce2   Built Jun 30 2026.,static_crystal_polymer,,
1IKY,diffdock,scored,0.63857,gnina v1.3.3 master:6fe1ce2   Built Jun 30 2026.,static_crystal_polymer,,
1IVP,equibind,scored,0.0,gnina v1.3.3 master:6fe1ce2   Built Jun 30 2026.,static_crystal_polymer,,
1IVP,diffdock,scored,0.63469,gnina v1.3.3 master:6fe1ce2   Built Jun 30 2026.,static_crystal_polymer,,
1INH,equibind,scored,0.59238,gnina v1.3.3 master:6fe1ce2   Built Jun 30 2026.,static_crystal_polymer,,
1INH,diffdock,scored,0.81214,gnina v1.3.3 master:6fe1ce2   Built Jun 30 2026.,static_crystal_polymer,,
1ING,equibind,scored,0.04557,gnina v1.3.3 master:6fe1ce2   Built Jun 30 2026.,static_crystal_polymer,,
1ING,diffdock,scored,0.77787,gnina v1.3.3 master:6fe1ce2   Built Jun 30 2026.,static_crystal_polymer,,
1IY7,equibind,scored,0.04261,gnina v1.3.3 master:6fe1ce2   Built Jun 30 2026.,static_crystal_polymer,,
1IY7,diffdock,scored,0.92385,gnina v1.3.3 master:6fe1ce2   Built Jun 30 2026.,static_crystal_polymer,,
1J01,equibind,scored,0.17866,gnina v1.3.3 master:6fe1ce2   Built Jun 30 2026.,static_crystal_polymer,,
1J01,diffdock,scored,0.50914,gnina v1.3.3 master:6fe1ce2   Built Jun 30 2026.,static_crystal_polymer,,
1J17,equibind,scored,0.18284,gnina v1.3.3 master:6fe1ce2   Built Jun 30 2026.,static_crystal_polymer,,
1J17,diffdock,scored,0.65853,gnina v1.3.3 master:6fe1ce2   Built Jun 30 2026.,static_crystal_polymer,,
1JGL,equibind,scored,0.00489,gnina v1.3.3 master:6fe1ce2   Built Jun 30 2026.,static_crystal_polymer,,
1JGL,diffdock,scored,0.67727,gnina v1.3.3 master:6fe1ce2   Built Jun 30 2026.,static_crystal_polymer,,
1JIL,equibind,scored,0.00549,gnina v1.3.3 master:6fe1ce2   Built Jun 30 2026.,static_crystal_polymer,,
1JIL,diffdock,scored,0.80808,gnina v1.3.3 master:6fe1ce2   Built Jun 30 2026.,static_crystal_polymer,,
1JH1,equibind,scored,0.48871,gnina v1.3.3 master:6fe1ce2   Built Jun 30 2026.,static_crystal_polymer,,
1JH1,diffdock,scored,0.55045,gnina v1.3.3 master:6fe1ce2   Built Jun 30 2026.,static_crystal_polymer,,
1JJ9,equibind,scored,0.00365,gnina v1.3.3 master:6fe1ce2   Built Jun 30 2026.,static_crystal_polymer,,
1JJ9,diffdock,scored,0.63467,gnina v1.3.3 master:6fe1ce2   Built Jun 30 2026.,static_crystal_polymer,,
1J5I,equibind,scored,0.01237,gnina v1.3.3 master:6fe1ce2   Built Jun 30 2026.,static_crystal_polymer,,
1J5I,diffdock,scored,0.61352,gnina v1.3.3 master:6fe1ce2   Built Jun 30 2026.,static_crystal_polymer,,
1JAQ,equibind,scored,0.01208,gnina v1.3.3 master:6fe1ce2   Built Jun 30 2026.,static_crystal_polymer,,
1JAQ,diffdock,scored,0.41188,gnina v1.3.3 master:6fe1ce2   Built Jun 30 2026.,static_crystal_polymer,,
1JD0,equibind,scored,0.25683,gnina v1.3.3 master:6fe1ce2   Built Jun 30 2026.,static_crystal_polymer,,
1JD0,diffdock,scored,0.93867,gnina v1.3.3 master:6fe1ce2   Built Jun 30 2026.,static_crystal_polymer,,
1JAO,equibind,scored,0.00517,gnina v1.3.3 master:6fe1ce2   Built Jun 30 2026.,static_crystal_polymer,,
1JAO,diffdock,scored,0.77592,gnina v1.3.3 master:6fe1ce2   Built Jun 30 2026.,static_crystal_polymer,,
1JII,equibind,scored,0.00194,gnina v1.3.3 master:6fe1ce2   Built Jun 30 2026.,static_crystal_polymer,,
1JII,diffdock,scored,0.70357,gnina v1.3.3 master:6fe1ce2   Built Jun 30 2026.,static_crystal_polymer,,
1JIJ,equibind,scored,0.00083,gnina v1.3.3 master:6fe1ce2   Built Jun 30 2026.,static_crystal_polymer,,
1JIJ,diffdock,scored,0.52276,gnina v1.3.3 master:6fe1ce2   Built Jun 30 2026.,static_crystal_polymer,,
1JCX,equibind,scored,0.00229,gnina v1.3.3 master:6fe1ce2   Built Jun 30 2026.,static_crystal_polymer,,
1JCX,diffdock,scored,0.55087,gnina v1.3.3 master:6fe1ce2   Built Jun 30 2026.,static_crystal_polymer,,
1JMF,equibind,scored,0.17794,gnina v1.3.3 master:6fe1ce2   Built Jun 30 2026.,static_crystal_polymer,,
1JMF,diffdock,scored,0.85518,gnina v1.3.3 master:6fe1ce2   Built Jun 30 2026.,static_crystal_polymer,,
1JAK,equibind,scored,0.48871,gnina v1.3.3 master:6fe1ce2   Built Jun 30 2026.,static_crystal_polymer,,
1JAK,diffdock,scored,0.9246,gnina v1.3.3 master:6fe1ce2   Built Jun 30 2026.,static_crystal_polymer,,
1IT6,equibind,scored,0.00533,gnina v1.3.3 master:6fe1ce2   Built Jun 30 2026.,static_crystal_polymer,,
1IT6,diffdock,scored,0.55818,gnina v1.3.3 master:6fe1ce2   Built Jun 30 2026.,static_crystal_polymer,,
1JIK,equibind,scored,0.01303,gnina v1.3.3 master:6fe1ce2   Built Jun 30 2026.,static_crystal_polymer,,
1JIK,diffdock,scored,0.70907,gnina v1.3.3 master:6fe1ce2   Built Jun 30 2026.,static_crystal_polymer,,
1JK7,equibind,scored,0.08146,gnina v1.3.3 master:6fe1ce2   Built Jun 30 2026.,static_crystal_polymer,,
1JK7,diffdock,scored,0.71223,gnina v1.3.3 master:6fe1ce2   Built Jun 30 2026.,static_crystal_polymer,,
1JJT,equibind,scored,0.005,gnina v1.3.3 master:6fe1ce2   Built Jun 30 2026.,static_crystal_polymer,,
1JJT,diffdock,scored,0.98582,gnina v1.3.3 master:6fe1ce2   Built Jun 30 2026.,static_crystal_polymer,,
1JLD,equibind,scored,0.00056,gnina v1.3.3 master:6fe1ce2   Built Jun 30 2026.,static_crystal_polymer,,
1JLD,diffdock,scored,0.8295,gnina v1.3.3 master:6fe1ce2   Built Jun 30 2026.,static_crystal_polymer,,
1JMI,equibind,scored,0.09277,gnina v1.3.3 master:6fe1ce2   Built Jun 30 2026.,static_crystal_polymer,,
1JMI,diffdock,scored,0.45134,gnina v1.3.3 master:6fe1ce2   Built Jun 30 2026.,static_crystal_polymer,,
1JMG,equibind,scored,0.12891,gnina v1.3.3 master:6fe1ce2   Built Jun 30 2026.,static_crystal_polymer,,
1JMG,diffdock,scored,0.31598,gnina v1.3.3 master:6fe1ce2   Built Jun 30 2026.,static_crystal_polymer,,
1JT1,equibind,scored,0.59949,gnina v1.3.3 master:6fe1ce2   Built Jun 30 2026.,static_crystal_polymer,,
1JT1,diffdock,scored,0.49016,gnina v1.3.3 master:6fe1ce2   Built Jun 30 2026.,static_crystal_polymer,,
1JOC,equibind,scored,0.20266,gnina v1.3.3 master:6fe1ce2   Built Jun 30 2026.,static_crystal_polymer,,
1JOC,diffdock,scored,0.60006,gnina v1.3.3 master:6fe1ce2   Built Jun 30 2026.,static_crystal_polymer,,
1ILH,equibind,scored,0.5359,gnina v1.3.3 master:6fe1ce2   Built Jun 30 2026.,static_crystal_polymer,,
1ILH,diffdock,scored,0.14983,gnina v1.3.3 master:6fe1ce2   Built Jun 30 2026.,static_crystal_polymer,,
1JR1,equibind,scored,0.00153,gnina v1.3.3 master:6fe1ce2   Built Jun 30 2026.,static_crystal_polymer,,
1JR1,diffdock,scored,0.57644,gnina v1.3.3 master:6fe1ce2   Built Jun 30 2026.,static_crystal_polymer,,
1JN2,equibind,scored,0.00044,gnina v1.3.3 master:6fe1ce2   Built Jun 30 2026.,static_crystal_polymer,,
1JN2,diffdock,scored,0.22736,gnina v1.3.3 master:6fe1ce2   Built Jun 30 2026.,static_crystal_polymer,,
1I48,equibind,scored,0.06296,gnina v1.3.3 master:6fe1ce2   Built Jun 30 2026.,static_crystal_polymer,,
1JVP,equibind,scored,0.35804,gnina v1.3.3 master:6fe1ce2   Built Jun 30 2026.,static_crystal_polymer,,
1JVP,diffdock,scored,0.30141,gnina v1.3.3 master:6fe1ce2   Built Jun 30 2026.,static_crystal_polymer,,
1JVU,equibind,scored,0.0002,gnina v1.3.3 master:6fe1ce2   Built Jun 30 2026.,static_crystal_polymer,,
1JVU,diffdock,scored,0.80915,gnina v1.3.3 master:6fe1ce2   Built Jun 30 2026.,static_crystal_polymer,,
1I43,equibind,scored,0.36369,gnina v1.3.3 master:6fe1ce2   Built Jun 30 2026.,static_crystal_polymer,,
1JUY,equibind,scored,0.00265,gnina v1.3.3 master:6fe1ce2   Built Jun 30 2026.,static_crystal_polymer,,
1JUY,diffdock,scored,0.72736,gnina v1.3.3 master:6fe1ce2   Built Jun 30 2026.,static_crystal_polymer,,
1JUT,equibind,scored,1e-05,gnina v1.3.3 master:6fe1ce2   Built Jun 30 2026.,static_crystal_polymer,,
1JUT,diffdock,scored,0.51712,gnina v1.3.3 master:6fe1ce2   Built Jun 30 2026.,static_crystal_polymer,,
1K1O,equibind,scored,0.15873,gnina v1.3.3 master:6fe1ce2   Built Jun 30 2026.,static_crystal_polymer,,
1K1O,diffdock,scored,0.54952,gnina v1.3.3 master:6fe1ce2   Built Jun 30 2026.,static_crystal_polymer,,
1I41,equibind,scored,0.54806,gnina v1.3.3 master:6fe1ce2   Built Jun 30 2026.,static_crystal_polymer,,
1K2I,equibind,scored,0.37953,gnina v1.3.3 master:6fe1ce2   Built Jun 30 2026.,static_crystal_polymer,,
1K2I,diffdock,scored,0.62341,gnina v1.3.3 master:6fe1ce2   Built Jun 30 2026.,static_crystal_polymer,,
1K4H,equibind,scored,0.45998,gnina v1.3.3 master:6fe1ce2   Built Jun 30 2026.,static_crystal_polymer,,
1K4H,diffdock,scored,0.85415,gnina v1.3.3 master:6fe1ce2   Built Jun 30 2026.,static_crystal_polymer,,
1K4G,equibind,scored,0.41141,gnina v1.3.3 master:6fe1ce2   Built Jun 30 2026.,static_crystal_polymer,,
1K4G,diffdock,scored,0.83226,gnina v1.3.3 master:6fe1ce2   Built Jun 30 2026.,static_crystal_polymer,,
1JZS,equibind,scored,0.00393,gnina v1.3.3 master:6fe1ce2   Built Jun 30 2026.,static_crystal_polymer,,
1JZS,diffdock,scored,0.63581,gnina v1.3.3 master:6fe1ce2   Built Jun 30 2026.,static_crystal_polymer,,
1KDK,equibind,scored,0.09811,gnina v1.3.3 master:6fe1ce2   Built Jun 30 2026.,static_crystal_polymer,,
1KDK,diffdock,scored,0.98363,gnina v1.3.3 master:6fe1ce2   Built Jun 30 2026.,static_crystal_polymer,,
1KM3,equibind,scored,0.07116,gnina v1.3.3 master:6fe1ce2   Built Jun 30 2026.,static_crystal_polymer,,
1KM3,diffdock,scored,0.42193,gnina v1.3.3 master:6fe1ce2   Built Jun 30 2026.,static_crystal_polymer,,
1KF0,equibind,scored,0.15051,gnina v1.3.3 master:6fe1ce2   Built Jun 30 2026.,static_crystal_polymer,,
1KF0,diffdock,scored,0.4981,gnina v1.3.3 master:6fe1ce2   Built Jun 30 2026.,static_crystal_polymer,,
1JUJ,equibind,scored,0.0062,gnina v1.3.3 master:6fe1ce2   Built Jun 30 2026.,static_crystal_polymer,,
1JUJ,diffdock,scored,0.56392,gnina v1.3.3 master:6fe1ce2   Built Jun 30 2026.,static_crystal_polymer,,
1KC7,equibind,scored,0.09464,gnina v1.3.3 master:6fe1ce2   Built Jun 30 2026.,static_crystal_polymer,,
1KC7,diffdock,scored,0.91656,gnina v1.3.3 master:6fe1ce2   Built Jun 30 2026.,static_crystal_polymer,,
1KMV,equibind,scored,0.01078,gnina v1.3.3 master:6fe1ce2   Built Jun 30 2026.,static_crystal_polymer,,
1KMV,diffdock,scored,0.51528,gnina v1.3.3 master:6fe1ce2   Built Jun 30 2026.,static_crystal_polymer,,
1KDW,equibind,scored,0.29411,gnina v1.3.3 master:6fe1ce2   Built Jun 30 2026.,static_crystal_polymer,,
1KDW,diffdock,scored,0.21524,gnina v1.3.3 master:6fe1ce2   Built Jun 30 2026.,static_crystal_polymer,,
1KMY,equibind,scored,0.01756,gnina v1.3.3 master:6fe1ce2   Built Jun 30 2026.,static_crystal_polymer,,
1KMY,diffdock,scored,0.84438,gnina v1.3.3 master:6fe1ce2   Built Jun 30 2026.,static_crystal_polymer,,
1KPM,equibind,scored,4e-05,gnina v1.3.3 master:6fe1ce2   Built Jun 30 2026.,static_crystal_polymer,,
1KPM,diffdock,scored,0.42917,gnina v1.3.3 master:6fe1ce2   Built Jun 30 2026.,static_crystal_polymer,,
1KR3,equibind,scored,0.01136,gnina v1.3.3 master:6fe1ce2   Built Jun 30 2026.,static_crystal_polymer,,
1KR3,diffdock,scored,0.47135,gnina v1.3.3 master:6fe1ce2   Built Jun 30 2026.,static_crystal_polymer,,
1KV1,equibind,scored,0.5439,gnina v1.3.3 master:6fe1ce2   Built Jun 30 2026.,static_crystal_polymer,,
1KV1,diffdock,scored,0.86033,gnina v1.3.3 master:6fe1ce2   Built Jun 30 2026.,static_crystal_polymer,,
1KTI,equibind,scored,0.70259,gnina v1.3.3 master:6fe1ce2   Built Jun 30 2026.,static_crystal_polymer,,
1KTI,diffdock,scored,0.58464,gnina v1.3.3 master:6fe1ce2   Built Jun 30 2026.,static_crystal_polymer,,
1IK4,equibind,scored,0.46396,gnina v1.3.3 master:6fe1ce2   Built Jun 30 2026.,static_crystal_polymer,,
1IK4,diffdock,scored,0.81167,gnina v1.3.3 master:6fe1ce2   Built Jun 30 2026.,static_crystal_polymer,,
1K3T,equibind,scored,0.0041,gnina v1.3.3 master:6fe1ce2   Built Jun 30 2026.,static_crystal_polymer,,
1K3T,diffdock,scored,0.432,gnina v1.3.3 master:6fe1ce2   Built Jun 30 2026.,static_crystal_polymer,,
1KV2,equibind,scored,0.11184,gnina v1.3.3 master:6fe1ce2   Built Jun 30 2026.,static_crystal_polymer,,
1KV2,diffdock,scored,0.71437,gnina v1.3.3 master:6fe1ce2   Built Jun 30 2026.,static_crystal_polymer,,
1KQB,equibind,scored,0.00364,gnina v1.3.3 master:6fe1ce2   Built Jun 30 2026.,static_crystal_polymer,,
1KQB,diffdock,scored,0.82102,gnina v1.3.3 master:6fe1ce2   Built Jun 30 2026.,static_crystal_polymer,,
1KZK,equibind,scored,0.02289,gnina v1.3.3 master:6fe1ce2   Built Jun 30 2026.,static_crystal_polymer,,
1KZK,diffdock,scored,0.81493,gnina v1.3.3 master:6fe1ce2   Built Jun 30 2026.,static_crystal_polymer,,
1KV5,equibind,scored,0.00733,gnina v1.3.3 master:6fe1ce2   Built Jun 30 2026.,static_crystal_polymer,,
1KV5,diffdock,scored,0.97334,gnina v1.3.3 master:6fe1ce2   Built Jun 30 2026.,static_crystal_polymer,,
1KOJ,equibind,scored,0.08083,gnina v1.3.3 master:6fe1ce2   Built Jun 30 2026.,static_crystal_polymer,,
1KOJ,diffdock,scored,0.79163,gnina v1.3.3 master:6fe1ce2   Built Jun 30 2026.,static_crystal_polymer,,
1KZ8,equibind,scored,0.00021,gnina v1.3.3 master:6fe1ce2   Built Jun 30 2026.,static_crystal_polymer,,
1KZ8,diffdock,scored,0.31352,gnina v1.3.3 master:6fe1ce2   Built Jun 30 2026.,static_crystal_polymer,,
1L83,equibind,scored,0.27947,gnina v1.3.3 master:6fe1ce2   Built Jun 30 2026.,static_crystal_polymer,,
1L83,diffdock,scored,0.86654,gnina v1.3.3 master:6fe1ce2   Built Jun 30 2026.,static_crystal_polymer,,
1L8G,equibind,scored,0.09275,gnina v1.3.3 master:6fe1ce2   Built Jun 30 2026.,static_crystal_polymer,,
1L8G,diffdock,scored,0.8607,gnina v1.3.3 master:6fe1ce2   Built Jun 30 2026.,static_crystal_polymer,,
1L2S,equibind,scored,0.00094,gnina v1.3.3 master:6fe1ce2   Built Jun 30 2026.,static_crystal_polymer,,
1L2S,diffdock,scored,0.43032,gnina v1.3.3 master:6fe1ce2   Built Jun 30 2026.,static_crystal_polymer,,
1L6S,equibind,scored,0.06358,gnina v1.3.3 master:6fe1ce2   Built Jun 30 2026.,static_crystal_polymer,,
1L6S,diffdock,scored,0.11635,gnina v1.3.3 master:6fe1ce2   Built Jun 30 2026.,static_crystal_polymer,,
1LAF,equibind,scored,0.03045,gnina v1.3.3 master:6fe1ce2   Built Jun 30 2026.,static_crystal_polymer,,
1LAF,diffdock,scored,0.45533,gnina v1.3.3 master:6fe1ce2   Built Jun 30 2026.,static_crystal_polymer,,
1LBF,equibind,scored,0.00505,gnina v1.3.3 master:6fe1ce2   Built Jun 30 2026.,static_crystal_polymer,,
1LBF,diffdock,scored,0.45819,gnina v1.3.3 master:6fe1ce2   Built Jun 30 2026.,static_crystal_polymer,,
1LAH,equibind,scored,0.05091,gnina v1.3.3 master:6fe1ce2   Built Jun 30 2026.,static_crystal_polymer,,
1LAH,diffdock,scored,0.96345,gnina v1.3.3 master:6fe1ce2   Built Jun 30 2026.,static_crystal_polymer,,
1LAN,equibind,scored,0.01167,gnina v1.3.3 master:6fe1ce2   Built Jun 30 2026.,static_crystal_polymer,,
1LAN,diffdock,scored,0.69719,gnina v1.3.3 master:6fe1ce2   Built Jun 30 2026.,static_crystal_polymer,,
1JLR,equibind,scored,0.00267,gnina v1.3.3 master:6fe1ce2   Built Jun 30 2026.,static_crystal_polymer,,
1JLR,diffdock,scored,0.22888,gnina v1.3.3 master:6fe1ce2   Built Jun 30 2026.,static_crystal_polymer,,
1LBK,equibind,scored,0.33905,gnina v1.3.3 master:6fe1ce2   Built Jun 30 2026.,static_crystal_polymer,,
1LBK,diffdock,scored,0.86319,gnina v1.3.3 master:6fe1ce2   Built Jun 30 2026.,static_crystal_polymer,,
1KYV,equibind,scored,2e-05,gnina v1.3.3 master:6fe1ce2   Built Jun 30 2026.,static_crystal_polymer,,
1KYV,diffdock,scored,0.95195,gnina v1.3.3 master:6fe1ce2   Built Jun 30 2026.,static_crystal_polymer,,
1L5R,equibind,scored,4e-05,gnina v1.3.3 master:6fe1ce2   Built Jun 30 2026.,static_crystal_polymer,,
1L5R,diffdock,scored,0.3907,gnina v1.3.3 master:6fe1ce2   Built Jun 30 2026.,static_crystal_polymer,,
1LFO,equibind,scored,0.04816,gnina v1.3.3 master:6fe1ce2   Built Jun 30 2026.,static_crystal_polymer,,
1LFO,diffdock,scored,0.5578,gnina v1.3.3 master:6fe1ce2   Built Jun 30 2026.,static_crystal_polymer,,
1LGT,equibind,scored,0.01705,gnina v1.3.3 master:6fe1ce2   Built Jun 30 2026.,static_crystal_polymer,,
1LGT,diffdock,scored,0.95933,gnina v1.3.3 master:6fe1ce2   Built Jun 30 2026.,static_crystal_polymer,,
1LGW,equibind,scored,0.00395,gnina v1.3.3 master:6fe1ce2   Built Jun 30 2026.,static_crystal_polymer,,
1LGW,diffdock,scored,0.50747,gnina v1.3.3 master:6fe1ce2   Built Jun 30 2026.,static_crystal_polymer,,
1L5S,equibind,scored,0.00321,gnina v1.3.3 master:6fe1ce2   Built Jun 30 2026.,static_crystal_polymer,,
1L5S,diffdock,scored,0.76301,gnina v1.3.3 master:6fe1ce2   Built Jun 30 2026.,static_crystal_polymer,,
1LEE,equibind,scored,0.00023,gnina v1.3.3 master:6fe1ce2   Built Jun 30 2026.,static_crystal_polymer,,
1LEE,diffdock,scored,0.88236,gnina v1.3.3 master:6fe1ce2   Built Jun 30 2026.,static_crystal_polymer,,
1LD7,equibind,scored,0.25507,gnina v1.3.3 master:6fe1ce2   Built Jun 30 2026.,static_crystal_polymer,,
1LD7,diffdock,scored,0.32005,gnina v1.3.3 master:6fe1ce2   Built Jun 30 2026.,static_crystal_polymer,,
1LHD,equibind,scored,0.07746,gnina v1.3.3 master:6fe1ce2   Built Jun 30 2026.,static_crystal_polymer,,
1LHD,diffdock,scored,0.16001,gnina v1.3.3 master:6fe1ce2   Built Jun 30 2026.,static_crystal_polymer,,
1LHU,equibind,scored,0.11124,gnina v1.3.3 master:6fe1ce2   Built Jun 30 2026.,static_crystal_polymer,,
1LHU,diffdock,scored,0.78983,gnina v1.3.3 master:6fe1ce2   Built Jun 30 2026.,static_crystal_polymer,,
1LD8,equibind,scored,0.47421,gnina v1.3.3 master:6fe1ce2   Built Jun 30 2026.,static_crystal_polymer,,
1LD8,diffdock,scored,0.16799,gnina v1.3.3 master:6fe1ce2   Built Jun 30 2026.,static_crystal_polymer,,
1LHV,equibind,scored,0.13984,gnina v1.3.3 master:6fe1ce2   Built Jun 30 2026.,static_crystal_polymer,,
1LHV,diffdock,scored,0.50017,gnina v1.3.3 master:6fe1ce2   Built Jun 30 2026.,static_crystal_polymer,,
1LHG,equibind,scored,0.02007,gnina v1.3.3 master:6fe1ce2   Built Jun 30 2026.,static_crystal_polymer,,
1LHG,diffdock,scored,0.02145,gnina v1.3.3 master:6fe1ce2   Built Jun 30 2026.,static_crystal_polymer,,
1LHW,equibind,scored,0.00028,gnina v1.3.3 master:6fe1ce2   Built Jun 30 2026.,static_crystal_polymer,,
1LHW,diffdock,scored,0.70439,gnina v1.3.3 master:6fe1ce2   Built Jun 30 2026.,static_crystal_polymer,,
1LHF,equibind,scored,0.0002,gnina v1.3.3 master:6fe1ce2   Built Jun 30 2026.,static_crystal_polymer,,
1LHF,diffdock,scored,0.212,gnina v1.3.3 master:6fe1ce2   Built Jun 30 2026.,static_crystal_polymer,,
1LCP,equibind,scored,0.15574,gnina v1.3.3 master:6fe1ce2   Built Jun 30 2026.,static_crystal_polymer,,
1LCP,diffdock,scored,0.67951,gnina v1.3.3 master:6fe1ce2   Built Jun 30 2026.,static_crystal_polymer,,
1LI2,equibind,scored,0.51411,gnina v1.3.3 master:6fe1ce2   Built Jun 30 2026.,static_crystal_polymer,,
1LI2,diffdock,scored,0.89307,gnina v1.3.3 master:6fe1ce2   Built Jun 30 2026.,static_crystal_polymer,,
1LI3,equibind,scored,0.544,gnina v1.3.3 master:6fe1ce2   Built Jun 30 2026.,static_crystal_polymer,,
1LI3,diffdock,scored,0.74997,gnina v1.3.3 master:6fe1ce2   Built Jun 30 2026.,static_crystal_polymer,,
1LI6,equibind,scored,0.84884,gnina v1.3.3 master:6fe1ce2   Built Jun 30 2026.,static_crystal_polymer,,
1LI6,diffdock,scored,0.72503,gnina v1.3.3 master:6fe1ce2   Built Jun 30 2026.,static_crystal_polymer,,
1LKE,equibind,scored,0.46263,gnina v1.3.3 master:6fe1ce2   Built Jun 30 2026.,static_crystal_polymer,,
1LKE,diffdock,scored,0.61815,gnina v1.3.3 master:6fe1ce2   Built Jun 30 2026.,static_crystal_polymer,,
1LNM,equibind,scored,7e-05,gnina v1.3.3 master:6fe1ce2   Built Jun 30 2026.,static_crystal_polymer,,
1LNM,diffdock,scored,0.66345,gnina v1.3.3 master:6fe1ce2   Built Jun 30 2026.,static_crystal_polymer,,
1LOR,equibind,scored,0.02657,gnina v1.3.3 master:6fe1ce2   Built Jun 30 2026.,static_crystal_polymer,,
1LOR,diffdock,scored,0.45271,gnina v1.3.3 master:6fe1ce2   Built Jun 30 2026.,static_crystal_polymer,,
1LOQ,equibind,scored,0.01317,gnina v1.3.3 master:6fe1ce2   Built Jun 30 2026.,static_crystal_polymer,,
1LOQ,diffdock,scored,0.84957,gnina v1.3.3 master:6fe1ce2   Built Jun 30 2026.,static_crystal_polymer,,
1LJT,equibind,scored,0.19028,gnina v1.3.3 master:6fe1ce2   Built Jun 30 2026.,static_crystal_polymer,,
1LJT,diffdock,scored,0.92277,gnina v1.3.3 master:6fe1ce2   Built Jun 30 2026.,static_crystal_polymer,,
1LST,equibind,scored,0.00986,gnina v1.3.3 master:6fe1ce2   Built Jun 30 2026.,static_crystal_polymer,,
1LST,diffdock,scored,0.31329,gnina v1.3.3 master:6fe1ce2   Built Jun 30 2026.,static_crystal_polymer,,
1LOL,equibind,scored,0.01662,gnina v1.3.3 master:6fe1ce2   Built Jun 30 2026.,static_crystal_polymer,,
1LOL,diffdock,scored,0.29302,gnina v1.3.3 master:6fe1ce2   Built Jun 30 2026.,static_crystal_polymer,,
1LLB,equibind,scored,0.00524,gnina v1.3.3 master:6fe1ce2   Built Jun 30 2026.,static_crystal_polymer,,
1LLB,diffdock,scored,0.34319,gnina v1.3.3 master:6fe1ce2   Built Jun 30 2026.,static_crystal_polymer,,
1LOX,equibind,scored,0.00055,gnina v1.3.3 master:6fe1ce2   Built Jun 30 2026.,static_crystal_polymer,,
1LOX,diffdock,scored,0.39014,gnina v1.3.3 master:6fe1ce2   Built Jun 30 2026.,static_crystal_polymer,,
1LYX,equibind,scored,0.72228,gnina v1.3.3 master:6fe1ce2   Built Jun 30 2026.,static_crystal_polymer,,
1LYX,diffdock,scored,0.90829,gnina v1.3.3 master:6fe1ce2   Built Jun 30 2026.,static_crystal_polymer,,
1LQ2,equibind,scored,0.63938,gnina v1.3.3 master:6fe1ce2   Built Jun 30 2026.,static_crystal_polymer,,
1LQ2,diffdock,scored,0.89893,gnina v1.3.3 master:6fe1ce2   Built Jun 30 2026.,static_crystal_polymer,,
1LXF,equibind,scored,0.03392,gnina v1.3.3 master:6fe1ce2   Built Jun 30 2026.,static_crystal_polymer,,
1LXF,diffdock,scored,0.71893,gnina v1.3.3 master:6fe1ce2   Built Jun 30 2026.,static_crystal_polymer,,
1M0O,equibind,scored,0.00064,gnina v1.3.3 master:6fe1ce2   Built Jun 30 2026.,static_crystal_polymer,,
1M0O,diffdock,scored,0.69799,gnina v1.3.3 master:6fe1ce2   Built Jun 30 2026.,static_crystal_polymer,,
1M0Q,equibind,scored,0.00181,gnina v1.3.3 master:6fe1ce2   Built Jun 30 2026.,static_crystal_polymer,,
1M0Q,diffdock,scored,0.8776,gnina v1.3.3 master:6fe1ce2   Built Jun 30 2026.,static_crystal_polymer,,
1M0N,equibind,scored,0.00026,gnina v1.3.3 master:6fe1ce2   Built Jun 30 2026.,static_crystal_polymer,,
1M0N,diffdock,scored,0.69901,gnina v1.3.3 master:6fe1ce2   Built Jun 30 2026.,static_crystal_polymer,,
1M2R,equibind,scored,0.73588,gnina v1.3.3 master:6fe1ce2   Built Jun 30 2026.,static_crystal_polymer,,
1M2R,diffdock,scored,0.83081,gnina v1.3.3 master:6fe1ce2   Built Jun 30 2026.,static_crystal_polymer,,
1LOS,equibind,scored,0.00065,gnina v1.3.3 master:6fe1ce2   Built Jun 30 2026.,static_crystal_polymer,,
1LOS,diffdock,scored,0.60511,gnina v1.3.3 master:6fe1ce2   Built Jun 30 2026.,static_crystal_polymer,,
1M13,equibind,scored,0.06638,gnina v1.3.3 master:6fe1ce2   Built Jun 30 2026.,static_crystal_polymer,,
1M13,diffdock,scored,0.19922,gnina v1.3.3 master:6fe1ce2   Built Jun 30 2026.,static_crystal_polymer,,
1LZO,equibind,scored,0.24425,gnina v1.3.3 master:6fe1ce2   Built Jun 30 2026.,static_crystal_polymer,,
1LZO,diffdock,scored,0.7941,gnina v1.3.3 master:6fe1ce2   Built Jun 30 2026.,static_crystal_polymer,,
1M0B,equibind,scored,0.0,gnina v1.3.3 master:6fe1ce2   Built Jun 30 2026.,static_crystal_polymer,,
1M0B,diffdock,scored,0.48511,gnina v1.3.3 master:6fe1ce2   Built Jun 30 2026.,static_crystal_polymer,,
1LZQ,equibind,scored,3e-05,gnina v1.3.3 master:6fe1ce2   Built Jun 30 2026.,static_crystal_polymer,,
1LZQ,diffdock,scored,0.49657,gnina v1.3.3 master:6fe1ce2   Built Jun 30 2026.,static_crystal_polymer,,
1JJK,equibind,scored,0.16474,gnina v1.3.3 master:6fe1ce2   Built Jun 30 2026.,static_crystal_polymer,,
1M5C,equibind,scored,0.0695,gnina v1.3.3 master:6fe1ce2   Built Jun 30 2026.,static_crystal_polymer,,
1M5C,diffdock,scored,0.55368,gnina v1.3.3 master:6fe1ce2   Built Jun 30 2026.,static_crystal_polymer,,
1M5D,equibind,scored,0.08179,gnina v1.3.3 master:6fe1ce2   Built Jun 30 2026.,static_crystal_polymer,,
1M5D,diffdock,scored,0.95778,gnina v1.3.3 master:6fe1ce2   Built Jun 30 2026.,static_crystal_polymer,,
1M6P,equibind,scored,0.22774,gnina v1.3.3 master:6fe1ce2   Built Jun 30 2026.,static_crystal_polymer,,
1M6P,diffdock,scored,0.49154,gnina v1.3.3 master:6fe1ce2   Built Jun 30 2026.,static_crystal_polymer,,
1M7Y,equibind,scored,0.00021,gnina v1.3.3 master:6fe1ce2   Built Jun 30 2026.,static_crystal_polymer,,
1M7Y,diffdock,scored,0.99658,gnina v1.3.3 master:6fe1ce2   Built Jun 30 2026.,static_crystal_polymer,,
1M2X,equibind,scored,0.79634,gnina v1.3.3 master:6fe1ce2   Built Jun 30 2026.,static_crystal_polymer,,
1M2X,diffdock,scored,0.91373,gnina v1.3.3 master:6fe1ce2   Built Jun 30 2026.,static_crystal_polymer,,
1MAI,equibind,scored,0.02495,gnina v1.3.3 master:6fe1ce2   Built Jun 30 2026.,static_crystal_polymer,,
1MAI,diffdock,scored,0.11414,gnina v1.3.3 master:6fe1ce2   Built Jun 30 2026.,static_crystal_polymer,,
1M5F,equibind,scored,0.00744,gnina v1.3.3 master:6fe1ce2   Built Jun 30 2026.,static_crystal_polymer,,
1M5F,diffdock,scored,0.96675,gnina v1.3.3 master:6fe1ce2   Built Jun 30 2026.,static_crystal_polymer,,
1M5E,equibind,scored,0.00312,gnina v1.3.3 master:6fe1ce2   Built Jun 30 2026.,static_crystal_polymer,,
1M5E,diffdock,scored,0.9204,gnina v1.3.3 master:6fe1ce2   Built Jun 30 2026.,static_crystal_polymer,,
1MDL,equibind,scored,0.03362,gnina v1.3.3 master:6fe1ce2   Built Jun 30 2026.,static_crystal_polymer,,
1MDL,diffdock,scored,0.37468,gnina v1.3.3 master:6fe1ce2   Built Jun 30 2026.,static_crystal_polymer,,
1ME3,equibind,scored,2e-05,gnina v1.3.3 master:6fe1ce2   Built Jun 30 2026.,static_crystal_polymer,,
1ME3,diffdock,scored,0.61108,gnina v1.3.3 master:6fe1ce2   Built Jun 30 2026.,static_crystal_polymer,,
1ME4,equibind,scored,0.00749,gnina v1.3.3 master:6fe1ce2   Built Jun 30 2026.,static_crystal_polymer,,
1ME4,diffdock,scored,0.75739,gnina v1.3.3 master:6fe1ce2   Built Jun 30 2026.,static_crystal_polymer,,
1ME7,equibind,scored,0.01263,gnina v1.3.3 master:6fe1ce2   Built Jun 30 2026.,static_crystal_polymer,,
1ME7,diffdock,scored,0.36102,gnina v1.3.3 master:6fe1ce2   Built Jun 30 2026.,static_crystal_polymer,,
1ME8,equibind,scored,0.01154,gnina v1.3.3 master:6fe1ce2   Built Jun 30 2026.,static_crystal_polymer,,
1ME8,diffdock,scored,0.88779,gnina v1.3.3 master:6fe1ce2   Built Jun 30 2026.,static_crystal_polymer,,
1LVC,equibind,scored,0.00139,gnina v1.3.3 master:6fe1ce2   Built Jun 30 2026.,static_crystal_polymer,,
1LVC,diffdock,scored,0.32574,gnina v1.3.3 master:6fe1ce2   Built Jun 30 2026.,static_crystal_polymer,,
1MEM,equibind,scored,0.00023,gnina v1.3.3 master:6fe1ce2   Built Jun 30 2026.,static_crystal_polymer,,
1MEM,diffdock,scored,0.78477,gnina v1.3.3 master:6fe1ce2   Built Jun 30 2026.,static_crystal_polymer,,
1MEU,equibind,scored,0.00022,gnina v1.3.3 master:6fe1ce2   Built Jun 30 2026.,static_crystal_polymer,,
1MEU,diffdock,scored,0.70288,gnina v1.3.3 master:6fe1ce2   Built Jun 30 2026.,static_crystal_polymer,,
1MJ7,equibind,scored,0.00808,gnina v1.3.3 master:6fe1ce2   Built Jun 30 2026.,static_crystal_polymer,,
1MJ7,diffdock,scored,0.00017,gnina v1.3.3 master:6fe1ce2   Built Jun 30 2026.,static_crystal_polymer,,
1M9N,equibind,scored,0.00826,gnina v1.3.3 master:6fe1ce2   Built Jun 30 2026.,static_crystal_polymer,,
1M9N,diffdock,scored,0.75081,gnina v1.3.3 master:6fe1ce2   Built Jun 30 2026.,static_crystal_polymer,,
1MM6,equibind,scored,0.14377,gnina v1.3.3 master:6fe1ce2   Built Jun 30 2026.,static_crystal_polymer,,
1MM6,diffdock,scored,0.96271,gnina v1.3.3 master:6fe1ce2   Built Jun 30 2026.,static_crystal_polymer,,
1MH5,equibind,scored,0.02844,gnina v1.3.3 master:6fe1ce2   Built Jun 30 2026.,static_crystal_polymer,,
1MH5,diffdock,scored,0.08715,gnina v1.3.3 master:6fe1ce2   Built Jun 30 2026.,static_crystal_polymer,,
1MMP,equibind,scored,0.3499,gnina v1.3.3 master:6fe1ce2   Built Jun 30 2026.,static_crystal_polymer,,
1MMP,diffdock,scored,0.37737,gnina v1.3.3 master:6fe1ce2   Built Jun 30 2026.,static_crystal_polymer,,
1MMQ,equibind,scored,0.00081,gnina v1.3.3 master:6fe1ce2   Built Jun 30 2026.,static_crystal_polymer,,
1MMQ,diffdock,scored,0.56843,gnina v1.3.3 master:6fe1ce2   Built Jun 30 2026.,static_crystal_polymer,,
1MOQ,equibind,scored,0.47056,gnina v1.3.3 master:6fe1ce2   Built Jun 30 2026.,static_crystal_polymer,,
1MOQ,diffdock,scored,0.75484,gnina v1.3.3 master:6fe1ce2   Built Jun 30 2026.,static_crystal_polymer,,
1MNS,equibind,scored,0.21673,gnina v1.3.3 master:6fe1ce2   Built Jun 30 2026.,static_crystal_polymer,,
1MNS,diffdock,scored,0.76576,gnina v1.3.3 master:6fe1ce2   Built Jun 30 2026.,static_crystal_polymer,,
1MQH,equibind,scored,0.03126,gnina v1.3.3 master:6fe1ce2   Built Jun 30 2026.,static_crystal_polymer,,
1MQH,diffdock,scored,0.98685,gnina v1.3.3 master:6fe1ce2   Built Jun 30 2026.,static_crystal_polymer,,
1MQI,equibind,scored,0.03563,gnina v1.3.3 master:6fe1ce2   Built Jun 30 2026.,static_crystal_polymer,,
1MQI,diffdock,scored,0.99495,gnina v1.3.3 master:6fe1ce2   Built Jun 30 2026.,static_crystal_polymer,,
1MM7,equibind,scored,0.03623,gnina v1.3.3 master:6fe1ce2   Built Jun 30 2026.,static_crystal_polymer,,
1MM7,diffdock,scored,0.64222,gnina v1.3.3 master:6fe1ce2   Built Jun 30 2026.,static_crystal_polymer,,
1MQG,equibind,scored,0.00054,gnina v1.3.3 master:6fe1ce2   Built Jun 30 2026.,static_crystal_polymer,,
1MQG,diffdock,scored,0.98657,gnina v1.3.3 master:6fe1ce2   Built Jun 30 2026.,static_crystal_polymer,,
1MQJ,equibind,scored,0.08221,gnina v1.3.3 master:6fe1ce2   Built Jun 30 2026.,static_crystal_polymer,,
1MQJ,diffdock,scored,0.97896,gnina v1.3.3 master:6fe1ce2   Built Jun 30 2026.,static_crystal_polymer,,
1MN9,equibind,scored,0.10267,gnina v1.3.3 master:6fe1ce2   Built Jun 30 2026.,static_crystal_polymer,,
1MN9,diffdock,scored,0.56767,gnina v1.3.3 master:6fe1ce2   Built Jun 30 2026.,static_crystal_polymer,,
1MRS,equibind,scored,0.03415,gnina v1.3.3 master:6fe1ce2   Built Jun 30 2026.,static_crystal_polymer,,
1MRS,diffdock,scored,0.94299,gnina v1.3.3 master:6fe1ce2   Built Jun 30 2026.,static_crystal_polymer,,
1MRN,equibind,scored,0.0,gnina v1.3.3 master:6fe1ce2   Built Jun 30 2026.,static_crystal_polymer,,
1MRN,diffdock,scored,0.18328,gnina v1.3.3 master:6fe1ce2   Built Jun 30 2026.,static_crystal_polymer,,
1MRW,equibind,scored,0.03873,gnina v1.3.3 master:6fe1ce2   Built Jun 30 2026.,static_crystal_polymer,,
1MRW,diffdock,scored,0.62229,gnina v1.3.3 master:6fe1ce2   Built Jun 30 2026.,static_crystal_polymer,,
1MS6,equibind,scored,0.00014,gnina v1.3.3 master:6fe1ce2   Built Jun 30 2026.,static_crystal_polymer,,
1MS6,diffdock,scored,0.76823,gnina v1.3.3 master:6fe1ce2   Built Jun 30 2026.,static_crystal_polymer,,
1MQD,equibind,scored,0.00035,gnina v1.3.3 master:6fe1ce2   Built Jun 30 2026.,static_crystal_polymer,,
1MQD,diffdock,scored,0.6914,gnina v1.3.3 master:6fe1ce2   Built Jun 30 2026.,static_crystal_polymer,,
1MSN,equibind,scored,0.13375,gnina v1.3.3 master:6fe1ce2   Built Jun 30 2026.,static_crystal_polymer,,
1MSN,diffdock,scored,0.37799,gnina v1.3.3 master:6fe1ce2   Built Jun 30 2026.,static_crystal_polymer,,
1MU6,equibind,scored,0.03419,gnina v1.3.3 master:6fe1ce2   Built Jun 30 2026.,static_crystal_polymer,,
1MU6,diffdock,scored,0.94238,gnina v1.3.3 master:6fe1ce2   Built Jun 30 2026.,static_crystal_polymer,,
1ML1,equibind,scored,0.02197,gnina v1.3.3 master:6fe1ce2   Built Jun 30 2026.,static_crystal_polymer,,
1ML1,diffdock,scored,0.95772,gnina v1.3.3 master:6fe1ce2   Built Jun 30 2026.,static_crystal_polymer,,
1MU8,equibind,scored,0.43945,gnina v1.3.3 master:6fe1ce2   Built Jun 30 2026.,static_crystal_polymer,,
1MU8,diffdock,scored,0.70896,gnina v1.3.3 master:6fe1ce2   Built Jun 30 2026.,static_crystal_polymer,,
1MUI,equibind,scored,2e-05,gnina v1.3.3 master:6fe1ce2   Built Jun 30 2026.,static_crystal_polymer,,
1MUI,diffdock,scored,0.49369,gnina v1.3.3 master:6fe1ce2   Built Jun 30 2026.,static_crystal_polymer,,
1MS7,equibind,scored,0.00352,gnina v1.3.3 master:6fe1ce2   Built Jun 30 2026.,static_crystal_polymer,,
1MS7,diffdock,scored,0.92464,gnina v1.3.3 master:6fe1ce2   Built Jun 30 2026.,static_crystal_polymer,,
1MS0,equibind,scored,0.00059,gnina v1.3.3 master:6fe1ce2   Built Jun 30 2026.,static_crystal_polymer,,
1MS0,diffdock,scored,0.24295,gnina v1.3.3 master:6fe1ce2   Built Jun 30 2026.,static_crystal_polymer,,
1MXO,equibind,scored,0.00122,gnina v1.3.3 master:6fe1ce2   Built Jun 30 2026.,static_crystal_polymer,,
1MXO,diffdock,scored,0.12877,gnina v1.3.3 master:6fe1ce2   Built Jun 30 2026.,static_crystal_polymer,,
1MXU,equibind,scored,0.00017,gnina v1.3.3 master:6fe1ce2   Built Jun 30 2026.,static_crystal_polymer,,
1MXU,diffdock,scored,0.92654,gnina v1.3.3 master:6fe1ce2   Built Jun 30 2026.,static_crystal_polymer,,
1MY2,equibind,scored,0.00242,gnina v1.3.3 master:6fe1ce2   Built Jun 30 2026.,static_crystal_polymer,,
1MY2,diffdock,scored,0.96697,gnina v1.3.3 master:6fe1ce2   Built Jun 30 2026.,static_crystal_polymer,,
1MY3,equibind,scored,0.00151,gnina v1.3.3 master:6fe1ce2   Built Jun 30 2026.,static_crystal_polymer,,
1MY3,diffdock,scored,0.9404,gnina v1.3.3 master:6fe1ce2   Built Jun 30 2026.,static_crystal_polymer,,
1M5W,equibind,scored,0.00585,gnina v1.3.3 master:6fe1ce2   Built Jun 30 2026.,static_crystal_polymer,,
1M5W,diffdock,scored,0.81536,gnina v1.3.3 master:6fe1ce2   Built Jun 30 2026.,static_crystal_polymer,,
1MWT,equibind,scored,0.15651,gnina v1.3.3 master:6fe1ce2   Built Jun 30 2026.,static_crystal_polymer,,
1MWT,diffdock,scored,0.68474,gnina v1.3.3 master:6fe1ce2   Built Jun 30 2026.,static_crystal_polymer,,
1MY8,equibind,scored,0.00065,gnina v1.3.3 master:6fe1ce2   Built Jun 30 2026.,static_crystal_polymer,,
1MY8,diffdock,scored,0.10726,gnina v1.3.3 master:6fe1ce2   Built Jun 30 2026.,static_crystal_polymer,,
1MY4,equibind,scored,0.0024,gnina v1.3.3 master:6fe1ce2   Built Jun 30 2026.,static_crystal_polymer,,
1MY4,diffdock,scored,0.98182,gnina v1.3.3 master:6fe1ce2   Built Jun 30 2026.,static_crystal_polymer,,
1N1T,equibind,scored,0.00658,gnina v1.3.3 master:6fe1ce2   Built Jun 30 2026.,static_crystal_polymer,,
1N1T,diffdock,scored,0.76789,gnina v1.3.3 master:6fe1ce2   Built Jun 30 2026.,static_crystal_polymer,,
1N3Z,equibind,scored,0.0036,gnina v1.3.3 master:6fe1ce2   Built Jun 30 2026.,static_crystal_polymer,,
1N3Z,diffdock,scored,0.09622,gnina v1.3.3 master:6fe1ce2   Built Jun 30 2026.,static_crystal_polymer,,
1MZC,equibind,scored,0.56581,gnina v1.3.3 master:6fe1ce2   Built Jun 30 2026.,static_crystal_polymer,,
1MZC,diffdock,scored,0.37904,gnina v1.3.3 master:6fe1ce2   Built Jun 30 2026.,static_crystal_polymer,,
1N2V,equibind,scored,0.24428,gnina v1.3.3 master:6fe1ce2   Built Jun 30 2026.,static_crystal_polymer,,
1N2V,diffdock,scored,0.75441,gnina v1.3.3 master:6fe1ce2   Built Jun 30 2026.,static_crystal_polymer,,
1N1V,equibind,scored,0.01691,gnina v1.3.3 master:6fe1ce2   Built Jun 30 2026.,static_crystal_polymer,,
1N1V,diffdock,scored,0.84913,gnina v1.3.3 master:6fe1ce2   Built Jun 30 2026.,static_crystal_polymer,,
1FPY,equibind,scored,0.56905,gnina v1.3.3 master:6fe1ce2   Built Jun 30 2026.,static_crystal_polymer,,
1N4H,equibind,scored,0.65483,gnina v1.3.3 master:6fe1ce2   Built Jun 30 2026.,static_crystal_polymer,,
1N4H,diffdock,scored,0.49055,gnina v1.3.3 master:6fe1ce2   Built Jun 30 2026.,static_crystal_polymer,,
1N7I,equibind,scored,0.00076,gnina v1.3.3 master:6fe1ce2   Built Jun 30 2026.,static_crystal_polymer,,
1N7I,diffdock,scored,0.7285,gnina v1.3.3 master:6fe1ce2   Built Jun 30 2026.,static_crystal_polymer,,
1N7J,equibind,scored,0.00182,gnina v1.3.3 master:6fe1ce2   Built Jun 30 2026.,static_crystal_polymer,,
1N7J,diffdock,scored,0.89017,gnina v1.3.3 master:6fe1ce2   Built Jun 30 2026.,static_crystal_polymer,,
1N1M,equibind,scored,0.02025,gnina v1.3.3 master:6fe1ce2   Built Jun 30 2026.,static_crystal_polymer,,
1N1M,diffdock,scored,0.94422,gnina v1.3.3 master:6fe1ce2   Built Jun 30 2026.,static_crystal_polymer,,
1N4K,equibind,scored,0.01018,gnina v1.3.3 master:6fe1ce2   Built Jun 30 2026.,static_crystal_polymer,,
1N4K,diffdock,scored,0.24323,gnina v1.3.3 master:6fe1ce2   Built Jun 30 2026.,static_crystal_polymer,,
1N8U,equibind,scored,0.02297,gnina v1.3.3 master:6fe1ce2   Built Jun 30 2026.,static_crystal_polymer,,
1N8U,diffdock,scored,0.73669,gnina v1.3.3 master:6fe1ce2   Built Jun 30 2026.,static_crystal_polymer,,
1N3I,equibind,scored,0.0055,gnina v1.3.3 master:6fe1ce2   Built Jun 30 2026.,static_crystal_polymer,,
1N3I,diffdock,scored,0.78275,gnina v1.3.3 master:6fe1ce2   Built Jun 30 2026.,static_crystal_polymer,,
1N8V,equibind,scored,0.00983,gnina v1.3.3 master:6fe1ce2   Built Jun 30 2026.,static_crystal_polymer,,
1N8V,diffdock,scored,0.43988,gnina v1.3.3 master:6fe1ce2   Built Jun 30 2026.,static_crystal_polymer,,
1MKD,equibind,scored,0.776,gnina v1.3.3 master:6fe1ce2   Built Jun 30 2026.,static_crystal_polymer,,
1N43,equibind,scored,0.39192,gnina v1.3.3 master:6fe1ce2   Built Jun 30 2026.,static_crystal_polymer,,
1N43,diffdock,scored,0.95728,gnina v1.3.3 master:6fe1ce2   Built Jun 30 2026.,static_crystal_polymer,,
1N95,equibind,scored,0.02461,gnina v1.3.3 master:6fe1ce2   Built Jun 30 2026.,static_crystal_polymer,,
1N95,diffdock,scored,0.50454,gnina v1.3.3 master:6fe1ce2   Built Jun 30 2026.,static_crystal_polymer,,
1N9A,equibind,scored,0.01808,gnina v1.3.3 master:6fe1ce2   Built Jun 30 2026.,static_crystal_polymer,,
1N9A,diffdock,scored,0.6335,gnina v1.3.3 master:6fe1ce2   Built Jun 30 2026.,static_crystal_polymer,,
1N94,equibind,scored,0.00666,gnina v1.3.3 master:6fe1ce2   Built Jun 30 2026.,static_crystal_polymer,,
1N94,diffdock,scored,0.27055,gnina v1.3.3 master:6fe1ce2   Built Jun 30 2026.,static_crystal_polymer,,
1NC6,equibind,scored,0.00418,gnina v1.3.3 master:6fe1ce2   Built Jun 30 2026.,static_crystal_polymer,,
1NC6,diffdock,scored,0.55998,gnina v1.3.3 master:6fe1ce2   Built Jun 30 2026.,static_crystal_polymer,,
1NC3,equibind,scored,0.25683,gnina v1.3.3 master:6fe1ce2   Built Jun 30 2026.,static_crystal_polymer,,
1NC3,diffdock,scored,0.76743,gnina v1.3.3 master:6fe1ce2   Built Jun 30 2026.,static_crystal_polymer,,
1NF8,equibind,scored,0.03185,gnina v1.3.3 master:6fe1ce2   Built Jun 30 2026.,static_crystal_polymer,,
1NF8,diffdock,scored,0.92554,gnina v1.3.3 master:6fe1ce2   Built Jun 30 2026.,static_crystal_polymer,,
1NDY,equibind,scored,0.10557,gnina v1.3.3 master:6fe1ce2   Built Jun 30 2026.,static_crystal_polymer,,
1NDY,diffdock,scored,0.94166,gnina v1.3.3 master:6fe1ce2   Built Jun 30 2026.,static_crystal_polymer,,
1NFW,equibind,scored,0.68482,gnina v1.3.3 master:6fe1ce2   Built Jun 30 2026.,static_crystal_polymer,,
1NFW,diffdock,scored,0.93656,gnina v1.3.3 master:6fe1ce2   Built Jun 30 2026.,static_crystal_polymer,,
1N9M,equibind,scored,0.06696,gnina v1.3.3 master:6fe1ce2   Built Jun 30 2026.,static_crystal_polymer,,
1N9M,diffdock,scored,0.96545,gnina v1.3.3 master:6fe1ce2   Built Jun 30 2026.,static_crystal_polymer,,
1NHG,equibind,scored,0.00021,gnina v1.3.3 master:6fe1ce2   Built Jun 30 2026.,static_crystal_polymer,,
1NHG,diffdock,scored,0.73186,gnina v1.3.3 master:6fe1ce2   Built Jun 30 2026.,static_crystal_polymer,,
1NHW,equibind,scored,0.0218,gnina v1.3.3 master:6fe1ce2   Built Jun 30 2026.,static_crystal_polymer,,
1NHW,diffdock,scored,0.21122,gnina v1.3.3 master:6fe1ce2   Built Jun 30 2026.,static_crystal_polymer,,
1NHX,equibind,scored,0.01488,gnina v1.3.3 master:6fe1ce2   Built Jun 30 2026.,static_crystal_polymer,,
1NHX,diffdock,scored,0.23145,gnina v1.3.3 master:6fe1ce2   Built Jun 30 2026.,static_crystal_polymer,,
1NJ5,equibind,scored,0.0002,gnina v1.3.3 master:6fe1ce2   Built Jun 30 2026.,static_crystal_polymer,,
1NJ5,diffdock,scored,0.702,gnina v1.3.3 master:6fe1ce2   Built Jun 30 2026.,static_crystal_polymer,,
1NJA,equibind,scored,0.0003,gnina v1.3.3 master:6fe1ce2   Built Jun 30 2026.,static_crystal_polymer,,
1NJA,diffdock,scored,0.57853,gnina v1.3.3 master:6fe1ce2   Built Jun 30 2026.,static_crystal_polymer,,
1NJB,equibind,scored,0.00087,gnina v1.3.3 master:6fe1ce2   Built Jun 30 2026.,static_crystal_polymer,,
1NJB,diffdock,scored,0.25387,gnina v1.3.3 master:6fe1ce2   Built Jun 30 2026.,static_crystal_polymer,,
1NDJ,equibind,scored,0.00033,gnina v1.3.3 master:6fe1ce2   Built Jun 30 2026.,static_crystal_polymer,,
1NDJ,diffdock,scored,0.97566,gnina v1.3.3 master:6fe1ce2   Built Jun 30 2026.,static_crystal_polymer,,
1NJC,equibind,scored,0.00194,gnina v1.3.3 master:6fe1ce2   Built Jun 30 2026.,static_crystal_polymer,,
1NJC,diffdock,scored,0.88836,gnina v1.3.3 master:6fe1ce2   Built Jun 30 2026.,static_crystal_polymer,,
1NI1,equibind,scored,0.01242,gnina v1.3.3 master:6fe1ce2   Built Jun 30 2026.,static_crystal_polymer,,
1NI1,diffdock,scored,0.17778,gnina v1.3.3 master:6fe1ce2   Built Jun 30 2026.,static_crystal_polymer,,
1NJE,equibind,scored,0.0039,gnina v1.3.3 master:6fe1ce2   Built Jun 30 2026.,static_crystal_polymer,,
1NJE,diffdock,scored,0.11118,gnina v1.3.3 master:6fe1ce2   Built Jun 30 2026.,static_crystal_polymer,,
1NHV,equibind,scored,0.00188,gnina v1.3.3 master:6fe1ce2   Built Jun 30 2026.,static_crystal_polymer,,
1NHV,diffdock,scored,0.11021,gnina v1.3.3 master:6fe1ce2   Built Jun 30 2026.,static_crystal_polymer,,
1NJD,equibind,scored,0.02415,gnina v1.3.3 master:6fe1ce2   Built Jun 30 2026.,static_crystal_polymer,,
1NJD,diffdock,scored,0.71445,gnina v1.3.3 master:6fe1ce2   Built Jun 30 2026.,static_crystal_polymer,,
1NKI,equibind,scored,0.24464,gnina v1.3.3 master:6fe1ce2   Built Jun 30 2026.,static_crystal_polymer,,
1NKI,diffdock,scored,0.82363,gnina v1.3.3 master:6fe1ce2   Built Jun 30 2026.,static_crystal_polymer,,
1NL6,equibind,scored,1e-05,gnina v1.3.3 master:6fe1ce2   Built Jun 30 2026.,static_crystal_polymer,,
1NL6,diffdock,scored,0.6748,gnina v1.3.3 master:6fe1ce2   Built Jun 30 2026.,static_crystal_polymer,,
1NLJ,equibind,scored,2e-05,gnina v1.3.3 master:6fe1ce2   Built Jun 30 2026.,static_crystal_polymer,,
1NLJ,diffdock,scored,0.54969,gnina v1.3.3 master:6fe1ce2   Built Jun 30 2026.,static_crystal_polymer,,
1NM6,equibind,scored,0.0039,gnina v1.3.3 master:6fe1ce2   Built Jun 30 2026.,static_crystal_polymer,,
1NM6,diffdock,scored,0.01699,gnina v1.3.3 master:6fe1ce2   Built Jun 30 2026.,static_crystal_polymer,,
1NNK,equibind,scored,0.57993,gnina v1.3.3 master:6fe1ce2   Built Jun 30 2026.,static_crystal_polymer,,
1NNK,diffdock,scored,0.94504,gnina v1.3.3 master:6fe1ce2   Built Jun 30 2026.,static_crystal_polymer,,
1NNB,equibind,scored,0.62027,gnina v1.3.3 master:6fe1ce2   Built Jun 30 2026.,static_crystal_polymer,,
1NNB,diffdock,scored,0.73163,gnina v1.3.3 master:6fe1ce2   Built Jun 30 2026.,static_crystal_polymer,,
1NMK,equibind,scored,9e-05,gnina v1.3.3 master:6fe1ce2   Built Jun 30 2026.,static_crystal_polymer,,
1NMK,diffdock,scored,0.5605,gnina v1.3.3 master:6fe1ce2   Built Jun 30 2026.,static_crystal_polymer,,
1NO6,equibind,scored,0.14142,gnina v1.3.3 master:6fe1ce2   Built Jun 30 2026.,static_crystal_polymer,,
1NO6,diffdock,scored,0.81779,gnina v1.3.3 master:6fe1ce2   Built Jun 30 2026.,static_crystal_polymer,,
1NKM,equibind,scored,0.00137,gnina v1.3.3 master:6fe1ce2   Built Jun 30 2026.,static_crystal_polymer,,
1NKM,diffdock,scored,0.15107,gnina v1.3.3 master:6fe1ce2   Built Jun 30 2026.,static_crystal_polymer,,
1NJJ,equibind,scored,0.17549,gnina v1.3.3 master:6fe1ce2   Built Jun 30 2026.,static_crystal_polymer,,
1NJJ,diffdock,scored,0.07122,gnina v1.3.3 master:6fe1ce2   Built Jun 30 2026.,static_crystal_polymer,,
1NO9,equibind,scored,0.62511,gnina v1.3.3 master:6fe1ce2   Built Jun 30 2026.,static_crystal_polymer,,
1NO9,diffdock,scored,0.68049,gnina v1.3.3 master:6fe1ce2   Built Jun 30 2026.,static_crystal_polymer,,
1NNU,equibind,scored,0.11395,gnina v1.3.3 master:6fe1ce2   Built Jun 30 2026.,static_crystal_polymer,,
1NNU,diffdock,scored,0.57603,gnina v1.3.3 master:6fe1ce2   Built Jun 30 2026.,static_crystal_polymer,,
1NOX,equibind,scored,0.0012,gnina v1.3.3 master:6fe1ce2   Built Jun 30 2026.,static_crystal_polymer,,
1NOX,diffdock,scored,0.77423,gnina v1.3.3 master:6fe1ce2   Built Jun 30 2026.,static_crystal_polymer,,
1NPA,equibind,scored,0.0655,gnina v1.3.3 master:6fe1ce2   Built Jun 30 2026.,static_crystal_polymer,,
1NPA,diffdock,scored,0.12594,gnina v1.3.3 master:6fe1ce2   Built Jun 30 2026.,static_crystal_polymer,,
1NPW,equibind,scored,0.07607,gnina v1.3.3 master:6fe1ce2   Built Jun 30 2026.,static_crystal_polymer,,
1NPW,diffdock,scored,0.34484,gnina v1.3.3 master:6fe1ce2   Built Jun 30 2026.,static_crystal_polymer,,
1NOJ,equibind,scored,0.19568,gnina v1.3.3 master:6fe1ce2   Built Jun 30 2026.,static_crystal_polymer,,
1NOJ,diffdock,scored,0.72423,gnina v1.3.3 master:6fe1ce2   Built Jun 30 2026.,static_crystal_polymer,,
1NQ0,equibind,scored,0.02699,gnina v1.3.3 master:6fe1ce2   Built Jun 30 2026.,static_crystal_polymer,,
1NQ0,diffdock,scored,0.96653,gnina v1.3.3 master:6fe1ce2   Built Jun 30 2026.,static_crystal_polymer,,
1NOK,equibind,scored,0.47073,gnina v1.3.3 master:6fe1ce2   Built Jun 30 2026.,static_crystal_polymer,,
1NOK,diffdock,scored,0.77374,gnina v1.3.3 master:6fe1ce2   Built Jun 30 2026.,static_crystal_polymer,,
1NPZ,equibind,scored,0.00037,gnina v1.3.3 master:6fe1ce2   Built Jun 30 2026.,static_crystal_polymer,,
1NPZ,diffdock,scored,0.88932,gnina v1.3.3 master:6fe1ce2   Built Jun 30 2026.,static_crystal_polymer,,
1NVQ,equibind,scored,0.90469,gnina v1.3.3 master:6fe1ce2   Built Jun 30 2026.,static_crystal_polymer,,
1NVQ,diffdock,scored,0.48971,gnina v1.3.3 master:6fe1ce2   Built Jun 30 2026.,static_crystal_polymer,,
1NP0,equibind,scored,0.22255,gnina v1.3.3 master:6fe1ce2   Built Jun 30 2026.,static_crystal_polymer,,
1NP0,diffdock,scored,0.69714,gnina v1.3.3 master:6fe1ce2   Built Jun 30 2026.,static_crystal_polymer,,
1MTO,equibind,scored,0.68669,gnina v1.3.3 master:6fe1ce2   Built Jun 30 2026.,static_crystal_polymer,,
1MTO,diffdock,scored,0.85746,gnina v1.3.3 master:6fe1ce2   Built Jun 30 2026.,static_crystal_polymer,,
1NVR,equibind,scored,0.56706,gnina v1.3.3 master:6fe1ce2   Built Jun 30 2026.,static_crystal_polymer,,
1NVR,diffdock,scored,0.66981,gnina v1.3.3 master:6fe1ce2   Built Jun 30 2026.,static_crystal_polymer,,
1NU3,equibind,scored,0.27119,gnina v1.3.3 master:6fe1ce2   Built Jun 30 2026.,static_crystal_polymer,,
1NU3,diffdock,scored,0.87704,gnina v1.3.3 master:6fe1ce2   Built Jun 30 2026.,static_crystal_polymer,,
1NQ7,equibind,scored,0.64068,gnina v1.3.3 master:6fe1ce2   Built Jun 30 2026.,static_crystal_polymer,,
1NQ7,diffdock,scored,0.91713,gnina v1.3.3 master:6fe1ce2   Built Jun 30 2026.,static_crystal_polymer,,
1NVS,equibind,scored,0.17855,gnina v1.3.3 master:6fe1ce2   Built Jun 30 2026.,static_crystal_polymer,,
1NVS,diffdock,scored,0.6236,gnina v1.3.3 master:6fe1ce2   Built Jun 30 2026.,static_crystal_polymer,,
1NY0,equibind,scored,0.13261,gnina v1.3.3 master:6fe1ce2   Built Jun 30 2026.,static_crystal_polymer,,
1NY0,diffdock,scored,0.13208,gnina v1.3.3 master:6fe1ce2   Built Jun 30 2026.,static_crystal_polymer,,
1NXY,equibind,scored,0.0,gnina v1.3.3 master:6fe1ce2   Built Jun 30 2026.,static_crystal_polymer,,
1NXY,diffdock,scored,0.28868,gnina v1.3.3 master:6fe1ce2   Built Jun 30 2026.,static_crystal_polymer,,
1NYY,equibind,scored,0.1887,gnina v1.3.3 master:6fe1ce2   Built Jun 30 2026.,static_crystal_polymer,,
1NYY,diffdock,scored,0.2893,gnina v1.3.3 master:6fe1ce2   Built Jun 30 2026.,static_crystal_polymer,,
1NYM,equibind,scored,0.07611,gnina v1.3.3 master:6fe1ce2   Built Jun 30 2026.,static_crystal_polymer,,
1NYM,diffdock,scored,0.13109,gnina v1.3.3 master:6fe1ce2   Built Jun 30 2026.,static_crystal_polymer,,
1NZ7,equibind,scored,0.017,gnina v1.3.3 master:6fe1ce2   Built Jun 30 2026.,static_crystal_polymer,,
1NZ7,diffdock,scored,0.61595,gnina v1.3.3 master:6fe1ce2   Built Jun 30 2026.,static_crystal_polymer,,
1NYX,equibind,scored,1e-05,gnina v1.3.3 master:6fe1ce2   Built Jun 30 2026.,static_crystal_polymer,,
1NYX,diffdock,scored,0.76064,gnina v1.3.3 master:6fe1ce2   Built Jun 30 2026.,static_crystal_polymer,,
1O0H,equibind,scored,1e-05,gnina v1.3.3 master:6fe1ce2   Built Jun 30 2026.,static_crystal_polymer,,
1O0H,diffdock,scored,0.6018,gnina v1.3.3 master:6fe1ce2   Built Jun 30 2026.,static_crystal_polymer,,
1O0F,equibind,scored,1e-05,gnina v1.3.3 master:6fe1ce2   Built Jun 30 2026.,static_crystal_polymer,,
1O0F,diffdock,scored,0.36792,gnina v1.3.3 master:6fe1ce2   Built Jun 30 2026.,static_crystal_polymer,,
1O0M,equibind,scored,0.00018,gnina v1.3.3 master:6fe1ce2   Built Jun 30 2026.,static_crystal_polymer,,
1O0M,diffdock,scored,0.91384,gnina v1.3.3 master:6fe1ce2   Built Jun 30 2026.,static_crystal_polymer,,
1O0N,equibind,scored,3e-05,gnina v1.3.3 master:6fe1ce2   Built Jun 30 2026.,static_crystal_polymer,,
1O0N,diffdock,scored,0.15026,gnina v1.3.3 master:6fe1ce2   Built Jun 30 2026.,static_crystal_polymer,,
1NOI,equibind,scored,0.00504,gnina v1.3.3 master:6fe1ce2   Built Jun 30 2026.,static_crystal_polymer,,
1O0O,equibind,scored,8e-05,gnina v1.3.3 master:6fe1ce2   Built Jun 30 2026.,static_crystal_polymer,,
1O0O,diffdock,scored,0.56905,gnina v1.3.3 master:6fe1ce2   Built Jun 30 2026.,static_crystal_polymer,,
1O41,equibind,scored,0.18167,gnina v1.3.3 master:6fe1ce2   Built Jun 30 2026.,static_crystal_polymer,,
1O41,diffdock,scored,0.61316,gnina v1.3.3 master:6fe1ce2   Built Jun 30 2026.,static_crystal_polymer,,
1O42,equibind,scored,0.00469,gnina v1.3.3 master:6fe1ce2   Built Jun 30 2026.,static_crystal_polymer,,
1O42,diffdock,scored,0.37583,gnina v1.3.3 master:6fe1ce2   Built Jun 30 2026.,static_crystal_polymer,,
1O49,equibind,scored,0.00545,gnina v1.3.3 master:6fe1ce2   Built Jun 30 2026.,static_crystal_polymer,,
1O49,diffdock,scored,0.5939,gnina v1.3.3 master:6fe1ce2   Built Jun 30 2026.,static_crystal_polymer,,
1O4D,equibind,scored,0.05947,gnina v1.3.3 master:6fe1ce2   Built Jun 30 2026.,static_crystal_polymer,,
1O4D,diffdock,scored,0.41959,gnina v1.3.3 master:6fe1ce2   Built Jun 30 2026.,static_crystal_polymer,,
1O4E,equibind,scored,0.04524,gnina v1.3.3 master:6fe1ce2   Built Jun 30 2026.,static_crystal_polymer,,
1O4E,diffdock,scored,0.35105,gnina v1.3.3 master:6fe1ce2   Built Jun 30 2026.,static_crystal_polymer,,
1O4F,equibind,scored,0.13697,gnina v1.3.3 master:6fe1ce2   Built Jun 30 2026.,static_crystal_polymer,,
1O4F,diffdock,scored,0.30295,gnina v1.3.3 master:6fe1ce2   Built Jun 30 2026.,static_crystal_polymer,,
1O47,equibind,scored,0.21165,gnina v1.3.3 master:6fe1ce2   Built Jun 30 2026.,static_crystal_polymer,,
1O47,diffdock,scored,0.23451,gnina v1.3.3 master:6fe1ce2   Built Jun 30 2026.,static_crystal_polymer,,
1O4G,equibind,scored,0.5126,gnina v1.3.3 master:6fe1ce2   Built Jun 30 2026.,static_crystal_polymer,,
1O4G,diffdock,scored,0.4641,gnina v1.3.3 master:6fe1ce2   Built Jun 30 2026.,static_crystal_polymer,,
1NTK,equibind,scored,3e-05,gnina v1.3.3 master:6fe1ce2   Built Jun 30 2026.,static_crystal_polymer,,
1NTK,diffdock,scored,0.25561,gnina v1.3.3 master:6fe1ce2   Built Jun 30 2026.,static_crystal_polymer,,
1O4L,equibind,scored,0.5489,gnina v1.3.3 master:6fe1ce2   Built Jun 30 2026.,static_crystal_polymer,,
1O4L,diffdock,scored,0.51657,gnina v1.3.3 master:6fe1ce2   Built Jun 30 2026.,static_crystal_polymer,,
1O1S,equibind,scored,0.09756,gnina v1.3.3 master:6fe1ce2   Built Jun 30 2026.,static_crystal_polymer,,
1O1S,diffdock,scored,0.85792,gnina v1.3.3 master:6fe1ce2   Built Jun 30 2026.,static_crystal_polymer,,
1O4M,equibind,scored,0.74303,gnina v1.3.3 master:6fe1ce2   Built Jun 30 2026.,static_crystal_polymer,,
1O4M,diffdock,scored,0.79815,gnina v1.3.3 master:6fe1ce2   Built Jun 30 2026.,static_crystal_polymer,,
1O4B,equibind,scored,0.27292,gnina v1.3.3 master:6fe1ce2   Built Jun 30 2026.,static_crystal_polymer,,
1O4B,diffdock,scored,0.48481,gnina v1.3.3 master:6fe1ce2   Built Jun 30 2026.,static_crystal_polymer,,
1O4N,equibind,scored,0.5348,gnina v1.3.3 master:6fe1ce2   Built Jun 30 2026.,static_crystal_polymer,,
1O4N,diffdock,scored,0.91439,gnina v1.3.3 master:6fe1ce2   Built Jun 30 2026.,static_crystal_polymer,,
1O4P,equibind,scored,0.64495,gnina v1.3.3 master:6fe1ce2   Built Jun 30 2026.,static_crystal_polymer,,
1O4P,diffdock,scored,0.67467,gnina v1.3.3 master:6fe1ce2   Built Jun 30 2026.,static_crystal_polymer,,
1O4O,equibind,scored,0.1037,gnina v1.3.3 master:6fe1ce2   Built Jun 30 2026.,static_crystal_polymer,,
1O4O,diffdock,scored,0.28714,gnina v1.3.3 master:6fe1ce2   Built Jun 30 2026.,static_crystal_polymer,,
1O5P,equibind,scored,5e-05,gnina v1.3.3 master:6fe1ce2   Built Jun 30 2026.,static_crystal_polymer,,
1O4Q,equibind,scored,0.71642,gnina v1.3.3 master:6fe1ce2   Built Jun 30 2026.,static_crystal_polymer,,
1O4Q,diffdock,scored,0.34949,gnina v1.3.3 master:6fe1ce2   Built Jun 30 2026.,static_crystal_polymer,,
1NJU,equibind,scored,9e-05,gnina v1.3.3 master:6fe1ce2   Built Jun 30 2026.,static_crystal_polymer,,
1NJU,diffdock,scored,0.18049,gnina v1.3.3 master:6fe1ce2   Built Jun 30 2026.,static_crystal_polymer,,
1O8B,equibind,scored,0.00965,gnina v1.3.3 master:6fe1ce2   Built Jun 30 2026.,static_crystal_polymer,,
1O8B,diffdock,scored,0.64778,gnina v1.3.3 master:6fe1ce2   Built Jun 30 2026.,static_crystal_polymer,,
1O5M,equibind,scored,0.01549,gnina v1.3.3 master:6fe1ce2   Built Jun 30 2026.,static_crystal_polymer,,
1O5M,diffdock,scored,0.19175,gnina v1.3.3 master:6fe1ce2   Built Jun 30 2026.,static_crystal_polymer,,
1O9E,equibind,scored,5e-05,gnina v1.3.3 master:6fe1ce2   Built Jun 30 2026.,static_crystal_polymer,,
1O9E,diffdock,scored,0.59106,gnina v1.3.3 master:6fe1ce2   Built Jun 30 2026.,static_crystal_polymer,,
1OBA,equibind,scored,0.00922,gnina v1.3.3 master:6fe1ce2   Built Jun 30 2026.,static_crystal_polymer,,
1OBA,diffdock,scored,0.00326,gnina v1.3.3 master:6fe1ce2   Built Jun 30 2026.,static_crystal_polymer,,
1ODY,equibind,scored,0.0001,gnina v1.3.3 master:6fe1ce2   Built Jun 30 2026.,static_crystal_polymer,,
1ODY,diffdock,scored,0.6449,gnina v1.3.3 master:6fe1ce2   Built Jun 30 2026.,static_crystal_polymer,,
1O7O,equibind,scored,0.00054,gnina v1.3.3 master:6fe1ce2   Built Jun 30 2026.,static_crystal_polymer,,
1O7O,diffdock,scored,0.50831,gnina v1.3.3 master:6fe1ce2   Built Jun 30 2026.,static_crystal_polymer,,
1OAY,equibind,scored,0.60265,gnina v1.3.3 master:6fe1ce2   Built Jun 30 2026.,static_crystal_polymer,,
1OAY,diffdock,scored,0.16417,gnina v1.3.3 master:6fe1ce2   Built Jun 30 2026.,static_crystal_polymer,,
1OE8,equibind,scored,0.05412,gnina v1.3.3 master:6fe1ce2   Built Jun 30 2026.,static_crystal_polymer,,
1OE8,diffdock,scored,0.69694,gnina v1.3.3 master:6fe1ce2   Built Jun 30 2026.,static_crystal_polymer,,
1NW4,equibind,scored,0.2948,gnina v1.3.3 master:6fe1ce2   Built Jun 30 2026.,static_crystal_polymer,,
1NW4,diffdock,scored,0.72141,gnina v1.3.3 master:6fe1ce2   Built Jun 30 2026.,static_crystal_polymer,,
1OGZ,equibind,scored,0.01853,gnina v1.3.3 master:6fe1ce2   Built Jun 30 2026.,static_crystal_polymer,,
1OGZ,diffdock,scored,0.59649,gnina v1.3.3 master:6fe1ce2   Built Jun 30 2026.,static_crystal_polymer,,
1OE7,equibind,scored,0.07553,gnina v1.3.3 master:6fe1ce2   Built Jun 30 2026.,static_crystal_polymer,,
1OE7,diffdock,scored,0.5859,gnina v1.3.3 master:6fe1ce2   Built Jun 30 2026.,static_crystal_polymer,,
1OGX,equibind,scored,0.58872,gnina v1.3.3 master:6fe1ce2   Built Jun 30 2026.,static_crystal_polymer,,
1OGX,diffdock,scored,0.59605,gnina v1.3.3 master:6fe1ce2   Built Jun 30 2026.,static_crystal_polymer,,
1OFZ,equibind,scored,0.00167,gnina v1.3.3 master:6fe1ce2   Built Jun 30 2026.,static_crystal_polymer,,
1OFZ,diffdock,scored,0.9255,gnina v1.3.3 master:6fe1ce2   Built Jun 30 2026.,static_crystal_polymer,,
1OKL,equibind,scored,0.40056,gnina v1.3.3 master:6fe1ce2   Built Jun 30 2026.,static_crystal_polymer,,
1OKL,diffdock,scored,0.72183,gnina v1.3.3 master:6fe1ce2   Built Jun 30 2026.,static_crystal_polymer,,
1OGD,equibind,scored,0.87553,gnina v1.3.3 master:6fe1ce2   Built Jun 30 2026.,static_crystal_polymer,,
1OGD,diffdock,scored,0.82155,gnina v1.3.3 master:6fe1ce2   Built Jun 30 2026.,static_crystal_polymer,,
1O6H,equibind,scored,0.3952,gnina v1.3.3 master:6fe1ce2   Built Jun 30 2026.,static_crystal_polymer,,
1O6H,diffdock,scored,0.76594,gnina v1.3.3 master:6fe1ce2   Built Jun 30 2026.,static_crystal_polymer,,
1O79,equibind,scored,0.42466,gnina v1.3.3 master:6fe1ce2   Built Jun 30 2026.,static_crystal_polymer,,
1O79,diffdock,scored,0.45856,gnina v1.3.3 master:6fe1ce2   Built Jun 30 2026.,static_crystal_polymer,,
1OIF,equibind,scored,0.03966,gnina v1.3.3 master:6fe1ce2   Built Jun 30 2026.,static_crystal_polymer,,
1OIF,diffdock,scored,0.88769,gnina v1.3.3 master:6fe1ce2   Built Jun 30 2026.,static_crystal_polymer,,
1OKZ,equibind,scored,0.1993,gnina v1.3.3 master:6fe1ce2   Built Jun 30 2026.,static_crystal_polymer,,
1OKZ,diffdock,scored,0.90577,gnina v1.3.3 master:6fe1ce2   Built Jun 30 2026.,static_crystal_polymer,,
1OKO,equibind,scored,5e-05,gnina v1.3.3 master:6fe1ce2   Built Jun 30 2026.,static_crystal_polymer,,
1OKO,diffdock,scored,0.58772,gnina v1.3.3 master:6fe1ce2   Built Jun 30 2026.,static_crystal_polymer,,
1OIM,equibind,scored,0.04763,gnina v1.3.3 master:6fe1ce2   Built Jun 30 2026.,static_crystal_polymer,,
1OIM,diffdock,scored,0.94627,gnina v1.3.3 master:6fe1ce2   Built Jun 30 2026.,static_crystal_polymer,,
1ONG,equibind,scored,0.17693,gnina v1.3.3 master:6fe1ce2   Built Jun 30 2026.,static_crystal_polymer,,
1ONG,diffdock,scored,0.35346,gnina v1.3.3 master:6fe1ce2   Built Jun 30 2026.,static_crystal_polymer,,
1ONH,equibind,scored,0.04379,gnina v1.3.3 master:6fe1ce2   Built Jun 30 2026.,static_crystal_polymer,,
1ONH,diffdock,scored,0.17179,gnina v1.3.3 master:6fe1ce2   Built Jun 30 2026.,static_crystal_polymer,,
1OIU,equibind,scored,0.00309,gnina v1.3.3 master:6fe1ce2   Built Jun 30 2026.,static_crystal_polymer,,
1OIU,diffdock,scored,0.58424,gnina v1.3.3 master:6fe1ce2   Built Jun 30 2026.,static_crystal_polymer,,
1ORK,equibind,scored,0.00161,gnina v1.3.3 master:6fe1ce2   Built Jun 30 2026.,static_crystal_polymer,,
1ORK,diffdock,scored,0.51706,gnina v1.3.3 master:6fe1ce2   Built Jun 30 2026.,static_crystal_polymer,,
1OQ5,equibind,scored,0.35772,gnina v1.3.3 master:6fe1ce2   Built Jun 30 2026.,static_crystal_polymer,,
1OQ5,diffdock,scored,0.39448,gnina v1.3.3 master:6fe1ce2   Built Jun 30 2026.,static_crystal_polymer,,
1OLX,equibind,scored,0.0003,gnina v1.3.3 master:6fe1ce2   Built Jun 30 2026.,static_crystal_polymer,,
1OLX,diffdock,scored,0.23977,gnina v1.3.3 master:6fe1ce2   Built Jun 30 2026.,static_crystal_polymer,,
1OTH,equibind,scored,0.0019,gnina v1.3.3 master:6fe1ce2   Built Jun 30 2026.,static_crystal_polymer,,
1OTH,diffdock,scored,0.92769,gnina v1.3.3 master:6fe1ce2   Built Jun 30 2026.,static_crystal_polymer,,
1ONP,equibind,scored,0.24193,gnina v1.3.3 master:6fe1ce2   Built Jun 30 2026.,static_crystal_polymer,,
1ONP,diffdock,scored,0.78628,gnina v1.3.3 master:6fe1ce2   Built Jun 30 2026.,static_crystal_polymer,,
1P01,diffdock,scored,0.07429,gnina v1.3.3 master:6fe1ce2   Built Jun 30 2026.,static_crystal_polymer,,
1OS0,equibind,scored,0.0129,gnina v1.3.3 master:6fe1ce2   Built Jun 30 2026.,static_crystal_polymer,,
1OS0,diffdock,scored,0.63249,gnina v1.3.3 master:6fe1ce2   Built Jun 30 2026.,static_crystal_polymer,,
1ODJ,equibind,scored,1e-05,gnina v1.3.3 master:6fe1ce2   Built Jun 30 2026.,static_crystal_polymer,,
1ODJ,diffdock,scored,0.76033,gnina v1.3.3 master:6fe1ce2   Built Jun 30 2026.,static_crystal_polymer,,
1OUY,equibind,scored,0.00533,gnina v1.3.3 master:6fe1ce2   Built Jun 30 2026.,static_crystal_polymer,,
1OUY,diffdock,scored,0.56363,gnina v1.3.3 master:6fe1ce2   Built Jun 30 2026.,static_crystal_polymer,,
1OVE,equibind,scored,0.53175,gnina v1.3.3 master:6fe1ce2   Built Jun 30 2026.,static_crystal_polymer,,
1OVE,diffdock,scored,0.64841,gnina v1.3.3 master:6fe1ce2   Built Jun 30 2026.,static_crystal_polymer,,
1P1O,equibind,scored,0.03515,gnina v1.3.3 master:6fe1ce2   Built Jun 30 2026.,static_crystal_polymer,,
1P1O,diffdock,scored,0.95717,gnina v1.3.3 master:6fe1ce2   Built Jun 30 2026.,static_crystal_polymer,,
1OW4,equibind,scored,0.00136,gnina v1.3.3 master:6fe1ce2   Built Jun 30 2026.,static_crystal_polymer,,
1OW4,diffdock,scored,0.80699,gnina v1.3.3 master:6fe1ce2   Built Jun 30 2026.,static_crystal_polymer,,
1OE0,equibind,scored,0.0,gnina v1.3.3 master:6fe1ce2   Built Jun 30 2026.,static_crystal_polymer,,
1OE0,diffdock,scored,0.97669,gnina v1.3.3 master:6fe1ce2   Built Jun 30 2026.,static_crystal_polymer,,
1P1N,equibind,scored,0.01487,gnina v1.3.3 master:6fe1ce2   Built Jun 30 2026.,static_crystal_polymer,,
1P1N,diffdock,scored,0.4447,gnina v1.3.3 master:6fe1ce2   Built Jun 30 2026.,static_crystal_polymer,,
1P28,equibind,scored,0.1742,gnina v1.3.3 master:6fe1ce2   Built Jun 30 2026.,static_crystal_polymer,,
1P28,diffdock,scored,0.77472,gnina v1.3.3 master:6fe1ce2   Built Jun 30 2026.,static_crystal_polymer,,
1P6D,equibind,scored,0.00015,gnina v1.3.3 master:6fe1ce2   Built Jun 30 2026.,static_crystal_polymer,,
1P6D,diffdock,scored,0.75245,gnina v1.3.3 master:6fe1ce2   Built Jun 30 2026.,static_crystal_polymer,,
1P6E,equibind,scored,0.00238,gnina v1.3.3 master:6fe1ce2   Built Jun 30 2026.,static_crystal_polymer,,
1P6E,diffdock,scored,0.76301,gnina v1.3.3 master:6fe1ce2   Built Jun 30 2026.,static_crystal_polymer,,
1PB8,equibind,scored,0.05154,gnina v1.3.3 master:6fe1ce2   Built Jun 30 2026.,static_crystal_polymer,,
1PB8,diffdock,scored,0.98413,gnina v1.3.3 master:6fe1ce2   Built Jun 30 2026.,static_crystal_polymer,,
1PBK,equibind,scored,0.01239,gnina v1.3.3 master:6fe1ce2   Built Jun 30 2026.,static_crystal_polymer,,
1PBK,diffdock,scored,0.00093,gnina v1.3.3 master:6fe1ce2   Built Jun 30 2026.,static_crystal_polymer,,
1P1Q,equibind,scored,0.06909,gnina v1.3.3 master:6fe1ce2   Built Jun 30 2026.,static_crystal_polymer,,
1P1Q,diffdock,scored,0.90393,gnina v1.3.3 master:6fe1ce2   Built Jun 30 2026.,static_crystal_polymer,,
1P19,equibind,scored,0.00166,gnina v1.3.3 master:6fe1ce2   Built Jun 30 2026.,static_crystal_polymer,,
1P19,diffdock,scored,0.66683,gnina v1.3.3 master:6fe1ce2   Built Jun 30 2026.,static_crystal_polymer,,
1OZV,equibind,scored,6e-05,gnina v1.3.3 master:6fe1ce2   Built Jun 30 2026.,static_crystal_polymer,,
1OZV,diffdock,scored,0.55705,gnina v1.3.3 master:6fe1ce2   Built Jun 30 2026.,static_crystal_polymer,,
1P17,equibind,scored,0.00483,gnina v1.3.3 master:6fe1ce2   Built Jun 30 2026.,static_crystal_polymer,,
1P17,diffdock,scored,0.97928,gnina v1.3.3 master:6fe1ce2   Built Jun 30 2026.,static_crystal_polymer,,
1P0Y,equibind,scored,0.003,gnina v1.3.3 master:6fe1ce2   Built Jun 30 2026.,static_crystal_polymer,,
1P0Y,diffdock,scored,0.97275,gnina v1.3.3 master:6fe1ce2   Built Jun 30 2026.,static_crystal_polymer,,
1OYN,equibind,scored,0.08749,gnina v1.3.3 master:6fe1ce2   Built Jun 30 2026.,static_crystal_polymer,,
1OYN,diffdock,scored,0.51313,gnina v1.3.3 master:6fe1ce2   Built Jun 30 2026.,static_crystal_polymer,,
1PDZ,equibind,scored,0.34905,gnina v1.3.3 master:6fe1ce2   Built Jun 30 2026.,static_crystal_polymer,,
1PDZ,diffdock,scored,0.21987,gnina v1.3.3 master:6fe1ce2   Built Jun 30 2026.,static_crystal_polymer,,
1PF7,equibind,scored,0.2455,gnina v1.3.3 master:6fe1ce2   Built Jun 30 2026.,static_crystal_polymer,,
1PF7,diffdock,scored,0.70987,gnina v1.3.3 master:6fe1ce2   Built Jun 30 2026.,static_crystal_polymer,,
1PHW,equibind,scored,0.02402,gnina v1.3.3 master:6fe1ce2   Built Jun 30 2026.,static_crystal_polymer,,
1PHW,diffdock,scored,0.40704,gnina v1.3.3 master:6fe1ce2   Built Jun 30 2026.,static_crystal_polymer,,
1PG2,equibind,scored,0.26376,gnina v1.3.3 master:6fe1ce2   Built Jun 30 2026.,static_crystal_polymer,,
1PG2,diffdock,scored,0.55069,gnina v1.3.3 master:6fe1ce2   Built Jun 30 2026.,static_crystal_polymer,,
1PBQ,equibind,scored,0.03205,gnina v1.3.3 master:6fe1ce2   Built Jun 30 2026.,static_crystal_polymer,,
1PBQ,diffdock,scored,0.88793,gnina v1.3.3 master:6fe1ce2   Built Jun 30 2026.,static_crystal_polymer,,
1PGP,equibind,scored,0.0007,gnina v1.3.3 master:6fe1ce2   Built Jun 30 2026.,static_crystal_polymer,,
1PGP,diffdock,scored,0.69482,gnina v1.3.3 master:6fe1ce2   Built Jun 30 2026.,static_crystal_polymer,,
1PME,equibind,scored,0.00337,gnina v1.3.3 master:6fe1ce2   Built Jun 30 2026.,static_crystal_polymer,,
1PME,diffdock,scored,0.04779,gnina v1.3.3 master:6fe1ce2   Built Jun 30 2026.,static_crystal_polymer,,
1PMN,equibind,scored,0.00228,gnina v1.3.3 master:6fe1ce2   Built Jun 30 2026.,static_crystal_polymer,,
1PMN,diffdock,scored,0.79335,gnina v1.3.3 master:6fe1ce2   Built Jun 30 2026.,static_crystal_polymer,,
1PMU,equibind,scored,0.35269,gnina v1.3.3 master:6fe1ce2   Built Jun 30 2026.,static_crystal_polymer,,
1PMU,diffdock,scored,0.96721,gnina v1.3.3 master:6fe1ce2   Built Jun 30 2026.,static_crystal_polymer,,
1P93,equibind,scored,1e-05,gnina v1.3.3 master:6fe1ce2   Built Jun 30 2026.,static_crystal_polymer,,
1P93,diffdock,scored,0.65458,gnina v1.3.3 master:6fe1ce2   Built Jun 30 2026.,static_crystal_polymer,,
1PMV,equibind,scored,0.73932,gnina v1.3.3 master:6fe1ce2   Built Jun 30 2026.,static_crystal_polymer,,
1PMV,diffdock,scored,0.93534,gnina v1.3.3 master:6fe1ce2   Built Jun 30 2026.,static_crystal_polymer,,
1POT,equibind,scored,0.07123,gnina v1.3.3 master:6fe1ce2   Built Jun 30 2026.,static_crystal_polymer,,
1POT,diffdock,scored,0.18496,gnina v1.3.3 master:6fe1ce2   Built Jun 30 2026.,static_crystal_polymer,,
1PPK,equibind,scored,0.00124,gnina v1.3.3 master:6fe1ce2   Built Jun 30 2026.,static_crystal_polymer,,
1PPK,diffdock,scored,0.43924,gnina v1.3.3 master:6fe1ce2   Built Jun 30 2026.,static_crystal_polymer,,
1PPW,equibind,scored,0.00654,gnina v1.3.3 master:6fe1ce2   Built Jun 30 2026.,static_crystal_polymer,,
1PPW,diffdock,scored,0.69608,gnina v1.3.3 master:6fe1ce2   Built Jun 30 2026.,static_crystal_polymer,,
1PPX,equibind,scored,0.00759,gnina v1.3.3 master:6fe1ce2   Built Jun 30 2026.,static_crystal_polymer,,
1PPX,diffdock,scored,0.03852,gnina v1.3.3 master:6fe1ce2   Built Jun 30 2026.,static_crystal_polymer,,
1PPL,equibind,scored,7e-05,gnina v1.3.3 master:6fe1ce2   Built Jun 30 2026.,static_crystal_polymer,,
1PPL,diffdock,scored,0.6566,gnina v1.3.3 master:6fe1ce2   Built Jun 30 2026.,static_crystal_polymer,,
1PUN,equibind,scored,0.08031,gnina v1.3.3 master:6fe1ce2   Built Jun 30 2026.,static_crystal_polymer,,
1PUN,diffdock,scored,0.11181,gnina v1.3.3 master:6fe1ce2   Built Jun 30 2026.,static_crystal_polymer,,
1PR1,equibind,scored,2e-05,gnina v1.3.3 master:6fe1ce2   Built Jun 30 2026.,static_crystal_polymer,,
1PR1,diffdock,scored,0.39376,gnina v1.3.3 master:6fe1ce2   Built Jun 30 2026.,static_crystal_polymer,,
1PI5,equibind,scored,0.00574,gnina v1.3.3 master:6fe1ce2   Built Jun 30 2026.,static_crystal_polymer,,
1PI5,diffdock,scored,0.2268,gnina v1.3.3 master:6fe1ce2   Built Jun 30 2026.,static_crystal_polymer,,
1PUM,equibind,scored,0.01438,gnina v1.3.3 master:6fe1ce2   Built Jun 30 2026.,static_crystal_polymer,,
1PUM,diffdock,scored,0.79661,gnina v1.3.3 master:6fe1ce2   Built Jun 30 2026.,static_crystal_polymer,,
1PR5,equibind,scored,0.00054,gnina v1.3.3 master:6fe1ce2   Built Jun 30 2026.,static_crystal_polymer,,
1PR5,diffdock,scored,0.05747,gnina v1.3.3 master:6fe1ce2   Built Jun 30 2026.,static_crystal_polymer,,
1PUQ,equibind,scored,0.02773,gnina v1.3.3 master:6fe1ce2   Built Jun 30 2026.,static_crystal_polymer,,
1PUQ,diffdock,scored,0.01716,gnina v1.3.3 master:6fe1ce2   Built Jun 30 2026.,static_crystal_polymer,,
1PUS,equibind,scored,0.0382,gnina v1.3.3 master:6fe1ce2   Built Jun 30 2026.,static_crystal_polymer,,
1PUS,diffdock,scored,0.03297,gnina v1.3.3 master:6fe1ce2   Built Jun 30 2026.,static_crystal_polymer,,
1PW6,equibind,scored,0.02021,gnina v1.3.3 master:6fe1ce2   Built Jun 30 2026.,static_crystal_polymer,,
1PW6,diffdock,scored,0.04996,gnina v1.3.3 master:6fe1ce2   Built Jun 30 2026.,static_crystal_polymer,,
1PWY,equibind,scored,0.00058,gnina v1.3.3 master:6fe1ce2   Built Jun 30 2026.,static_crystal_polymer,,
1PWY,diffdock,scored,0.65138,gnina v1.3.3 master:6fe1ce2   Built Jun 30 2026.,static_crystal_polymer,,
1PXI,equibind,scored,0.68776,gnina v1.3.3 master:6fe1ce2   Built Jun 30 2026.,static_crystal_polymer,,
1PXI,diffdock,scored,0.84063,gnina v1.3.3 master:6fe1ce2   Built Jun 30 2026.,static_crystal_polymer,,
1PS3,equibind,scored,0.15906,gnina v1.3.3 master:6fe1ce2   Built Jun 30 2026.,static_crystal_polymer,,
1PS3,diffdock,scored,0.48441,gnina v1.3.3 master:6fe1ce2   Built Jun 30 2026.,static_crystal_polymer,,
1PXJ,equibind,scored,0.17103,gnina v1.3.3 master:6fe1ce2   Built Jun 30 2026.,static_crystal_polymer,,
1PXJ,diffdock,scored,0.79467,gnina v1.3.3 master:6fe1ce2   Built Jun 30 2026.,static_crystal_polymer,,
1PXK,equibind,scored,0.2581,gnina v1.3.3 master:6fe1ce2   Built Jun 30 2026.,static_crystal_polymer,,
1PXK,diffdock,scored,0.4115,gnina v1.3.3 master:6fe1ce2   Built Jun 30 2026.,static_crystal_polymer,,
1PK0,equibind,scored,0.04435,gnina v1.3.3 master:6fe1ce2   Built Jun 30 2026.,static_crystal_polymer,,
1PK0,diffdock,scored,0.08759,gnina v1.3.3 master:6fe1ce2   Built Jun 30 2026.,static_crystal_polymer,,
1Q0B,equibind,scored,0.00146,gnina v1.3.3 master:6fe1ce2   Built Jun 30 2026.,static_crystal_polymer,,
1Q0B,diffdock,scored,0.87812,gnina v1.3.3 master:6fe1ce2   Built Jun 30 2026.,static_crystal_polymer,,
1PKX,equibind,scored,0.24451,gnina v1.3.3 master:6fe1ce2   Built Jun 30 2026.,static_crystal_polymer,,
1PKX,diffdock,scored,0.89152,gnina v1.3.3 master:6fe1ce2   Built Jun 30 2026.,static_crystal_polymer,,
1Q4W,equibind,scored,0.5842,gnina v1.3.3 master:6fe1ce2   Built Jun 30 2026.,static_crystal_polymer,,
1Q4W,diffdock,scored,0.97224,gnina v1.3.3 master:6fe1ce2   Built Jun 30 2026.,static_crystal_polymer,,
1PWP,equibind,scored,0.31094,gnina v1.3.3 master:6fe1ce2   Built Jun 30 2026.,static_crystal_polymer,,
1PWP,diffdock,scored,0.55595,gnina v1.3.3 master:6fe1ce2   Built Jun 30 2026.,static_crystal_polymer,,
1Q3D,equibind,scored,0.49665,gnina v1.3.3 master:6fe1ce2   Built Jun 30 2026.,static_crystal_polymer,,
1Q3D,diffdock,scored,0.93896,gnina v1.3.3 master:6fe1ce2   Built Jun 30 2026.,static_crystal_polymer,,
1PWQ,equibind,scored,0.37441,gnina v1.3.3 master:6fe1ce2   Built Jun 30 2026.,static_crystal_polymer,,
1PWQ,diffdock,scored,0.67044,gnina v1.3.3 master:6fe1ce2   Built Jun 30 2026.,static_crystal_polymer,,
1Q41,equibind,scored,0.06294,gnina v1.3.3 master:6fe1ce2   Built Jun 30 2026.,static_crystal_polymer,,
1Q41,diffdock,scored,0.96228,gnina v1.3.3 master:6fe1ce2   Built Jun 30 2026.,static_crystal_polymer,,
1Q4L,equibind,scored,0.01262,gnina v1.3.3 master:6fe1ce2   Built Jun 30 2026.,static_crystal_polymer,,
1Q4L,diffdock,scored,0.72915,gnina v1.3.3 master:6fe1ce2   Built Jun 30 2026.,static_crystal_polymer,,
1Q63,equibind,scored,0.51087,gnina v1.3.3 master:6fe1ce2   Built Jun 30 2026.,static_crystal_polymer,,
1Q63,diffdock,scored,0.94476,gnina v1.3.3 master:6fe1ce2   Built Jun 30 2026.,static_crystal_polymer,,
1Q54,equibind,scored,0.00258,gnina v1.3.3 master:6fe1ce2   Built Jun 30 2026.,static_crystal_polymer,,
1Q54,diffdock,scored,0.46873,gnina v1.3.3 master:6fe1ce2   Built Jun 30 2026.,static_crystal_polymer,,
1Q6K,equibind,scored,0.14164,gnina v1.3.3 master:6fe1ce2   Built Jun 30 2026.,static_crystal_polymer,,
1Q6K,diffdock,scored,0.71676,gnina v1.3.3 master:6fe1ce2   Built Jun 30 2026.,static_crystal_polymer,,
1Q7A,equibind,scored,0.67393,gnina v1.3.3 master:6fe1ce2   Built Jun 30 2026.,static_crystal_polymer,,
1Q7A,diffdock,scored,0.3467,gnina v1.3.3 master:6fe1ce2   Built Jun 30 2026.,static_crystal_polymer,,
1Q65,equibind,scored,0.06644,gnina v1.3.3 master:6fe1ce2   Built Jun 30 2026.,static_crystal_polymer,,
1Q65,diffdock,scored,0.98615,gnina v1.3.3 master:6fe1ce2   Built Jun 30 2026.,static_crystal_polymer,,
1Q72,equibind,scored,0.00799,gnina v1.3.3 master:6fe1ce2   Built Jun 30 2026.,static_crystal_polymer,,
1Q72,diffdock,scored,0.5165,gnina v1.3.3 master:6fe1ce2   Built Jun 30 2026.,static_crystal_polymer,,
1PVN,equibind,scored,0.15692,gnina v1.3.3 master:6fe1ce2   Built Jun 30 2026.,static_crystal_polymer,,
1PVN,diffdock,scored,0.9163,gnina v1.3.3 master:6fe1ce2   Built Jun 30 2026.,static_crystal_polymer,,
1Q8T,equibind,scored,0.42438,gnina v1.3.3 master:6fe1ce2   Built Jun 30 2026.,static_crystal_polymer,,
1Q8T,diffdock,scored,0.4148,gnina v1.3.3 master:6fe1ce2   Built Jun 30 2026.,static_crystal_polymer,,
1Q8U,equibind,scored,0.75813,gnina v1.3.3 master:6fe1ce2   Built Jun 30 2026.,static_crystal_polymer,,
1Q8U,diffdock,scored,0.80125,gnina v1.3.3 master:6fe1ce2   Built Jun 30 2026.,static_crystal_polymer,,
1Q8W,equibind,scored,0.76134,gnina v1.3.3 master:6fe1ce2   Built Jun 30 2026.,static_crystal_polymer,,
1Q8W,diffdock,scored,0.95106,gnina v1.3.3 master:6fe1ce2   Built Jun 30 2026.,static_crystal_polymer,,
1Q91,equibind,scored,0.01212,gnina v1.3.3 master:6fe1ce2   Built Jun 30 2026.,static_crystal_polymer,,
1Q91,diffdock,scored,0.13831,gnina v1.3.3 master:6fe1ce2   Built Jun 30 2026.,static_crystal_polymer,,
1QBQ,equibind,scored,0.05482,gnina v1.3.3 master:6fe1ce2   Built Jun 30 2026.,static_crystal_polymer,,
1QBQ,diffdock,scored,0.5129,gnina v1.3.3 master:6fe1ce2   Built Jun 30 2026.,static_crystal_polymer,,
1QCA,equibind,scored,0.01564,gnina v1.3.3 master:6fe1ce2   Built Jun 30 2026.,static_crystal_polymer,,
1QCA,diffdock,scored,0.08966,gnina v1.3.3 master:6fe1ce2   Built Jun 30 2026.,static_crystal_polymer,,
1QF0,equibind,scored,0.00033,gnina v1.3.3 master:6fe1ce2   Built Jun 30 2026.,static_crystal_polymer,,
1QF0,diffdock,scored,0.90933,gnina v1.3.3 master:6fe1ce2   Built Jun 30 2026.,static_crystal_polymer,,
1QF1,equibind,scored,0.00775,gnina v1.3.3 master:6fe1ce2   Built Jun 30 2026.,static_crystal_polymer,,
1QF1,diffdock,scored,0.95395,gnina v1.3.3 master:6fe1ce2   Built Jun 30 2026.,static_crystal_polymer,,
1QF5,equibind,scored,0.00223,gnina v1.3.3 master:6fe1ce2   Built Jun 30 2026.,static_crystal_polymer,,
1QF5,diffdock,scored,0.84055,gnina v1.3.3 master:6fe1ce2   Built Jun 30 2026.,static_crystal_polymer,,
1Q9M,equibind,scored,0.15842,gnina v1.3.3 master:6fe1ce2   Built Jun 30 2026.,static_crystal_polymer,,
1Q9M,diffdock,scored,0.83322,gnina v1.3.3 master:6fe1ce2   Built Jun 30 2026.,static_crystal_polymer,,
1QFS,equibind,scored,0.6125,gnina v1.3.3 master:6fe1ce2   Built Jun 30 2026.,static_crystal_polymer,,
1QFS,diffdock,scored,0.87753,gnina v1.3.3 master:6fe1ce2   Built Jun 30 2026.,static_crystal_polymer,,
1Q1G,equibind,scored,0.26997,gnina v1.3.3 master:6fe1ce2   Built Jun 30 2026.,static_crystal_polymer,,
1Q1G,diffdock,scored,0.7675,gnina v1.3.3 master:6fe1ce2   Built Jun 30 2026.,static_crystal_polymer,,
1QFT,equibind,scored,0.01833,gnina v1.3.3 master:6fe1ce2   Built Jun 30 2026.,static_crystal_polymer,,
1QFT,diffdock,scored,0.48688,gnina v1.3.3 master:6fe1ce2   Built Jun 30 2026.,static_crystal_polymer,,
1QIW,equibind,scored,0.10636,gnina v1.3.3 master:6fe1ce2   Built Jun 30 2026.,static_crystal_polymer,,
1QIW,diffdock,scored,0.34866,gnina v1.3.3 master:6fe1ce2   Built Jun 30 2026.,static_crystal_polymer,,
1PXH,equibind,scored,1e-05,gnina v1.3.3 master:6fe1ce2   Built Jun 30 2026.,static_crystal_polymer,,
1PXH,diffdock,scored,0.20958,gnina v1.3.3 master:6fe1ce2   Built Jun 30 2026.,static_crystal_polymer,,
1QIN,equibind,scored,0.0004,gnina v1.3.3 master:6fe1ce2   Built Jun 30 2026.,static_crystal_polymer,,
1QIN,diffdock,scored,0.54748,gnina v1.3.3 master:6fe1ce2   Built Jun 30 2026.,static_crystal_polymer,,
1QKT,equibind,scored,0.18456,gnina v1.3.3 master:6fe1ce2   Built Jun 30 2026.,static_crystal_polymer,,
1QKT,diffdock,scored,0.89698,gnina v1.3.3 master:6fe1ce2   Built Jun 30 2026.,static_crystal_polymer,,
1PX4,equibind,scored,0.00624,gnina v1.3.3 master:6fe1ce2   Built Jun 30 2026.,static_crystal_polymer,,
1QKN,equibind,scored,0.09266,gnina v1.3.3 master:6fe1ce2   Built Jun 30 2026.,static_crystal_polymer,,
1QKN,diffdock,scored,0.48305,gnina v1.3.3 master:6fe1ce2   Built Jun 30 2026.,static_crystal_polymer,,
1QL9,equibind,scored,0.03331,gnina v1.3.3 master:6fe1ce2   Built Jun 30 2026.,static_crystal_polymer,,
1QL9,diffdock,scored,0.57665,gnina v1.3.3 master:6fe1ce2   Built Jun 30 2026.,static_crystal_polymer,,
1QL7,equibind,scored,0.01043,gnina v1.3.3 master:6fe1ce2   Built Jun 30 2026.,static_crystal_polymer,,
1QL7,diffdock,scored,0.60222,gnina v1.3.3 master:6fe1ce2   Built Jun 30 2026.,static_crystal_polymer,,
1QK3,equibind,scored,0.00263,gnina v1.3.3 master:6fe1ce2   Built Jun 30 2026.,static_crystal_polymer,,
1QK3,diffdock,scored,0.99107,gnina v1.3.3 master:6fe1ce2   Built Jun 30 2026.,static_crystal_polymer,,
1QON,equibind,scored,0.40625,gnina v1.3.3 master:6fe1ce2   Built Jun 30 2026.,static_crystal_polymer,,
1QON,diffdock,scored,0.4655,gnina v1.3.3 master:6fe1ce2   Built Jun 30 2026.,static_crystal_polymer,,
1QKU,equibind,scored,0.00283,gnina v1.3.3 master:6fe1ce2   Built Jun 30 2026.,static_crystal_polymer,,
1QKU,diffdock,scored,0.8429,gnina v1.3.3 master:6fe1ce2   Built Jun 30 2026.,static_crystal_polymer,,
1QK4,equibind,scored,0.00331,gnina v1.3.3 master:6fe1ce2   Built Jun 30 2026.,static_crystal_polymer,,
1QK4,diffdock,scored,0.77957,gnina v1.3.3 master:6fe1ce2   Built Jun 30 2026.,static_crystal_polymer,,
1QM4,equibind,scored,0.37866,gnina v1.3.3 master:6fe1ce2   Built Jun 30 2026.,static_crystal_polymer,,
1QM4,diffdock,scored,0.68762,gnina v1.3.3 master:6fe1ce2   Built Jun 30 2026.,static_crystal_polymer,,
1QQ9,equibind,scored,0.43093,gnina v1.3.3 master:6fe1ce2   Built Jun 30 2026.,static_crystal_polymer,,
1QQ9,diffdock,scored,0.15803,gnina v1.3.3 master:6fe1ce2   Built Jun 30 2026.,static_crystal_polymer,,
1QPE,equibind,scored,0.03992,gnina v1.3.3 master:6fe1ce2   Built Jun 30 2026.,static_crystal_polymer,,
1QPE,diffdock,scored,0.98376,gnina v1.3.3 master:6fe1ce2   Built Jun 30 2026.,static_crystal_polymer,,
1QPL,equibind,scored,1e-05,gnina v1.3.3 master:6fe1ce2   Built Jun 30 2026.,static_crystal_polymer,,
1QPL,diffdock,scored,0.38332,gnina v1.3.3 master:6fe1ce2   Built Jun 30 2026.,static_crystal_polymer,,
1QPF,equibind,scored,1e-05,gnina v1.3.3 master:6fe1ce2   Built Jun 30 2026.,static_crystal_polymer,,
1QPF,diffdock,scored,0.39816,gnina v1.3.3 master:6fe1ce2   Built Jun 30 2026.,static_crystal_polymer,,
1QS4,equibind,scored,0.01234,gnina v1.3.3 master:6fe1ce2   Built Jun 30 2026.,static_crystal_polymer,,
1QS4,diffdock,scored,0.74107,gnina v1.3.3 master:6fe1ce2   Built Jun 30 2026.,static_crystal_polymer,,
1QTI,equibind,scored,0.68884,gnina v1.3.3 master:6fe1ce2   Built Jun 30 2026.,static_crystal_polymer,,
1QTI,diffdock,scored,0.70294,gnina v1.3.3 master:6fe1ce2   Built Jun 30 2026.,static_crystal_polymer,,
1QW7,equibind,scored,0.01638,gnina v1.3.3 master:6fe1ce2   Built Jun 30 2026.,static_crystal_polymer,,
1QW7,diffdock,scored,0.69228,gnina v1.3.3 master:6fe1ce2   Built Jun 30 2026.,static_crystal_polymer,,
1QPB,equibind,scored,0.73845,gnina v1.3.3 master:6fe1ce2   Built Jun 30 2026.,static_crystal_polymer,,
1QPB,diffdock,scored,0.04917,gnina v1.3.3 master:6fe1ce2   Built Jun 30 2026.,static_crystal_polymer,,
1QXW,equibind,scored,0.49665,gnina v1.3.3 master:6fe1ce2   Built Jun 30 2026.,static_crystal_polymer,,
1QXW,diffdock,scored,0.71213,gnina v1.3.3 master:6fe1ce2   Built Jun 30 2026.,static_crystal_polymer,,
1QVT,equibind,scored,0.01014,gnina v1.3.3 master:6fe1ce2   Built Jun 30 2026.,static_crystal_polymer,,
1QVT,diffdock,scored,0.46658,gnina v1.3.3 master:6fe1ce2   Built Jun 30 2026.,static_crystal_polymer,,
1QVU,equibind,scored,0.00348,gnina v1.3.3 master:6fe1ce2   Built Jun 30 2026.,static_crystal_polymer,,
1QVU,diffdock,scored,0.55519,gnina v1.3.3 master:6fe1ce2   Built Jun 30 2026.,static_crystal_polymer,,
1QXY,equibind,scored,0.35607,gnina v1.3.3 master:6fe1ce2   Built Jun 30 2026.,static_crystal_polymer,,
1QXY,diffdock,scored,0.88083,gnina v1.3.3 master:6fe1ce2   Built Jun 30 2026.,static_crystal_polymer,,
1QAW,equibind,scored,0.16572,gnina v1.3.3 master:6fe1ce2   Built Jun 30 2026.,static_crystal_polymer,,
1QAW,diffdock,scored,0.59044,gnina v1.3.3 master:6fe1ce2   Built Jun 30 2026.,static_crystal_polymer,,
1QXL,equibind,scored,0.0001,gnina v1.3.3 master:6fe1ce2   Built Jun 30 2026.,static_crystal_polymer,,
1QXL,diffdock,scored,0.90301,gnina v1.3.3 master:6fe1ce2   Built Jun 30 2026.,static_crystal_polymer,,
1QY2,equibind,scored,0.0278,gnina v1.3.3 master:6fe1ce2   Built Jun 30 2026.,static_crystal_polymer,,
1QY2,diffdock,scored,0.65322,gnina v1.3.3 master:6fe1ce2   Built Jun 30 2026.,static_crystal_polymer,,
1QY1,equibind,scored,0.61036,gnina v1.3.3 master:6fe1ce2   Built Jun 30 2026.,static_crystal_polymer,,
1QY1,diffdock,scored,0.6337,gnina v1.3.3 master:6fe1ce2   Built Jun 30 2026.,static_crystal_polymer,,
1QXZ,equibind,scored,0.37363,gnina v1.3.3 master:6fe1ce2   Built Jun 30 2026.,static_crystal_polymer,,
1QXZ,diffdock,scored,0.9481,gnina v1.3.3 master:6fe1ce2   Built Jun 30 2026.,static_crystal_polymer,,
1QWU,equibind,scored,0.28104,gnina v1.3.3 master:6fe1ce2   Built Jun 30 2026.,static_crystal_polymer,,
1QWU,diffdock,scored,0.95385,gnina v1.3.3 master:6fe1ce2   Built Jun 30 2026.,static_crystal_polymer,,
1QYG,equibind,scored,0.55571,gnina v1.3.3 master:6fe1ce2   Built Jun 30 2026.,static_crystal_polymer,,
1QYG,diffdock,scored,0.84856,gnina v1.3.3 master:6fe1ce2   Built Jun 30 2026.,static_crystal_polymer,,
1R58,equibind,scored,0.00345,gnina v1.3.3 master:6fe1ce2   Built Jun 30 2026.,static_crystal_polymer,,
1R58,diffdock,scored,0.7743,gnina v1.3.3 master:6fe1ce2   Built Jun 30 2026.,static_crystal_polymer,,
1QX1,equibind,scored,0.55831,gnina v1.3.3 master:6fe1ce2   Built Jun 30 2026.,static_crystal_polymer,,
1QX1,diffdock,scored,0.75205,gnina v1.3.3 master:6fe1ce2   Built Jun 30 2026.,static_crystal_polymer,,
1R5G,equibind,scored,0.00058,gnina v1.3.3 master:6fe1ce2   Built Jun 30 2026.,static_crystal_polymer,,
1R5G,diffdock,scored,0.93735,gnina v1.3.3 master:6fe1ce2   Built Jun 30 2026.,static_crystal_polymer,,
1R5Y,equibind,scored,0.03286,gnina v1.3.3 master:6fe1ce2   Built Jun 30 2026.,static_crystal_polymer,,
1R5Y,diffdock,scored,0.93347,gnina v1.3.3 master:6fe1ce2   Built Jun 30 2026.,static_crystal_polymer,,
1R5N,equibind,scored,0.00247,gnina v1.3.3 master:6fe1ce2   Built Jun 30 2026.,static_crystal_polymer,,
1R5N,diffdock,scored,0.6095,gnina v1.3.3 master:6fe1ce2   Built Jun 30 2026.,static_crystal_polymer,,
1R6G,equibind,scored,0.2964,gnina v1.3.3 master:6fe1ce2   Built Jun 30 2026.,static_crystal_polymer,,
1R6G,diffdock,scored,0.6483,gnina v1.3.3 master:6fe1ce2   Built Jun 30 2026.,static_crystal_polymer,,
1R1J,equibind,scored,0.14332,gnina v1.3.3 master:6fe1ce2   Built Jun 30 2026.,static_crystal_polymer,,
1R1J,diffdock,scored,0.7936,gnina v1.3.3 master:6fe1ce2   Built Jun 30 2026.,static_crystal_polymer,,
1R1H,equibind,scored,0.0063,gnina v1.3.3 master:6fe1ce2   Built Jun 30 2026.,static_crystal_polymer,,
1R1H,diffdock,scored,0.60576,gnina v1.3.3 master:6fe1ce2   Built Jun 30 2026.,static_crystal_polymer,,
1R78,equibind,scored,0.43613,gnina v1.3.3 master:6fe1ce2   Built Jun 30 2026.,static_crystal_polymer,,
1R78,diffdock,scored,0.68229,gnina v1.3.3 master:6fe1ce2   Built Jun 30 2026.,static_crystal_polymer,,
1Q95,equibind,scored,0.66556,gnina v1.3.3 master:6fe1ce2   Built Jun 30 2026.,static_crystal_polymer,,
1Q95,diffdock,scored,0.9151,gnina v1.3.3 master:6fe1ce2   Built Jun 30 2026.,static_crystal_polymer,,
1R9L,equibind,scored,0.22946,gnina v1.3.3 master:6fe1ce2   Built Jun 30 2026.,static_crystal_polymer,,
1R9L,diffdock,scored,0.99366,gnina v1.3.3 master:6fe1ce2   Built Jun 30 2026.,static_crystal_polymer,,
1RBP,equibind,scored,0.41441,gnina v1.3.3 master:6fe1ce2   Built Jun 30 2026.,static_crystal_polymer,,
1RBP,diffdock,scored,0.79997,gnina v1.3.3 master:6fe1ce2   Built Jun 30 2026.,static_crystal_polymer,,
1RDI,equibind,scored,0.20585,gnina v1.3.3 master:6fe1ce2   Built Jun 30 2026.,static_crystal_polymer,,
1RDI,diffdock,scored,0.89236,gnina v1.3.3 master:6fe1ce2   Built Jun 30 2026.,static_crystal_polymer,,
1RDL,equibind,scored,0.40977,gnina v1.3.3 master:6fe1ce2   Built Jun 30 2026.,static_crystal_polymer,,
1RDL,diffdock,scored,0.75388,gnina v1.3.3 master:6fe1ce2   Built Jun 30 2026.,static_crystal_polymer,,
1RDJ,equibind,scored,0.39283,gnina v1.3.3 master:6fe1ce2   Built Jun 30 2026.,static_crystal_polymer,,
1RDJ,diffdock,scored,0.71271,gnina v1.3.3 master:6fe1ce2   Built Jun 30 2026.,static_crystal_polymer,,
1RGK,equibind,scored,0.01097,gnina v1.3.3 master:6fe1ce2   Built Jun 30 2026.,static_crystal_polymer,,
1RGK,diffdock,scored,0.34909,gnina v1.3.3 master:6fe1ce2   Built Jun 30 2026.,static_crystal_polymer,,
1Q6M,equibind,scored,0.00866,gnina v1.3.3 master:6fe1ce2   Built Jun 30 2026.,static_crystal_polymer,,
1Q6M,diffdock,scored,0.57557,gnina v1.3.3 master:6fe1ce2   Built Jun 30 2026.,static_crystal_polymer,,
1RDN,equibind,scored,0.08933,gnina v1.3.3 master:6fe1ce2   Built Jun 30 2026.,static_crystal_polymer,,
1RDN,diffdock,scored,0.3985,gnina v1.3.3 master:6fe1ce2   Built Jun 30 2026.,static_crystal_polymer,,
1RGL,equibind,scored,0.01037,gnina v1.3.3 master:6fe1ce2   Built Jun 30 2026.,static_crystal_polymer,,
1RGL,diffdock,scored,0.10223,gnina v1.3.3 master:6fe1ce2   Built Jun 30 2026.,static_crystal_polymer,,
1RE1,equibind,scored,0.27839,gnina v1.3.3 master:6fe1ce2   Built Jun 30 2026.,static_crystal_polymer,,
1RE1,diffdock,scored,0.38705,gnina v1.3.3 master:6fe1ce2   Built Jun 30 2026.,static_crystal_polymer,,
1RDT,equibind,scored,0.00039,gnina v1.3.3 master:6fe1ce2   Built Jun 30 2026.,static_crystal_polymer,,
1RDT,diffdock,scored,0.93471,gnina v1.3.3 master:6fe1ce2   Built Jun 30 2026.,static_crystal_polymer,,
1REK,equibind,scored,0.00121,gnina v1.3.3 master:6fe1ce2   Built Jun 30 2026.,static_crystal_polymer,,
1REK,diffdock,scored,0.62527,gnina v1.3.3 master:6fe1ce2   Built Jun 30 2026.,static_crystal_polymer,,
1RHR,equibind,scored,0.0028,gnina v1.3.3 master:6fe1ce2   Built Jun 30 2026.,static_crystal_polymer,,
1RHR,diffdock,scored,0.45465,gnina v1.3.3 master:6fe1ce2   Built Jun 30 2026.,static_crystal_polymer,,
1RHU,equibind,scored,0.00085,gnina v1.3.3 master:6fe1ce2   Built Jun 30 2026.,static_crystal_polymer,,
1RHU,diffdock,scored,0.51418,gnina v1.3.3 master:6fe1ce2   Built Jun 30 2026.,static_crystal_polymer,,
1R4W,equibind,scored,0.00156,gnina v1.3.3 master:6fe1ce2   Built Jun 30 2026.,static_crystal_polymer,,
1R4W,diffdock,scored,0.29003,gnina v1.3.3 master:6fe1ce2   Built Jun 30 2026.,static_crystal_polymer,,
1RMZ,equibind,scored,0.63546,gnina v1.3.3 master:6fe1ce2   Built Jun 30 2026.,static_crystal_polymer,,
1RMZ,diffdock,scored,0.89717,gnina v1.3.3 master:6fe1ce2   Built Jun 30 2026.,static_crystal_polymer,,
1RM8,equibind,scored,0.04078,gnina v1.3.3 master:6fe1ce2   Built Jun 30 2026.,static_crystal_polymer,,
1RM8,diffdock,scored,0.896,gnina v1.3.3 master:6fe1ce2   Built Jun 30 2026.,static_crystal_polymer,,
1MCZ,equibind,scored,0.00588,gnina v1.3.3 master:6fe1ce2   Built Jun 30 2026.,static_crystal_polymer,,
1RJK,equibind,scored,0.36529,gnina v1.3.3 master:6fe1ce2   Built Jun 30 2026.,static_crystal_polymer,,
1RJK,diffdock,scored,0.73462,gnina v1.3.3 master:6fe1ce2   Built Jun 30 2026.,static_crystal_polymer,,
1RHM,equibind,scored,0.22589,gnina v1.3.3 master:6fe1ce2   Built Jun 30 2026.,static_crystal_polymer,,
1RHM,diffdock,scored,0.43349,gnina v1.3.3 master:6fe1ce2   Built Jun 30 2026.,static_crystal_polymer,,
1RIN,equibind,scored,0.11,gnina v1.3.3 master:6fe1ce2   Built Jun 30 2026.,static_crystal_polymer,,
1RIN,diffdock,scored,0.93782,gnina v1.3.3 master:6fe1ce2   Built Jun 30 2026.,static_crystal_polymer,,
1RNM,equibind,scored,0.01198,gnina v1.3.3 master:6fe1ce2   Built Jun 30 2026.,static_crystal_polymer,,
1RNM,diffdock,scored,0.15429,gnina v1.3.3 master:6fe1ce2   Built Jun 30 2026.,static_crystal_polymer,,
1RNT,equibind,scored,0.00604,gnina v1.3.3 master:6fe1ce2   Built Jun 30 2026.,static_crystal_polymer,,
1RNT,diffdock,scored,0.08111,gnina v1.3.3 master:6fe1ce2   Built Jun 30 2026.,static_crystal_polymer,,
1RPF,equibind,scored,0.00319,gnina v1.3.3 master:6fe1ce2   Built Jun 30 2026.,static_crystal_polymer,,
1RPF,diffdock,scored,0.1497,gnina v1.3.3 master:6fe1ce2   Built Jun 30 2026.,static_crystal_polymer,,
1RHJ,equibind,scored,0.00095,gnina v1.3.3 master:6fe1ce2   Built Jun 30 2026.,static_crystal_polymer,,
1RHJ,diffdock,scored,0.49078,gnina v1.3.3 master:6fe1ce2   Built Jun 30 2026.,static_crystal_polymer,,
1RPJ,equibind,scored,0.10726,gnina v1.3.3 master:6fe1ce2   Built Jun 30 2026.,static_crystal_polymer,,
1RPJ,diffdock,scored,0.78956,gnina v1.3.3 master:6fe1ce2   Built Jun 30 2026.,static_crystal_polymer,,
1RRI,equibind,scored,0.00247,gnina v1.3.3 master:6fe1ce2   Built Jun 30 2026.,static_crystal_polymer,,
1RRI,diffdock,scored,0.04269,gnina v1.3.3 master:6fe1ce2   Built Jun 30 2026.,static_crystal_polymer,,
1RR6,equibind,scored,0.57951,gnina v1.3.3 master:6fe1ce2   Built Jun 30 2026.,static_crystal_polymer,,
1RR6,diffdock,scored,0.81704,gnina v1.3.3 master:6fe1ce2   Built Jun 30 2026.,static_crystal_polymer,,
1RRW,equibind,scored,0.01395,gnina v1.3.3 master:6fe1ce2   Built Jun 30 2026.,static_crystal_polymer,,
1RRW,diffdock,scored,0.32894,gnina v1.3.3 master:6fe1ce2   Built Jun 30 2026.,static_crystal_polymer,,
1RRY,equibind,scored,0.08794,gnina v1.3.3 master:6fe1ce2   Built Jun 30 2026.,static_crystal_polymer,,
1RRY,diffdock,scored,0.46876,gnina v1.3.3 master:6fe1ce2   Built Jun 30 2026.,static_crystal_polymer,,
1RQ2,equibind,scored,0.23657,gnina v1.3.3 master:6fe1ce2   Built Jun 30 2026.,static_crystal_polymer,,
1RQ2,diffdock,scored,0.71592,gnina v1.3.3 master:6fe1ce2   Built Jun 30 2026.,static_crystal_polymer,,
1RS4,equibind,scored,0.0068,gnina v1.3.3 master:6fe1ce2   Built Jun 30 2026.,static_crystal_polymer,,
1RS4,diffdock,scored,0.0208,gnina v1.3.3 master:6fe1ce2   Built Jun 30 2026.,static_crystal_polymer,,
1RSI,equibind,scored,0.00543,gnina v1.3.3 master:6fe1ce2   Built Jun 30 2026.,static_crystal_polymer,,
1RSI,diffdock,scored,0.06032,gnina v1.3.3 master:6fe1ce2   Built Jun 30 2026.,static_crystal_polymer,,
1RO6,equibind,scored,0.00122,gnina v1.3.3 master:6fe1ce2   Built Jun 30 2026.,static_crystal_polymer,,
1RO6,diffdock,scored,0.75445,gnina v1.3.3 master:6fe1ce2   Built Jun 30 2026.,static_crystal_polymer,,
1RW8,equibind,scored,0.33115,gnina v1.3.3 master:6fe1ce2   Built Jun 30 2026.,static_crystal_polymer,,
1RW8,diffdock,scored,0.92061,gnina v1.3.3 master:6fe1ce2   Built Jun 30 2026.,static_crystal_polymer,,
1RT9,equibind,scored,0.26683,gnina v1.3.3 master:6fe1ce2   Built Jun 30 2026.,static_crystal_polymer,,
1RT9,diffdock,scored,0.93103,gnina v1.3.3 master:6fe1ce2   Built Jun 30 2026.,static_crystal_polymer,,
1RNE,equibind,scored,0.00029,gnina v1.3.3 master:6fe1ce2   Built Jun 30 2026.,static_crystal_polymer,,
1RNE,diffdock,scored,0.60411,gnina v1.3.3 master:6fe1ce2   Built Jun 30 2026.,static_crystal_polymer,,
1RWX,equibind,scored,0.00395,gnina v1.3.3 master:6fe1ce2   Built Jun 30 2026.,static_crystal_polymer,,
1RWX,diffdock,scored,0.50369,gnina v1.3.3 master:6fe1ce2   Built Jun 30 2026.,static_crystal_polymer,,
1RTL,equibind,scored,0.0003,gnina v1.3.3 master:6fe1ce2   Built Jun 30 2026.,static_crystal_polymer,,
1RTL,diffdock,scored,0.16664,gnina v1.3.3 master:6fe1ce2   Built Jun 30 2026.,static_crystal_polymer,,
1RYF,equibind,scored,0.00013,gnina v1.3.3 master:6fe1ce2   Built Jun 30 2026.,static_crystal_polymer,,
1RYF,diffdock,scored,0.81693,gnina v1.3.3 master:6fe1ce2   Built Jun 30 2026.,static_crystal_polymer,,
1S17,equibind,scored,0.00022,gnina v1.3.3 master:6fe1ce2   Built Jun 30 2026.,static_crystal_polymer,,
1S17,diffdock,scored,0.88854,gnina v1.3.3 master:6fe1ce2   Built Jun 30 2026.,static_crystal_polymer,,
1S19,equibind,scored,0.10097,gnina v1.3.3 master:6fe1ce2   Built Jun 30 2026.,static_crystal_polymer,,
1S19,diffdock,scored,0.95803,gnina v1.3.3 master:6fe1ce2   Built Jun 30 2026.,static_crystal_polymer,,
1RO7,equibind,scored,0.0,gnina v1.3.3 master:6fe1ce2   Built Jun 30 2026.,static_crystal_polymer,,
1RO7,diffdock,scored,0.24715,gnina v1.3.3 master:6fe1ce2   Built Jun 30 2026.,static_crystal_polymer,,
1RYH,equibind,scored,2e-05,gnina v1.3.3 master:6fe1ce2   Built Jun 30 2026.,static_crystal_polymer,,
1RYH,diffdock,scored,0.44376,gnina v1.3.3 master:6fe1ce2   Built Jun 30 2026.,static_crystal_polymer,,
1S50,equibind,scored,0.02669,gnina v1.3.3 master:6fe1ce2   Built Jun 30 2026.,static_crystal_polymer,,
1S50,diffdock,scored,0.2616,gnina v1.3.3 master:6fe1ce2   Built Jun 30 2026.,static_crystal_polymer,,
1S39,equibind,scored,0.76225,gnina v1.3.3 master:6fe1ce2   Built Jun 30 2026.,static_crystal_polymer,,
1S39,diffdock,scored,0.96488,gnina v1.3.3 master:6fe1ce2   Built Jun 30 2026.,static_crystal_polymer,,
1RTI,equibind,scored,0.00917,gnina v1.3.3 master:6fe1ce2   Built Jun 30 2026.,static_crystal_polymer,,
1RTI,diffdock,scored,0.80904,gnina v1.3.3 master:6fe1ce2   Built Jun 30 2026.,static_crystal_polymer,,
1RV1,equibind,scored,0.00038,gnina v1.3.3 master:6fe1ce2   Built Jun 30 2026.,static_crystal_polymer,,
1RV1,diffdock,scored,0.01399,gnina v1.3.3 master:6fe1ce2   Built Jun 30 2026.,static_crystal_polymer,,
1SB1,equibind,scored,0.03795,gnina v1.3.3 master:6fe1ce2   Built Jun 30 2026.,static_crystal_polymer,,
1SB1,diffdock,scored,0.00616,gnina v1.3.3 master:6fe1ce2   Built Jun 30 2026.,static_crystal_polymer,,
1S63,equibind,scored,0.00128,gnina v1.3.3 master:6fe1ce2   Built Jun 30 2026.,static_crystal_polymer,,
1S63,diffdock,scored,0.55488,gnina v1.3.3 master:6fe1ce2   Built Jun 30 2026.,static_crystal_polymer,,
1SDU,equibind,scored,7e-05,gnina v1.3.3 master:6fe1ce2   Built Jun 30 2026.,static_crystal_polymer,,
1SDU,diffdock,scored,0.5557,gnina v1.3.3 master:6fe1ce2   Built Jun 30 2026.,static_crystal_polymer,,
1S9T,equibind,scored,0.01837,gnina v1.3.3 master:6fe1ce2   Built Jun 30 2026.,static_crystal_polymer,,
1S9T,diffdock,scored,0.91802,gnina v1.3.3 master:6fe1ce2   Built Jun 30 2026.,static_crystal_polymer,,
1SDV,equibind,scored,0.07175,gnina v1.3.3 master:6fe1ce2   Built Jun 30 2026.,static_crystal_polymer,,
1SDV,diffdock,scored,0.54834,gnina v1.3.3 master:6fe1ce2   Built Jun 30 2026.,static_crystal_polymer,,
1SH9,equibind,scored,0.00014,gnina v1.3.3 master:6fe1ce2   Built Jun 30 2026.,static_crystal_polymer,,
1SH9,diffdock,scored,0.59824,gnina v1.3.3 master:6fe1ce2   Built Jun 30 2026.,static_crystal_polymer,,
1SGU,equibind,scored,0.45989,gnina v1.3.3 master:6fe1ce2   Built Jun 30 2026.,static_crystal_polymer,,
1SGU,diffdock,scored,0.57791,gnina v1.3.3 master:6fe1ce2   Built Jun 30 2026.,static_crystal_polymer,,
1SIV,equibind,scored,3e-05,gnina v1.3.3 master:6fe1ce2   Built Jun 30 2026.,static_crystal_polymer,,
1SIV,diffdock,scored,0.78556,gnina v1.3.3 master:6fe1ce2   Built Jun 30 2026.,static_crystal_polymer,,
1SJ0,equibind,scored,0.01989,gnina v1.3.3 master:6fe1ce2   Built Jun 30 2026.,static_crystal_polymer,,
1SJ0,diffdock,scored,0.64082,gnina v1.3.3 master:6fe1ce2   Built Jun 30 2026.,static_crystal_polymer,,
1SL3,equibind,scored,0.01352,gnina v1.3.3 master:6fe1ce2   Built Jun 30 2026.,static_crystal_polymer,,
1SL3,diffdock,scored,0.69532,gnina v1.3.3 master:6fe1ce2   Built Jun 30 2026.,static_crystal_polymer,,
1S5Z,equibind,scored,0.0017,gnina v1.3.3 master:6fe1ce2   Built Jun 30 2026.,static_crystal_polymer,,
1S5Z,diffdock,scored,0.50238,gnina v1.3.3 master:6fe1ce2   Built Jun 30 2026.,static_crystal_polymer,,
1SLN,equibind,scored,0.00019,gnina v1.3.3 master:6fe1ce2   Built Jun 30 2026.,static_crystal_polymer,,
1SLN,diffdock,scored,0.47764,gnina v1.3.3 master:6fe1ce2   Built Jun 30 2026.,static_crystal_polymer,,
1SNK,equibind,scored,0.00353,gnina v1.3.3 master:6fe1ce2   Built Jun 30 2026.,static_crystal_polymer,,
1SNK,diffdock,scored,0.21805,gnina v1.3.3 master:6fe1ce2   Built Jun 30 2026.,static_crystal_polymer,,
1SQC,equibind,scored,0.60001,gnina v1.3.3 master:6fe1ce2   Built Jun 30 2026.,static_crystal_polymer,,
1SQC,diffdock,scored,0.75491,gnina v1.3.3 master:6fe1ce2   Built Jun 30 2026.,static_crystal_polymer,,
1SRE,equibind,scored,2e-05,gnina v1.3.3 master:6fe1ce2   Built Jun 30 2026.,static_crystal_polymer,,
1SRE,diffdock,scored,0.79806,gnina v1.3.3 master:6fe1ce2   Built Jun 30 2026.,static_crystal_polymer,,
1SRG,equibind,scored,0.00013,gnina v1.3.3 master:6fe1ce2   Built Jun 30 2026.,static_crystal_polymer,,
1SRG,diffdock,scored,0.88914,gnina v1.3.3 master:6fe1ce2   Built Jun 30 2026.,static_crystal_polymer,,
1SQN,equibind,scored,0.00274,gnina v1.3.3 master:6fe1ce2   Built Jun 30 2026.,static_crystal_polymer,,
1SQN,diffdock,scored,0.53581,gnina v1.3.3 master:6fe1ce2   Built Jun 30 2026.,static_crystal_polymer,,
1SR7,equibind,scored,0.00014,gnina v1.3.3 master:6fe1ce2   Built Jun 30 2026.,static_crystal_polymer,,
1SR7,diffdock,scored,0.11556,gnina v1.3.3 master:6fe1ce2   Built Jun 30 2026.,static_crystal_polymer,,
1STD,equibind,scored,0.00242,gnina v1.3.3 master:6fe1ce2   Built Jun 30 2026.,static_crystal_polymer,,
1STD,diffdock,scored,0.86182,gnina v1.3.3 master:6fe1ce2   Built Jun 30 2026.,static_crystal_polymer,,
1SRI,equibind,scored,0.00018,gnina v1.3.3 master:6fe1ce2   Built Jun 30 2026.,static_crystal_polymer,,
1SRI,diffdock,scored,0.66968,gnina v1.3.3 master:6fe1ce2   Built Jun 30 2026.,static_crystal_polymer,,
1STP,equibind,scored,0.00541,gnina v1.3.3 master:6fe1ce2   Built Jun 30 2026.,static_crystal_polymer,,
1STP,diffdock,scored,0.99004,gnina v1.3.3 master:6fe1ce2   Built Jun 30 2026.,static_crystal_polymer,,
1SSQ,equibind,scored,0.00059,gnina v1.3.3 master:6fe1ce2   Built Jun 30 2026.,static_crystal_polymer,,
1SSQ,diffdock,scored,0.55268,gnina v1.3.3 master:6fe1ce2   Built Jun 30 2026.,static_crystal_polymer,,
1RBO,equibind,scored,0.332,gnina v1.3.3 master:6fe1ce2   Built Jun 30 2026.,static_crystal_polymer,,
1RBO,diffdock,scored,0.37912,gnina v1.3.3 master:6fe1ce2   Built Jun 30 2026.,static_crystal_polymer,,
1SV3,equibind,scored,0.6662,gnina v1.3.3 master:6fe1ce2   Built Jun 30 2026.,static_crystal_polymer,,
1SV3,diffdock,scored,0.63734,gnina v1.3.3 master:6fe1ce2   Built Jun 30 2026.,static_crystal_polymer,,
1SWI,equibind,scored,0.00032,gnina v1.3.3 master:6fe1ce2   Built Jun 30 2026.,static_crystal_polymer,,
1SWI,diffdock,scored,0.36839,gnina v1.3.3 master:6fe1ce2   Built Jun 30 2026.,static_crystal_polymer,,
1SW2,equibind,scored,0.63841,gnina v1.3.3 master:6fe1ce2   Built Jun 30 2026.,static_crystal_polymer,,
1SW2,diffdock,scored,0.91317,gnina v1.3.3 master:6fe1ce2   Built Jun 30 2026.,static_crystal_polymer,,
1SW1,equibind,scored,0.31248,gnina v1.3.3 master:6fe1ce2   Built Jun 30 2026.,static_crystal_polymer,,
1SW1,diffdock,scored,0.22794,gnina v1.3.3 master:6fe1ce2   Built Jun 30 2026.,static_crystal_polymer,,
1SYH,equibind,scored,0.03826,gnina v1.3.3 master:6fe1ce2   Built Jun 30 2026.,static_crystal_polymer,,
1SYH,diffdock,scored,0.90773,gnina v1.3.3 master:6fe1ce2   Built Jun 30 2026.,static_crystal_polymer,,
1SWG,equibind,scored,0.00651,gnina v1.3.3 master:6fe1ce2   Built Jun 30 2026.,static_crystal_polymer,,
1SWG,diffdock,scored,0.93246,gnina v1.3.3 master:6fe1ce2   Built Jun 30 2026.,static_crystal_polymer,,
1SWN,equibind,scored,0.72502,gnina v1.3.3 master:6fe1ce2   Built Jun 30 2026.,static_crystal_polymer,,
1SWN,diffdock,scored,0.9869,gnina v1.3.3 master:6fe1ce2   Built Jun 30 2026.,static_crystal_polymer,,
1SWK,equibind,scored,0.02519,gnina v1.3.3 master:6fe1ce2   Built Jun 30 2026.,static_crystal_polymer,,
1SWK,diffdock,scored,0.95386,gnina v1.3.3 master:6fe1ce2   Built Jun 30 2026.,static_crystal_polymer,,
1SQB,equibind,scored,0.00047,gnina v1.3.3 master:6fe1ce2   Built Jun 30 2026.,static_crystal_polymer,,
1SQB,diffdock,scored,0.2538,gnina v1.3.3 master:6fe1ce2   Built Jun 30 2026.,static_crystal_polymer,,
1SQP,equibind,scored,0.00904,gnina v1.3.3 master:6fe1ce2   Built Jun 30 2026.,static_crystal_polymer,,
1SQP,diffdock,scored,0.43283,gnina v1.3.3 master:6fe1ce2   Built Jun 30 2026.,static_crystal_polymer,,
1SWP,equibind,scored,0.07155,gnina v1.3.3 master:6fe1ce2   Built Jun 30 2026.,static_crystal_polymer,,
1SWP,diffdock,scored,0.96552,gnina v1.3.3 master:6fe1ce2   Built Jun 30 2026.,static_crystal_polymer,,
1T31,equibind,scored,0.00063,gnina v1.3.3 master:6fe1ce2   Built Jun 30 2026.,static_crystal_polymer,,
1T31,diffdock,scored,0.30538,gnina v1.3.3 master:6fe1ce2   Built Jun 30 2026.,static_crystal_polymer,,
1SYI,equibind,scored,0.0026,gnina v1.3.3 master:6fe1ce2   Built Jun 30 2026.,static_crystal_polymer,,
1SYI,diffdock,scored,0.97835,gnina v1.3.3 master:6fe1ce2   Built Jun 30 2026.,static_crystal_polymer,,
1T46,equibind,scored,0.18063,gnina v1.3.3 master:6fe1ce2   Built Jun 30 2026.,static_crystal_polymer,,
1T46,diffdock,scored,0.43287,gnina v1.3.3 master:6fe1ce2   Built Jun 30 2026.,static_crystal_polymer,,
1T48,equibind,scored,0.00021,gnina v1.3.3 master:6fe1ce2   Built Jun 30 2026.,static_crystal_polymer,,
1T48,diffdock,scored,0.78464,gnina v1.3.3 master:6fe1ce2   Built Jun 30 2026.,static_crystal_polymer,,
1SYO,equibind,scored,0.2112,gnina v1.3.3 master:6fe1ce2   Built Jun 30 2026.,static_crystal_polymer,,
1SYO,diffdock,scored,0.12772,gnina v1.3.3 master:6fe1ce2   Built Jun 30 2026.,static_crystal_polymer,,
1S64,equibind,scored,0.00286,gnina v1.3.3 master:6fe1ce2   Built Jun 30 2026.,static_crystal_polymer,,
1SZ0,equibind,scored,0.09318,gnina v1.3.3 master:6fe1ce2   Built Jun 30 2026.,static_crystal_polymer,,
1SZ0,diffdock,scored,0.24697,gnina v1.3.3 master:6fe1ce2   Built Jun 30 2026.,static_crystal_polymer,,
1T4V,equibind,scored,0.00231,gnina v1.3.3 master:6fe1ce2   Built Jun 30 2026.,static_crystal_polymer,,
1T4V,diffdock,scored,0.00217,gnina v1.3.3 master:6fe1ce2   Built Jun 30 2026.,static_crystal_polymer,,
1T69,equibind,scored,0.01329,gnina v1.3.3 master:6fe1ce2   Built Jun 30 2026.,static_crystal_polymer,,
1T69,diffdock,scored,0.48967,gnina v1.3.3 master:6fe1ce2   Built Jun 30 2026.,static_crystal_polymer,,
1TA2,equibind,scored,0.37626,gnina v1.3.3 master:6fe1ce2   Built Jun 30 2026.,static_crystal_polymer,,
1TA2,diffdock,scored,0.72062,gnina v1.3.3 master:6fe1ce2   Built Jun 30 2026.,static_crystal_polymer,,
1TA6,equibind,scored,6e-05,gnina v1.3.3 master:6fe1ce2   Built Jun 30 2026.,static_crystal_polymer,,
1TA6,diffdock,scored,0.75383,gnina v1.3.3 master:6fe1ce2   Built Jun 30 2026.,static_crystal_polymer,,
1SWR,equibind,scored,0.00011,gnina v1.3.3 master:6fe1ce2   Built Jun 30 2026.,static_crystal_polymer,,
1SWR,diffdock,scored,0.98099,gnina v1.3.3 master:6fe1ce2   Built Jun 30 2026.,static_crystal_polymer,,
1TBZ,equibind,scored,0.0129,gnina v1.3.3 master:6fe1ce2   Built Jun 30 2026.,static_crystal_polymer,,
1TBZ,diffdock,scored,0.10692,gnina v1.3.3 master:6fe1ce2   Built Jun 30 2026.,static_crystal_polymer,,
1T4S,equibind,scored,0.02313,gnina v1.3.3 master:6fe1ce2   Built Jun 30 2026.,static_crystal_polymer,,
1T4S,diffdock,scored,0.53538,gnina v1.3.3 master:6fe1ce2   Built Jun 30 2026.,static_crystal_polymer,,
1TC1,equibind,scored,0.12712,gnina v1.3.3 master:6fe1ce2   Built Jun 30 2026.,static_crystal_polymer,,
1TC1,diffdock,scored,0.50367,gnina v1.3.3 master:6fe1ce2   Built Jun 30 2026.,static_crystal_polymer,,
1TD7,equibind,scored,0.32321,gnina v1.3.3 master:6fe1ce2   Built Jun 30 2026.,static_crystal_polymer,,
1TD7,diffdock,scored,0.29386,gnina v1.3.3 master:6fe1ce2   Built Jun 30 2026.,static_crystal_polymer,,
1TFQ,equibind,scored,0.00076,gnina v1.3.3 master:6fe1ce2   Built Jun 30 2026.,static_crystal_polymer,,
1TFQ,diffdock,scored,0.49584,gnina v1.3.3 master:6fe1ce2   Built Jun 30 2026.,static_crystal_polymer,,
1TFT,equibind,scored,0.00055,gnina v1.3.3 master:6fe1ce2   Built Jun 30 2026.,static_crystal_polymer,,
1TFT,diffdock,scored,0.49173,gnina v1.3.3 master:6fe1ce2   Built Jun 30 2026.,static_crystal_polymer,,
1TFZ,equibind,scored,7e-05,gnina v1.3.3 master:6fe1ce2   Built Jun 30 2026.,static_crystal_polymer,,
1TFZ,diffdock,scored,0.53072,gnina v1.3.3 master:6fe1ce2   Built Jun 30 2026.,static_crystal_polymer,,
1T5F,equibind,scored,0.32886,gnina v1.3.3 master:6fe1ce2   Built Jun 30 2026.,static_crystal_polymer,,
1T5F,diffdock,scored,0.87817,gnina v1.3.3 master:6fe1ce2   Built Jun 30 2026.,static_crystal_polymer,,
1S89,equibind,scored,0.22227,gnina v1.3.3 master:6fe1ce2   Built Jun 30 2026.,static_crystal_polymer,,
1S89,diffdock,scored,0.94104,gnina v1.3.3 master:6fe1ce2   Built Jun 30 2026.,static_crystal_polymer,,
1TKX,equibind,scored,0.26951,gnina v1.3.3 master:6fe1ce2   Built Jun 30 2026.,static_crystal_polymer,,
1TKX,diffdock,scored,0.56053,gnina v1.3.3 master:6fe1ce2   Built Jun 30 2026.,static_crystal_polymer,,
1TCW,equibind,scored,0.00206,gnina v1.3.3 master:6fe1ce2   Built Jun 30 2026.,static_crystal_polymer,,
1TCW,diffdock,scored,0.24292,gnina v1.3.3 master:6fe1ce2   Built Jun 30 2026.,static_crystal_polymer,,
1TL1,equibind,scored,0.16377,gnina v1.3.3 master:6fe1ce2   Built Jun 30 2026.,static_crystal_polymer,,
1TL1,diffdock,scored,0.3046,gnina v1.3.3 master:6fe1ce2   Built Jun 30 2026.,static_crystal_polymer,,
1TKT,equibind,scored,0.07624,gnina v1.3.3 master:6fe1ce2   Built Jun 30 2026.,static_crystal_polymer,,
1TKT,diffdock,scored,0.08066,gnina v1.3.3 master:6fe1ce2   Built Jun 30 2026.,static_crystal_polymer,,
1TL3,equibind,scored,0.62486,gnina v1.3.3 master:6fe1ce2   Built Jun 30 2026.,static_crystal_polymer,,
1TL3,diffdock,scored,0.76178,gnina v1.3.3 master:6fe1ce2   Built Jun 30 2026.,static_crystal_polymer,,
1TNG,equibind,scored,0.42944,gnina v1.3.3 master:6fe1ce2   Built Jun 30 2026.,static_crystal_polymer,,
1TNG,diffdock,scored,0.94745,gnina v1.3.3 master:6fe1ce2   Built Jun 30 2026.,static_crystal_polymer,,
1TLP,equibind,scored,0.00014,gnina v1.3.3 master:6fe1ce2   Built Jun 30 2026.,static_crystal_polymer,,
1TLP,diffdock,scored,0.90578,gnina v1.3.3 master:6fe1ce2   Built Jun 30 2026.,static_crystal_polymer,,
1TNJ,equibind,scored,0.75195,gnina v1.3.3 master:6fe1ce2   Built Jun 30 2026.,static_crystal_polymer,,
1TNJ,diffdock,scored,0.42635,gnina v1.3.3 master:6fe1ce2   Built Jun 30 2026.,static_crystal_polymer,,
1TNI,equibind,scored,0.61431,gnina v1.3.3 master:6fe1ce2   Built Jun 30 2026.,static_crystal_polymer,,
1TNI,diffdock,scored,0.73393,gnina v1.3.3 master:6fe1ce2   Built Jun 30 2026.,static_crystal_polymer,,
1TNK,equibind,scored,0.4513,gnina v1.3.3 master:6fe1ce2   Built Jun 30 2026.,static_crystal_polymer,,
1TNK,diffdock,scored,0.90196,gnina v1.3.3 master:6fe1ce2   Built Jun 30 2026.,static_crystal_polymer,,
1TNL,equibind,scored,0.73201,gnina v1.3.3 master:6fe1ce2   Built Jun 30 2026.,static_crystal_polymer,,
1TNL,diffdock,scored,0.85687,gnina v1.3.3 master:6fe1ce2   Built Jun 30 2026.,static_crystal_polymer,,
1TMM,equibind,scored,0.05694,gnina v1.3.3 master:6fe1ce2   Built Jun 30 2026.,static_crystal_polymer,,
1TMM,diffdock,scored,0.13353,gnina v1.3.3 master:6fe1ce2   Built Jun 30 2026.,static_crystal_polymer,,
1TOJ,equibind,scored,0.07596,gnina v1.3.3 master:6fe1ce2   Built Jun 30 2026.,static_crystal_polymer,,
1TOJ,diffdock,scored,0.94775,gnina v1.3.3 master:6fe1ce2   Built Jun 30 2026.,static_crystal_polymer,,
1TOI,equibind,scored,0.50206,gnina v1.3.3 master:6fe1ce2   Built Jun 30 2026.,static_crystal_polymer,,
1TOI,diffdock,scored,0.94674,gnina v1.3.3 master:6fe1ce2   Built Jun 30 2026.,static_crystal_polymer,,
1TKA,equibind,scored,0.00012,gnina v1.3.3 master:6fe1ce2   Built Jun 30 2026.,static_crystal_polymer,,
1TKA,diffdock,scored,0.61746,gnina v1.3.3 master:6fe1ce2   Built Jun 30 2026.,static_crystal_polymer,,
1SOJ,equibind,scored,3e-05,gnina v1.3.3 master:6fe1ce2   Built Jun 30 2026.,static_crystal_polymer,,
1TOM,equibind,scored,0.0084,gnina v1.3.3 master:6fe1ce2   Built Jun 30 2026.,static_crystal_polymer,,
1TOM,diffdock,scored,0.44202,gnina v1.3.3 master:6fe1ce2   Built Jun 30 2026.,static_crystal_polymer,,
1TOU,equibind,scored,0.49587,gnina v1.3.3 master:6fe1ce2   Built Jun 30 2026.,static_crystal_polymer,,
1TOU,diffdock,scored,0.52878,gnina v1.3.3 master:6fe1ce2   Built Jun 30 2026.,static_crystal_polymer,,
1THZ,equibind,scored,2e-05,gnina v1.3.3 master:6fe1ce2   Built Jun 30 2026.,static_crystal_polymer,,
1THZ,diffdock,scored,0.54982,gnina v1.3.3 master:6fe1ce2   Built Jun 30 2026.,static_crystal_polymer,,
1T5A,equibind,scored,0.76372,gnina v1.3.3 master:6fe1ce2   Built Jun 30 2026.,static_crystal_polymer,,
1T5A,diffdock,scored,0.75276,gnina v1.3.3 master:6fe1ce2   Built Jun 30 2026.,static_crystal_polymer,,
1TQ4,equibind,scored,0.00204,gnina v1.3.3 master:6fe1ce2   Built Jun 30 2026.,static_crystal_polymer,,
1TQ4,diffdock,scored,0.30423,gnina v1.3.3 master:6fe1ce2   Built Jun 30 2026.,static_crystal_polymer,,
1TOG,equibind,scored,0.01525,gnina v1.3.3 master:6fe1ce2   Built Jun 30 2026.,static_crystal_polymer,,
1TOG,diffdock,scored,0.92508,gnina v1.3.3 master:6fe1ce2   Built Jun 30 2026.,static_crystal_polymer,,
1TR7,equibind,scored,0.5138,gnina v1.3.3 master:6fe1ce2   Built Jun 30 2026.,static_crystal_polymer,,
1TR7,diffdock,scored,0.74369,gnina v1.3.3 master:6fe1ce2   Built Jun 30 2026.,static_crystal_polymer,,
1TPW,equibind,scored,0.04323,gnina v1.3.3 master:6fe1ce2   Built Jun 30 2026.,static_crystal_polymer,,
1TPW,diffdock,scored,0.91112,gnina v1.3.3 master:6fe1ce2   Built Jun 30 2026.,static_crystal_polymer,,
1TRD,equibind,scored,0.00015,gnina v1.3.3 master:6fe1ce2   Built Jun 30 2026.,static_crystal_polymer,,
1TRD,diffdock,scored,0.88002,gnina v1.3.3 master:6fe1ce2   Built Jun 30 2026.,static_crystal_polymer,,
1TQF,equibind,scored,0.01117,gnina v1.3.3 master:6fe1ce2   Built Jun 30 2026.,static_crystal_polymer,,
1TQF,diffdock,scored,0.38668,gnina v1.3.3 master:6fe1ce2   Built Jun 30 2026.,static_crystal_polymer,,
1TOK,equibind,scored,0.64378,gnina v1.3.3 master:6fe1ce2   Built Jun 30 2026.,static_crystal_polymer,,
1TOK,diffdock,scored,0.60386,gnina v1.3.3 master:6fe1ce2   Built Jun 30 2026.,static_crystal_polymer,,
1TSY,equibind,scored,0.00112,gnina v1.3.3 master:6fe1ce2   Built Jun 30 2026.,static_crystal_polymer,,
1TSY,diffdock,scored,0.92765,gnina v1.3.3 master:6fe1ce2   Built Jun 30 2026.,static_crystal_polymer,,
1TSV,equibind,scored,0.00132,gnina v1.3.3 master:6fe1ce2   Built Jun 30 2026.,static_crystal_polymer,,
1TSV,diffdock,scored,0.98778,gnina v1.3.3 master:6fe1ce2   Built Jun 30 2026.,static_crystal_polymer,,
1TTM,equibind,scored,0.19226,gnina v1.3.3 master:6fe1ce2   Built Jun 30 2026.,static_crystal_polymer,,
1TTM,diffdock,scored,0.32133,gnina v1.3.3 master:6fe1ce2   Built Jun 30 2026.,static_crystal_polymer,,
1TSI,equibind,scored,0.16148,gnina v1.3.3 master:6fe1ce2   Built Jun 30 2026.,static_crystal_polymer,,
1TSI,diffdock,scored,0.91034,gnina v1.3.3 master:6fe1ce2   Built Jun 30 2026.,static_crystal_polymer,,
1TT1,equibind,scored,0.50019,gnina v1.3.3 master:6fe1ce2   Built Jun 30 2026.,static_crystal_polymer,,
1TT1,diffdock,scored,0.70072,gnina v1.3.3 master:6fe1ce2   Built Jun 30 2026.,static_crystal_polymer,,
1TVO,equibind,scored,0.20351,gnina v1.3.3 master:6fe1ce2   Built Jun 30 2026.,static_crystal_polymer,,
1TVO,diffdock,scored,0.93784,gnina v1.3.3 master:6fe1ce2   Built Jun 30 2026.,static_crystal_polymer,,
1TPZ,equibind,scored,4e-05,gnina v1.3.3 master:6fe1ce2   Built Jun 30 2026.,static_crystal_polymer,,
1TPZ,diffdock,scored,0.94134,gnina v1.3.3 master:6fe1ce2   Built Jun 30 2026.,static_crystal_polymer,,
1TXR,equibind,scored,0.00306,gnina v1.3.3 master:6fe1ce2   Built Jun 30 2026.,static_crystal_polymer,,
1TXR,diffdock,scored,0.9463,gnina v1.3.3 master:6fe1ce2   Built Jun 30 2026.,static_crystal_polymer,,
1TYN,equibind,scored,2e-05,gnina v1.3.3 master:6fe1ce2   Built Jun 30 2026.,static_crystal_polymer,,
1TYN,diffdock,scored,0.17249,gnina v1.3.3 master:6fe1ce2   Built Jun 30 2026.,static_crystal_polymer,,
1TYS,equibind,scored,0.00352,gnina v1.3.3 master:6fe1ce2   Built Jun 30 2026.,static_crystal_polymer,,
1TYS,diffdock,scored,0.77886,gnina v1.3.3 master:6fe1ce2   Built Jun 30 2026.,static_crystal_polymer,,
1TU6,equibind,scored,0.01264,gnina v1.3.3 master:6fe1ce2   Built Jun 30 2026.,static_crystal_polymer,,
1TU6,diffdock,scored,0.64563,gnina v1.3.3 master:6fe1ce2   Built Jun 30 2026.,static_crystal_polymer,,
1TYR,equibind,scored,0.28312,gnina v1.3.3 master:6fe1ce2   Built Jun 30 2026.,static_crystal_polymer,,
1TYR,diffdock,scored,0.34049,gnina v1.3.3 master:6fe1ce2   Built Jun 30 2026.,static_crystal_polymer,,
1TVE,equibind,scored,0.02298,gnina v1.3.3 master:6fe1ce2   Built Jun 30 2026.,static_crystal_polymer,,
1TVE,diffdock,scored,0.14051,gnina v1.3.3 master:6fe1ce2   Built Jun 30 2026.,static_crystal_polymer,,
1TUF,equibind,scored,0.05265,gnina v1.3.3 master:6fe1ce2   Built Jun 30 2026.,static_crystal_polymer,,
1TUF,diffdock,scored,0.00186,gnina v1.3.3 master:6fe1ce2   Built Jun 30 2026.,static_crystal_polymer,,
1U32,equibind,scored,0.0756,gnina v1.3.3 master:6fe1ce2   Built Jun 30 2026.,static_crystal_polymer,,
1U32,diffdock,scored,0.7743,gnina v1.3.3 master:6fe1ce2   Built Jun 30 2026.,static_crystal_polymer,,
1U2Y,equibind,scored,0.48007,gnina v1.3.3 master:6fe1ce2   Built Jun 30 2026.,static_crystal_polymer,,
1U2Y,diffdock,scored,0.52551,gnina v1.3.3 master:6fe1ce2   Built Jun 30 2026.,static_crystal_polymer,,
1TV6,equibind,scored,0.2761,gnina v1.3.3 master:6fe1ce2   Built Jun 30 2026.,static_crystal_polymer,,
1TV6,diffdock,scored,0.47325,gnina v1.3.3 master:6fe1ce2   Built Jun 30 2026.,static_crystal_polymer,,
1TVR,equibind,scored,0.58671,gnina v1.3.3 master:6fe1ce2   Built Jun 30 2026.,static_crystal_polymer,,
1TVR,diffdock,scored,0.95001,gnina v1.3.3 master:6fe1ce2   Built Jun 30 2026.,static_crystal_polymer,,
1U33,equibind,scored,0.00074,gnina v1.3.3 master:6fe1ce2   Built Jun 30 2026.,static_crystal_polymer,,
1U33,diffdock,scored,0.5183,gnina v1.3.3 master:6fe1ce2   Built Jun 30 2026.,static_crystal_polymer,,
1U3R,equibind,scored,0.0,gnina v1.3.3 master:6fe1ce2   Built Jun 30 2026.,static_crystal_polymer,,
1U3R,diffdock,scored,0.87338,gnina v1.3.3 master:6fe1ce2   Built Jun 30 2026.,static_crystal_polymer,,
1U59,equibind,scored,0.49914,gnina v1.3.3 master:6fe1ce2   Built Jun 30 2026.,static_crystal_polymer,,
1U59,diffdock,scored,0.60186,gnina v1.3.3 master:6fe1ce2   Built Jun 30 2026.,static_crystal_polymer,,
1U2R,equibind,scored,1e-05,gnina v1.3.3 master:6fe1ce2   Built Jun 30 2026.,static_crystal_polymer,,
1U2R,diffdock,scored,0.94562,gnina v1.3.3 master:6fe1ce2   Built Jun 30 2026.,static_crystal_polymer,,
1UA4,equibind,scored,0.00816,gnina v1.3.3 master:6fe1ce2   Built Jun 30 2026.,static_crystal_polymer,,
1UA4,diffdock,scored,0.2356,gnina v1.3.3 master:6fe1ce2   Built Jun 30 2026.,static_crystal_polymer,,
1UDT,equibind,scored,0.0019,gnina v1.3.3 master:6fe1ce2   Built Jun 30 2026.,static_crystal_polymer,,
1UDT,diffdock,scored,0.60344,gnina v1.3.3 master:6fe1ce2   Built Jun 30 2026.,static_crystal_polymer,,
1UGP,equibind,scored,0.17413,gnina v1.3.3 master:6fe1ce2   Built Jun 30 2026.,static_crystal_polymer,,
1UGP,diffdock,scored,0.33966,gnina v1.3.3 master:6fe1ce2   Built Jun 30 2026.,static_crystal_polymer,,
1U65,equibind,scored,0.01859,gnina v1.3.3 master:6fe1ce2   Built Jun 30 2026.,static_crystal_polymer,,
1U65,diffdock,scored,0.39956,gnina v1.3.3 master:6fe1ce2   Built Jun 30 2026.,static_crystal_polymer,,
1UHO,equibind,scored,0.03578,gnina v1.3.3 master:6fe1ce2   Built Jun 30 2026.,static_crystal_polymer,,
1UHO,diffdock,scored,0.7016,gnina v1.3.3 master:6fe1ce2   Built Jun 30 2026.,static_crystal_polymer,,
1UI0,equibind,scored,0.12405,gnina v1.3.3 master:6fe1ce2   Built Jun 30 2026.,static_crystal_polymer,,
1UI0,diffdock,scored,0.1552,gnina v1.3.3 master:6fe1ce2   Built Jun 30 2026.,static_crystal_polymer,,
1UJ5,equibind,scored,0.15855,gnina v1.3.3 master:6fe1ce2   Built Jun 30 2026.,static_crystal_polymer,,
1UJ5,diffdock,scored,0.82879,gnina v1.3.3 master:6fe1ce2   Built Jun 30 2026.,static_crystal_polymer,,
1UML,equibind,scored,0.67369,gnina v1.3.3 master:6fe1ce2   Built Jun 30 2026.,static_crystal_polymer,,
1UML,diffdock,scored,0.82527,gnina v1.3.3 master:6fe1ce2   Built Jun 30 2026.,static_crystal_polymer,,
1UJ6,equibind,scored,0.0412,gnina v1.3.3 master:6fe1ce2   Built Jun 30 2026.,static_crystal_polymer,,
1UJ6,diffdock,scored,0.80072,gnina v1.3.3 master:6fe1ce2   Built Jun 30 2026.,static_crystal_polymer,,
1U0G,equibind,scored,0.68323,gnina v1.3.3 master:6fe1ce2   Built Jun 30 2026.,static_crystal_polymer,,
1U0G,diffdock,scored,0.75385,gnina v1.3.3 master:6fe1ce2   Built Jun 30 2026.,static_crystal_polymer,,
1UGW,equibind,scored,0.00038,gnina v1.3.3 master:6fe1ce2   Built Jun 30 2026.,static_crystal_polymer,,
1UGW,diffdock,scored,0.64524,gnina v1.3.3 master:6fe1ce2   Built Jun 30 2026.,static_crystal_polymer,,
1UCN,equibind,scored,0.00036,gnina v1.3.3 master:6fe1ce2   Built Jun 30 2026.,static_crystal_polymer,,
1UCN,diffdock,scored,0.20868,gnina v1.3.3 master:6fe1ce2   Built Jun 30 2026.,static_crystal_polymer,,
1UOU,equibind,scored,0.05987,gnina v1.3.3 master:6fe1ce2   Built Jun 30 2026.,static_crystal_polymer,,
1UOU,diffdock,scored,0.96533,gnina v1.3.3 master:6fe1ce2   Built Jun 30 2026.,static_crystal_polymer,,
1UOM,equibind,scored,0.06047,gnina v1.3.3 master:6fe1ce2   Built Jun 30 2026.,static_crystal_polymer,,
1UOM,diffdock,scored,0.69413,gnina v1.3.3 master:6fe1ce2   Built Jun 30 2026.,static_crystal_polymer,,
1UOD,equibind,scored,0.5253,gnina v1.3.3 master:6fe1ce2   Built Jun 30 2026.,static_crystal_polymer,,
1UOD,diffdock,scored,0.56971,gnina v1.3.3 master:6fe1ce2   Built Jun 30 2026.,static_crystal_polymer,,
1UK1,equibind,scored,0.04109,gnina v1.3.3 master:6fe1ce2   Built Jun 30 2026.,static_crystal_polymer,,
1UK1,diffdock,scored,0.52363,gnina v1.3.3 master:6fe1ce2   Built Jun 30 2026.,static_crystal_polymer,,
1UTJ,equibind,scored,0.70548,gnina v1.3.3 master:6fe1ce2   Built Jun 30 2026.,static_crystal_polymer,,
1UTJ,diffdock,scored,0.97652,gnina v1.3.3 master:6fe1ce2   Built Jun 30 2026.,static_crystal_polymer,,
1UNG,equibind,scored,0.04612,gnina v1.3.3 master:6fe1ce2   Built Jun 30 2026.,static_crystal_polymer,,
1UNG,diffdock,scored,0.18185,gnina v1.3.3 master:6fe1ce2   Built Jun 30 2026.,static_crystal_polymer,,
1UNL,equibind,scored,0.00153,gnina v1.3.3 master:6fe1ce2   Built Jun 30 2026.,static_crystal_polymer,,
1UNL,diffdock,scored,0.76565,gnina v1.3.3 master:6fe1ce2   Built Jun 30 2026.,static_crystal_polymer,,
1UTL,equibind,scored,0.64235,gnina v1.3.3 master:6fe1ce2   Built Jun 30 2026.,static_crystal_polymer,,
1UTL,diffdock,scored,0.88301,gnina v1.3.3 master:6fe1ce2   Built Jun 30 2026.,static_crystal_polymer,,
1UTM,equibind,scored,0.03859,gnina v1.3.3 master:6fe1ce2   Built Jun 30 2026.,static_crystal_polymer,,
1UTM,diffdock,scored,0.94792,gnina v1.3.3 master:6fe1ce2   Built Jun 30 2026.,static_crystal_polymer,,
1USI,equibind,scored,0.00515,gnina v1.3.3 master:6fe1ce2   Built Jun 30 2026.,static_crystal_polymer,,
1USI,diffdock,scored,0.45768,gnina v1.3.3 master:6fe1ce2   Built Jun 30 2026.,static_crystal_polymer,,
1UTP,equibind,scored,0.36987,gnina v1.3.3 master:6fe1ce2   Built Jun 30 2026.,static_crystal_polymer,,
1UTP,diffdock,scored,0.8577,gnina v1.3.3 master:6fe1ce2   Built Jun 30 2026.,static_crystal_polymer,,
1UTO,equibind,scored,0.51939,gnina v1.3.3 master:6fe1ce2   Built Jun 30 2026.,static_crystal_polymer,,
1UTO,diffdock,scored,0.85739,gnina v1.3.3 master:6fe1ce2   Built Jun 30 2026.,static_crystal_polymer,,
1UTT,equibind,scored,0.13281,gnina v1.3.3 master:6fe1ce2   Built Jun 30 2026.,static_crystal_polymer,,
1UTT,diffdock,scored,0.41891,gnina v1.3.3 master:6fe1ce2   Built Jun 30 2026.,static_crystal_polymer,,
1UTR,equibind,scored,0.04915,gnina v1.3.3 master:6fe1ce2   Built Jun 30 2026.,static_crystal_polymer,,
1UTR,diffdock,scored,0.2864,gnina v1.3.3 master:6fe1ce2   Built Jun 30 2026.,static_crystal_polymer,,
1UV5,equibind,scored,0.36898,gnina v1.3.3 master:6fe1ce2   Built Jun 30 2026.,static_crystal_polymer,,
1UV5,diffdock,scored,0.94231,gnina v1.3.3 master:6fe1ce2   Built Jun 30 2026.,static_crystal_polymer,,
1UVT,equibind,scored,0.54596,gnina v1.3.3 master:6fe1ce2   Built Jun 30 2026.,static_crystal_polymer,,
1UVT,diffdock,scored,0.2365,gnina v1.3.3 master:6fe1ce2   Built Jun 30 2026.,static_crystal_polymer,,
1UVS,equibind,scored,0.005,gnina v1.3.3 master:6fe1ce2   Built Jun 30 2026.,static_crystal_polymer,,
1UVS,diffdock,scored,0.5189,gnina v1.3.3 master:6fe1ce2   Built Jun 30 2026.,static_crystal_polymer,,
1UWF,equibind,scored,0.06412,gnina v1.3.3 master:6fe1ce2   Built Jun 30 2026.,static_crystal_polymer,,
1UWF,diffdock,scored,0.764,gnina v1.3.3 master:6fe1ce2   Built Jun 30 2026.,static_crystal_polymer,,
1UPF,equibind,scored,0.08651,gnina v1.3.3 master:6fe1ce2   Built Jun 30 2026.,static_crystal_polymer,,
1UPF,diffdock,scored,0.92482,gnina v1.3.3 master:6fe1ce2   Built Jun 30 2026.,static_crystal_polymer,,
1UY7,equibind,scored,0.60917,gnina v1.3.3 master:6fe1ce2   Built Jun 30 2026.,static_crystal_polymer,,
1UY7,diffdock,scored,0.78931,gnina v1.3.3 master:6fe1ce2   Built Jun 30 2026.,static_crystal_polymer,,
1UY9,equibind,scored,0.45896,gnina v1.3.3 master:6fe1ce2   Built Jun 30 2026.,static_crystal_polymer,,
1UY9,diffdock,scored,0.7024,gnina v1.3.3 master:6fe1ce2   Built Jun 30 2026.,static_crystal_polymer,,
1UYC,equibind,scored,0.50513,gnina v1.3.3 master:6fe1ce2   Built Jun 30 2026.,static_crystal_polymer,,
1UYC,diffdock,scored,0.67555,gnina v1.3.3 master:6fe1ce2   Built Jun 30 2026.,static_crystal_polymer,,
1UYD,equibind,scored,0.42292,gnina v1.3.3 master:6fe1ce2   Built Jun 30 2026.,static_crystal_polymer,,
1UYD,diffdock,scored,0.64829,gnina v1.3.3 master:6fe1ce2   Built Jun 30 2026.,static_crystal_polymer,,
1USK,equibind,scored,0.01198,gnina v1.3.3 master:6fe1ce2   Built Jun 30 2026.,static_crystal_polymer,,
1USK,diffdock,scored,0.30055,gnina v1.3.3 master:6fe1ce2   Built Jun 30 2026.,static_crystal_polymer,,
1UYF,equibind,scored,0.05275,gnina v1.3.3 master:6fe1ce2   Built Jun 30 2026.,static_crystal_polymer,,
1UYF,diffdock,scored,0.89107,gnina v1.3.3 master:6fe1ce2   Built Jun 30 2026.,static_crystal_polymer,,
1UWB,equibind,scored,0.41563,gnina v1.3.3 master:6fe1ce2   Built Jun 30 2026.,static_crystal_polymer,,
1UWB,diffdock,scored,0.32993,gnina v1.3.3 master:6fe1ce2   Built Jun 30 2026.,static_crystal_polymer,,
1UYG,equibind,scored,0.51483,gnina v1.3.3 master:6fe1ce2   Built Jun 30 2026.,static_crystal_polymer,,
1UYG,diffdock,scored,0.65737,gnina v1.3.3 master:6fe1ce2   Built Jun 30 2026.,static_crystal_polymer,,
1UYK,equibind,scored,0.55112,gnina v1.3.3 master:6fe1ce2   Built Jun 30 2026.,static_crystal_polymer,,
1UYK,diffdock,scored,0.88702,gnina v1.3.3 master:6fe1ce2   Built Jun 30 2026.,static_crystal_polymer,,
1UYM,equibind,scored,0.52327,gnina v1.3.3 master:6fe1ce2   Built Jun 30 2026.,static_crystal_polymer,,
1UYM,diffdock,scored,0.71393,gnina v1.3.3 master:6fe1ce2   Built Jun 30 2026.,static_crystal_polymer,,
1UZ4,equibind,scored,0.1729,gnina v1.3.3 master:6fe1ce2   Built Jun 30 2026.,static_crystal_polymer,,
1UZ4,diffdock,scored,0.58041,gnina v1.3.3 master:6fe1ce2   Built Jun 30 2026.,static_crystal_polymer,,
1UWT,equibind,scored,2e-05,gnina v1.3.3 master:6fe1ce2   Built Jun 30 2026.,static_crystal_polymer,,
1UWT,diffdock,scored,0.56842,gnina v1.3.3 master:6fe1ce2   Built Jun 30 2026.,static_crystal_polymer,,
1UWU,equibind,scored,0.00015,gnina v1.3.3 master:6fe1ce2   Built Jun 30 2026.,static_crystal_polymer,,
1UWU,diffdock,scored,0.92507,gnina v1.3.3 master:6fe1ce2   Built Jun 30 2026.,static_crystal_polymer,,
1V0P,equibind,scored,0.49093,gnina v1.3.3 master:6fe1ce2   Built Jun 30 2026.,static_crystal_polymer,,
1V0P,diffdock,scored,0.9003,gnina v1.3.3 master:6fe1ce2   Built Jun 30 2026.,static_crystal_polymer,,
1V2K,equibind,scored,0.01882,gnina v1.3.3 master:6fe1ce2   Built Jun 30 2026.,static_crystal_polymer,,
1V2K,diffdock,scored,0.55474,gnina v1.3.3 master:6fe1ce2   Built Jun 30 2026.,static_crystal_polymer,,
1UZ1,equibind,scored,0.18901,gnina v1.3.3 master:6fe1ce2   Built Jun 30 2026.,static_crystal_polymer,,
1UZ1,diffdock,scored,0.93662,gnina v1.3.3 master:6fe1ce2   Built Jun 30 2026.,static_crystal_polymer,,
1V1K,equibind,scored,0.6609,gnina v1.3.3 master:6fe1ce2   Built Jun 30 2026.,static_crystal_polymer,,
1V1K,diffdock,scored,0.70713,gnina v1.3.3 master:6fe1ce2   Built Jun 30 2026.,static_crystal_polymer,,
1V16,equibind,scored,0.00362,gnina v1.3.3 master:6fe1ce2   Built Jun 30 2026.,static_crystal_polymer,,
1V16,diffdock,scored,0.15187,gnina v1.3.3 master:6fe1ce2   Built Jun 30 2026.,static_crystal_polymer,,
1V11,equibind,scored,0.01393,gnina v1.3.3 master:6fe1ce2   Built Jun 30 2026.,static_crystal_polymer,,
1V11,diffdock,scored,0.36148,gnina v1.3.3 master:6fe1ce2   Built Jun 30 2026.,static_crystal_polymer,,
1V3X,equibind,scored,0.31335,gnina v1.3.3 master:6fe1ce2   Built Jun 30 2026.,static_crystal_polymer,,
1V3X,diffdock,scored,0.45497,gnina v1.3.3 master:6fe1ce2   Built Jun 30 2026.,static_crystal_polymer,,
1V48,equibind,scored,0.00027,gnina v1.3.3 master:6fe1ce2   Built Jun 30 2026.,static_crystal_polymer,,
1V48,diffdock,scored,0.86577,gnina v1.3.3 master:6fe1ce2   Built Jun 30 2026.,static_crystal_polymer,,
1V79,equibind,scored,0.00431,gnina v1.3.3 master:6fe1ce2   Built Jun 30 2026.,static_crystal_polymer,,
1V79,diffdock,scored,0.87582,gnina v1.3.3 master:6fe1ce2   Built Jun 30 2026.,static_crystal_polymer,,
1V7A,equibind,scored,0.00138,gnina v1.3.3 master:6fe1ce2   Built Jun 30 2026.,static_crystal_polymer,,
1V7A,diffdock,scored,0.93475,gnina v1.3.3 master:6fe1ce2   Built Jun 30 2026.,static_crystal_polymer,,
1V1M,equibind,scored,0.00246,gnina v1.3.3 master:6fe1ce2   Built Jun 30 2026.,static_crystal_polymer,,
1V1M,diffdock,scored,0.18078,gnina v1.3.3 master:6fe1ce2   Built Jun 30 2026.,static_crystal_polymer,,
1VEA,equibind,scored,0.03265,gnina v1.3.3 master:6fe1ce2   Built Jun 30 2026.,static_crystal_polymer,,
1VEA,diffdock,scored,0.39,gnina v1.3.3 master:6fe1ce2   Built Jun 30 2026.,static_crystal_polymer,,
1VEB,equibind,scored,0.00881,gnina v1.3.3 master:6fe1ce2   Built Jun 30 2026.,static_crystal_polymer,,
1VEB,diffdock,scored,0.56387,gnina v1.3.3 master:6fe1ce2   Built Jun 30 2026.,static_crystal_polymer,,
1VCJ,equibind,scored,0.00125,gnina v1.3.3 master:6fe1ce2   Built Jun 30 2026.,static_crystal_polymer,,
1VCJ,diffdock,scored,0.49281,gnina v1.3.3 master:6fe1ce2   Built Jun 30 2026.,static_crystal_polymer,,
1VGC,equibind,scored,0.3571,gnina v1.3.3 master:6fe1ce2   Built Jun 30 2026.,static_crystal_polymer,,
1VGC,diffdock,scored,0.54044,gnina v1.3.3 master:6fe1ce2   Built Jun 30 2026.,static_crystal_polymer,,
1VCU,equibind,scored,0.00312,gnina v1.3.3 master:6fe1ce2   Built Jun 30 2026.,static_crystal_polymer,,
1VCU,diffdock,scored,0.54031,gnina v1.3.3 master:6fe1ce2   Built Jun 30 2026.,static_crystal_polymer,,
1VJ5,equibind,scored,0.45409,gnina v1.3.3 master:6fe1ce2   Built Jun 30 2026.,static_crystal_polymer,,
1VJ5,diffdock,scored,0.91711,gnina v1.3.3 master:6fe1ce2   Built Jun 30 2026.,static_crystal_polymer,,
1VYF,equibind,scored,0.08112,gnina v1.3.3 master:6fe1ce2   Built Jun 30 2026.,static_crystal_polymer,,
1VYF,diffdock,scored,0.63975,gnina v1.3.3 master:6fe1ce2   Built Jun 30 2026.,static_crystal_polymer,,
1VJC,equibind,scored,0.00189,gnina v1.3.3 master:6fe1ce2   Built Jun 30 2026.,static_crystal_polymer,,
1VJC,diffdock,scored,0.13811,gnina v1.3.3 master:6fe1ce2   Built Jun 30 2026.,static_crystal_polymer,,
1VYG,equibind,scored,0.59593,gnina v1.3.3 master:6fe1ce2   Built Jun 30 2026.,static_crystal_polymer,,
1VYG,diffdock,scored,0.57636,gnina v1.3.3 master:6fe1ce2   Built Jun 30 2026.,static_crystal_polymer,,
1W10,equibind,scored,0.00783,gnina v1.3.3 master:6fe1ce2   Built Jun 30 2026.,static_crystal_polymer,,
1W10,diffdock,scored,0.48929,gnina v1.3.3 master:6fe1ce2   Built Jun 30 2026.,static_crystal_polymer,,
1VYZ,equibind,scored,0.36539,gnina v1.3.3 master:6fe1ce2   Built Jun 30 2026.,static_crystal_polymer,,
1VYZ,diffdock,scored,0.97949,gnina v1.3.3 master:6fe1ce2   Built Jun 30 2026.,static_crystal_polymer,,
1VOT,equibind,scored,0.07759,gnina v1.3.3 master:6fe1ce2   Built Jun 30 2026.,static_crystal_polymer,,
1VOT,diffdock,scored,0.38184,gnina v1.3.3 master:6fe1ce2   Built Jun 30 2026.,static_crystal_polymer,,
1W13,equibind,scored,0.22673,gnina v1.3.3 master:6fe1ce2   Built Jun 30 2026.,static_crystal_polymer,,
1W13,diffdock,scored,0.89664,gnina v1.3.3 master:6fe1ce2   Built Jun 30 2026.,static_crystal_polymer,,
1W14,equibind,scored,0.12759,gnina v1.3.3 master:6fe1ce2   Built Jun 30 2026.,static_crystal_polymer,,
1W14,diffdock,scored,0.50331,gnina v1.3.3 master:6fe1ce2   Built Jun 30 2026.,static_crystal_polymer,,
1UYS,equibind,scored,6e-05,gnina v1.3.3 master:6fe1ce2   Built Jun 30 2026.,static_crystal_polymer,,
1UYS,diffdock,scored,0.83167,gnina v1.3.3 master:6fe1ce2   Built Jun 30 2026.,static_crystal_polymer,,
1VKJ,equibind,scored,0.00157,gnina v1.3.3 master:6fe1ce2   Built Jun 30 2026.,static_crystal_polymer,,
1VKJ,diffdock,scored,0.5791,gnina v1.3.3 master:6fe1ce2   Built Jun 30 2026.,static_crystal_polymer,,
1VYW,equibind,scored,0.01025,gnina v1.3.3 master:6fe1ce2   Built Jun 30 2026.,static_crystal_polymer,,
1VYW,diffdock,scored,0.82103,gnina v1.3.3 master:6fe1ce2   Built Jun 30 2026.,static_crystal_polymer,,
1W1P,equibind,scored,0.01068,gnina v1.3.3 master:6fe1ce2   Built Jun 30 2026.,static_crystal_polymer,,
1W1P,diffdock,scored,0.91867,gnina v1.3.3 master:6fe1ce2   Built Jun 30 2026.,static_crystal_polymer,,
1UV6,equibind,scored,0.7419,gnina v1.3.3 master:6fe1ce2   Built Jun 30 2026.,static_crystal_polymer,,
1UV6,diffdock,scored,0.7037,gnina v1.3.3 master:6fe1ce2   Built Jun 30 2026.,static_crystal_polymer,,
1W2G,equibind,scored,0.00012,gnina v1.3.3 master:6fe1ce2   Built Jun 30 2026.,static_crystal_polymer,,
1W2G,diffdock,scored,0.97286,gnina v1.3.3 master:6fe1ce2   Built Jun 30 2026.,static_crystal_polymer,,
1W2H,equibind,scored,0.00073,gnina v1.3.3 master:6fe1ce2   Built Jun 30 2026.,static_crystal_polymer,,
1W2H,diffdock,scored,0.73718,gnina v1.3.3 master:6fe1ce2   Built Jun 30 2026.,static_crystal_polymer,,
1W31,equibind,scored,0.0136,gnina v1.3.3 master:6fe1ce2   Built Jun 30 2026.,static_crystal_polymer,,
1W31,diffdock,scored,0.45274,gnina v1.3.3 master:6fe1ce2   Built Jun 30 2026.,static_crystal_polymer,,
1W1T,equibind,scored,0.00645,gnina v1.3.3 master:6fe1ce2   Built Jun 30 2026.,static_crystal_polymer,,
1W1T,diffdock,scored,0.32167,gnina v1.3.3 master:6fe1ce2   Built Jun 30 2026.,static_crystal_polymer,,
1W1V,equibind,scored,0.00026,gnina v1.3.3 master:6fe1ce2   Built Jun 30 2026.,static_crystal_polymer,,
1W1V,diffdock,scored,0.4818,gnina v1.3.3 master:6fe1ce2   Built Jun 30 2026.,static_crystal_polymer,,
1W4O,equibind,scored,0.00062,gnina v1.3.3 master:6fe1ce2   Built Jun 30 2026.,static_crystal_polymer,,
1W4O,diffdock,scored,0.93146,gnina v1.3.3 master:6fe1ce2   Built Jun 30 2026.,static_crystal_polymer,,
1W1Y,equibind,scored,0.00041,gnina v1.3.3 master:6fe1ce2   Built Jun 30 2026.,static_crystal_polymer,,
1W1Y,diffdock,scored,0.86723,gnina v1.3.3 master:6fe1ce2   Built Jun 30 2026.,static_crystal_polymer,,
1W4P,equibind,scored,2e-05,gnina v1.3.3 master:6fe1ce2   Built Jun 30 2026.,static_crystal_polymer,,
1W4P,diffdock,scored,0.35721,gnina v1.3.3 master:6fe1ce2   Built Jun 30 2026.,static_crystal_polymer,,
1W4Q,equibind,scored,7e-05,gnina v1.3.3 master:6fe1ce2   Built Jun 30 2026.,static_crystal_polymer,,
1W4Q,diffdock,scored,0.87353,gnina v1.3.3 master:6fe1ce2   Built Jun 30 2026.,static_crystal_polymer,,
1W1G,equibind,scored,0.14389,gnina v1.3.3 master:6fe1ce2   Built Jun 30 2026.,static_crystal_polymer,,
1W1G,diffdock,scored,0.44932,gnina v1.3.3 master:6fe1ce2   Built Jun 30 2026.,static_crystal_polymer,,
1W51,equibind,scored,0.00154,gnina v1.3.3 master:6fe1ce2   Built Jun 30 2026.,static_crystal_polymer,,
1W51,diffdock,scored,0.63511,gnina v1.3.3 master:6fe1ce2   Built Jun 30 2026.,static_crystal_polymer,,
1W5X,equibind,scored,0.00078,gnina v1.3.3 master:6fe1ce2   Built Jun 30 2026.,static_crystal_polymer,,
1W5X,diffdock,scored,0.74051,gnina v1.3.3 master:6fe1ce2   Built Jun 30 2026.,static_crystal_polymer,,
1W5V,equibind,scored,0.00403,gnina v1.3.3 master:6fe1ce2   Built Jun 30 2026.,static_crystal_polymer,,
1W5V,diffdock,scored,0.69998,gnina v1.3.3 master:6fe1ce2   Built Jun 30 2026.,static_crystal_polymer,,
1W5W,equibind,scored,0.0026,gnina v1.3.3 master:6fe1ce2   Built Jun 30 2026.,static_crystal_polymer,,
1W5W,diffdock,scored,0.95393,gnina v1.3.3 master:6fe1ce2   Built Jun 30 2026.,static_crystal_polymer,,
1W3J,equibind,scored,0.02535,gnina v1.3.3 master:6fe1ce2   Built Jun 30 2026.,static_crystal_polymer,,
1W3J,diffdock,scored,0.96579,gnina v1.3.3 master:6fe1ce2   Built Jun 30 2026.,static_crystal_polymer,,
1W6Y,equibind,scored,0.03358,gnina v1.3.3 master:6fe1ce2   Built Jun 30 2026.,static_crystal_polymer,,
1W6Y,diffdock,scored,0.8023,gnina v1.3.3 master:6fe1ce2   Built Jun 30 2026.,static_crystal_polymer,,
1W5Y,equibind,scored,0.06539,gnina v1.3.3 master:6fe1ce2   Built Jun 30 2026.,static_crystal_polymer,,
1W5Y,diffdock,scored,0.78838,gnina v1.3.3 master:6fe1ce2   Built Jun 30 2026.,static_crystal_polymer,,
1W70,equibind,scored,0.00607,gnina v1.3.3 master:6fe1ce2   Built Jun 30 2026.,static_crystal_polymer,,
1W70,diffdock,scored,0.71915,gnina v1.3.3 master:6fe1ce2   Built Jun 30 2026.,static_crystal_polymer,,
1W7H,equibind,scored,0.09153,gnina v1.3.3 master:6fe1ce2   Built Jun 30 2026.,static_crystal_polymer,,
1W7H,diffdock,scored,0.43884,gnina v1.3.3 master:6fe1ce2   Built Jun 30 2026.,static_crystal_polymer,,
1W83,equibind,scored,0.00551,gnina v1.3.3 master:6fe1ce2   Built Jun 30 2026.,static_crystal_polymer,,
1W83,diffdock,scored,0.82822,gnina v1.3.3 master:6fe1ce2   Built Jun 30 2026.,static_crystal_polymer,,
1W8L,equibind,scored,0.60162,gnina v1.3.3 master:6fe1ce2   Built Jun 30 2026.,static_crystal_polymer,,
1W8L,diffdock,scored,0.54858,gnina v1.3.3 master:6fe1ce2   Built Jun 30 2026.,static_crystal_polymer,,
1W8M,equibind,scored,0.04395,gnina v1.3.3 master:6fe1ce2   Built Jun 30 2026.,static_crystal_polymer,,
1W8M,diffdock,scored,0.67671,gnina v1.3.3 master:6fe1ce2   Built Jun 30 2026.,static_crystal_polymer,,
1W84,equibind,scored,0.53383,gnina v1.3.3 master:6fe1ce2   Built Jun 30 2026.,static_crystal_polymer,,
1W84,diffdock,scored,0.10284,gnina v1.3.3 master:6fe1ce2   Built Jun 30 2026.,static_crystal_polymer,,
1W6J,equibind,scored,0.00052,gnina v1.3.3 master:6fe1ce2   Built Jun 30 2026.,static_crystal_polymer,,
1W6J,diffdock,scored,0.85146,gnina v1.3.3 master:6fe1ce2   Built Jun 30 2026.,static_crystal_polymer,,
1WAY,equibind,scored,0.2609,gnina v1.3.3 master:6fe1ce2   Built Jun 30 2026.,static_crystal_polymer,,
1WAY,diffdock,scored,0.65246,gnina v1.3.3 master:6fe1ce2   Built Jun 30 2026.,static_crystal_polymer,,
1WBG,equibind,scored,0.55614,gnina v1.3.3 master:6fe1ce2   Built Jun 30 2026.,static_crystal_polymer,,
1WBG,diffdock,scored,0.34967,gnina v1.3.3 master:6fe1ce2   Built Jun 30 2026.,static_crystal_polymer,,
1WBO,equibind,scored,0.69291,gnina v1.3.3 master:6fe1ce2   Built Jun 30 2026.,static_crystal_polymer,,
1WBO,diffdock,scored,0.86431,gnina v1.3.3 master:6fe1ce2   Built Jun 30 2026.,static_crystal_polymer,,
1W76,equibind,scored,0.00386,gnina v1.3.3 master:6fe1ce2   Built Jun 30 2026.,static_crystal_polymer,,
1W76,diffdock,scored,0.70625,gnina v1.3.3 master:6fe1ce2   Built Jun 30 2026.,static_crystal_polymer,,
1WBS,equibind,scored,0.00095,gnina v1.3.3 master:6fe1ce2   Built Jun 30 2026.,static_crystal_polymer,,
1WBS,diffdock,scored,0.31271,gnina v1.3.3 master:6fe1ce2   Built Jun 30 2026.,static_crystal_polymer,,
1WCC,equibind,scored,0.63493,gnina v1.3.3 master:6fe1ce2   Built Jun 30 2026.,static_crystal_polymer,,
1WCC,diffdock,scored,0.53068,gnina v1.3.3 master:6fe1ce2   Built Jun 30 2026.,static_crystal_polymer,,
1WBT,equibind,scored,0.14269,gnina v1.3.3 master:6fe1ce2   Built Jun 30 2026.,static_crystal_polymer,,
1WBT,diffdock,scored,0.4036,gnina v1.3.3 master:6fe1ce2   Built Jun 30 2026.,static_crystal_polymer,,
1WBV,equibind,scored,0.28209,gnina v1.3.3 master:6fe1ce2   Built Jun 30 2026.,static_crystal_polymer,,
1WBV,diffdock,scored,0.50272,gnina v1.3.3 master:6fe1ce2   Built Jun 30 2026.,static_crystal_polymer,,
1WE2,equibind,scored,0.58567,gnina v1.3.3 master:6fe1ce2   Built Jun 30 2026.,static_crystal_polymer,,
1WE2,diffdock,scored,0.65166,gnina v1.3.3 master:6fe1ce2   Built Jun 30 2026.,static_crystal_polymer,,
1WBW,equibind,scored,0.59004,gnina v1.3.3 master:6fe1ce2   Built Jun 30 2026.,static_crystal_polymer,,
1WBW,diffdock,scored,0.89702,gnina v1.3.3 master:6fe1ce2   Built Jun 30 2026.,static_crystal_polymer,,
1UW6,equibind,scored,0.00283,gnina v1.3.3 master:6fe1ce2   Built Jun 30 2026.,static_crystal_polymer,,
1WM1,equibind,scored,0.01382,gnina v1.3.3 master:6fe1ce2   Built Jun 30 2026.,static_crystal_polymer,,
1WM1,diffdock,scored,0.72012,gnina v1.3.3 master:6fe1ce2   Built Jun 30 2026.,static_crystal_polymer,,
1W2X,equibind,scored,0.00032,gnina v1.3.3 master:6fe1ce2   Built Jun 30 2026.,static_crystal_polymer,,
1W2X,diffdock,scored,0.33397,gnina v1.3.3 master:6fe1ce2   Built Jun 30 2026.,static_crystal_polymer,,
1WUG,equibind,scored,0.03798,gnina v1.3.3 master:6fe1ce2   Built Jun 30 2026.,static_crystal_polymer,,
1WUG,diffdock,scored,0.72502,gnina v1.3.3 master:6fe1ce2   Built Jun 30 2026.,static_crystal_polymer,,
1WKM,equibind,scored,0.6163,gnina v1.3.3 master:6fe1ce2   Built Jun 30 2026.,static_crystal_polymer,,
1WKM,diffdock,scored,0.5605,gnina v1.3.3 master:6fe1ce2   Built Jun 30 2026.,static_crystal_polymer,,
1WDY,equibind,scored,0.00502,gnina v1.3.3 master:6fe1ce2   Built Jun 30 2026.,static_crystal_polymer,,
1WDY,diffdock,scored,0.14538,gnina v1.3.3 master:6fe1ce2   Built Jun 30 2026.,static_crystal_polymer,,
1WVJ,equibind,scored,0.51444,gnina v1.3.3 master:6fe1ce2   Built Jun 30 2026.,static_crystal_polymer,,
1WVJ,diffdock,scored,0.95481,gnina v1.3.3 master:6fe1ce2   Built Jun 30 2026.,static_crystal_polymer,,
1WS4,equibind,scored,0.00011,gnina v1.3.3 master:6fe1ce2   Built Jun 30 2026.,static_crystal_polymer,,
1WS4,diffdock,scored,0.83431,gnina v1.3.3 master:6fe1ce2   Built Jun 30 2026.,static_crystal_polymer,,
1WVC,equibind,scored,0.09705,gnina v1.3.3 master:6fe1ce2   Built Jun 30 2026.,static_crystal_polymer,,
1WVC,diffdock,scored,0.04257,gnina v1.3.3 master:6fe1ce2   Built Jun 30 2026.,static_crystal_polymer,,
1X07,equibind,scored,0.05039,gnina v1.3.3 master:6fe1ce2   Built Jun 30 2026.,static_crystal_polymer,,
1X07,diffdock,scored,0.92428,gnina v1.3.3 master:6fe1ce2   Built Jun 30 2026.,static_crystal_polymer,,
1WS5,equibind,scored,0.02584,gnina v1.3.3 master:6fe1ce2   Built Jun 30 2026.,static_crystal_polymer,,
1WS5,diffdock,scored,0.95786,gnina v1.3.3 master:6fe1ce2   Built Jun 30 2026.,static_crystal_polymer,,
1X6U,equibind,scored,0.6813,gnina v1.3.3 master:6fe1ce2   Built Jun 30 2026.,static_crystal_polymer,,
1X6U,diffdock,scored,0.53685,gnina v1.3.3 master:6fe1ce2   Built Jun 30 2026.,static_crystal_polymer,,
1X1Z,equibind,scored,0.00102,gnina v1.3.3 master:6fe1ce2   Built Jun 30 2026.,static_crystal_polymer,,
1X1Z,diffdock,scored,0.47785,gnina v1.3.3 master:6fe1ce2   Built Jun 30 2026.,static_crystal_polymer,,
1X38,equibind,scored,0.1541,gnina v1.3.3 master:6fe1ce2   Built Jun 30 2026.,static_crystal_polymer,,
1X38,diffdock,scored,0.85552,gnina v1.3.3 master:6fe1ce2   Built Jun 30 2026.,static_crystal_polymer,,
1X39,equibind,scored,0.02043,gnina v1.3.3 master:6fe1ce2   Built Jun 30 2026.,static_crystal_polymer,,
1X39,diffdock,scored,0.56086,gnina v1.3.3 master:6fe1ce2   Built Jun 30 2026.,static_crystal_polymer,,
1X78,equibind,scored,1e-05,gnina v1.3.3 master:6fe1ce2   Built Jun 30 2026.,static_crystal_polymer,,
1X78,diffdock,scored,0.68903,gnina v1.3.3 master:6fe1ce2   Built Jun 30 2026.,static_crystal_polymer,,
1X7B,equibind,scored,0.0,gnina v1.3.3 master:6fe1ce2   Built Jun 30 2026.,static_crystal_polymer,,
1X7B,diffdock,scored,0.85169,gnina v1.3.3 master:6fe1ce2   Built Jun 30 2026.,static_crystal_polymer,,
1V1J,equibind,scored,0.77912,gnina v1.3.3 master:6fe1ce2   Built Jun 30 2026.,static_crystal_polymer,,
1V1J,diffdock,scored,0.25003,gnina v1.3.3 master:6fe1ce2   Built Jun 30 2026.,static_crystal_polymer,,
1X7E,equibind,scored,0.00065,gnina v1.3.3 master:6fe1ce2   Built Jun 30 2026.,static_crystal_polymer,,
1X7E,diffdock,scored,0.86657,gnina v1.3.3 master:6fe1ce2   Built Jun 30 2026.,static_crystal_polymer,,
1X81,equibind,scored,0.01261,gnina v1.3.3 master:6fe1ce2   Built Jun 30 2026.,static_crystal_polymer,,
1X81,diffdock,scored,0.55362,gnina v1.3.3 master:6fe1ce2   Built Jun 30 2026.,static_crystal_polymer,,
1W1D,equibind,scored,0.05596,gnina v1.3.3 master:6fe1ce2   Built Jun 30 2026.,static_crystal_polymer,,
1W1D,diffdock,scored,0.3484,gnina v1.3.3 master:6fe1ce2   Built Jun 30 2026.,static_crystal_polymer,,
1X8D,equibind,scored,0.00048,gnina v1.3.3 master:6fe1ce2   Built Jun 30 2026.,static_crystal_polymer,,
1X8D,diffdock,scored,0.74923,gnina v1.3.3 master:6fe1ce2   Built Jun 30 2026.,static_crystal_polymer,,
1WCQ,equibind,scored,0.00368,gnina v1.3.3 master:6fe1ce2   Built Jun 30 2026.,static_crystal_polymer,,
1WCQ,diffdock,scored,0.95776,gnina v1.3.3 master:6fe1ce2   Built Jun 30 2026.,static_crystal_polymer,,
1XA5,equibind,scored,8e-05,gnina v1.3.3 master:6fe1ce2   Built Jun 30 2026.,static_crystal_polymer,,
1XA5,diffdock,scored,0.0327,gnina v1.3.3 master:6fe1ce2   Built Jun 30 2026.,static_crystal_polymer,,
1XBB,equibind,scored,0.31066,gnina v1.3.3 master:6fe1ce2   Built Jun 30 2026.,static_crystal_polymer,,
1XBB,diffdock,scored,0.69473,gnina v1.3.3 master:6fe1ce2   Built Jun 30 2026.,static_crystal_polymer,,
1XBC,equibind,scored,0.32676,gnina v1.3.3 master:6fe1ce2   Built Jun 30 2026.,static_crystal_polymer,,
1XBC,diffdock,scored,0.49179,gnina v1.3.3 master:6fe1ce2   Built Jun 30 2026.,static_crystal_polymer,,
1X8J,equibind,scored,0.00046,gnina v1.3.3 master:6fe1ce2   Built Jun 30 2026.,static_crystal_polymer,,
1X8J,diffdock,scored,0.75429,gnina v1.3.3 master:6fe1ce2   Built Jun 30 2026.,static_crystal_polymer,,
1X8R,equibind,scored,0.00157,gnina v1.3.3 master:6fe1ce2   Built Jun 30 2026.,static_crystal_polymer,,
1X8R,diffdock,scored,0.7138,gnina v1.3.3 master:6fe1ce2   Built Jun 30 2026.,static_crystal_polymer,,
1XD0,equibind,scored,3e-05,gnina v1.3.3 master:6fe1ce2   Built Jun 30 2026.,static_crystal_polymer,,
1XD0,diffdock,scored,0.68919,gnina v1.3.3 master:6fe1ce2   Built Jun 30 2026.,static_crystal_polymer,,
1XFF,equibind,scored,0.34779,gnina v1.3.3 master:6fe1ce2   Built Jun 30 2026.,static_crystal_polymer,,
1XFF,diffdock,scored,0.28268,gnina v1.3.3 master:6fe1ce2   Built Jun 30 2026.,static_crystal_polymer,,
1XDD,equibind,scored,0.00013,gnina v1.3.3 master:6fe1ce2   Built Jun 30 2026.,static_crystal_polymer,,
1XDD,diffdock,scored,0.6211,gnina v1.3.3 master:6fe1ce2   Built Jun 30 2026.,static_crystal_polymer,,
1X70,equibind,scored,0.01929,gnina v1.3.3 master:6fe1ce2   Built Jun 30 2026.,static_crystal_polymer,,
1X70,diffdock,scored,0.74785,gnina v1.3.3 master:6fe1ce2   Built Jun 30 2026.,static_crystal_polymer,,
1XDG,equibind,scored,1e-05,gnina v1.3.3 master:6fe1ce2   Built Jun 30 2026.,static_crystal_polymer,,
1XDG,diffdock,scored,0.58827,gnina v1.3.3 master:6fe1ce2   Built Jun 30 2026.,static_crystal_polymer,,
1X8T,equibind,scored,0.00091,gnina v1.3.3 master:6fe1ce2   Built Jun 30 2026.,static_crystal_polymer,,
1X8T,diffdock,scored,0.79826,gnina v1.3.3 master:6fe1ce2   Built Jun 30 2026.,static_crystal_polymer,,
1XH4,equibind,scored,0.02086,gnina v1.3.3 master:6fe1ce2   Built Jun 30 2026.,static_crystal_polymer,,
1XH4,diffdock,scored,0.6435,gnina v1.3.3 master:6fe1ce2   Built Jun 30 2026.,static_crystal_polymer,,
1XHY,equibind,scored,0.38825,gnina v1.3.3 master:6fe1ce2   Built Jun 30 2026.,static_crystal_polymer,,
1XHY,diffdock,scored,0.83522,gnina v1.3.3 master:6fe1ce2   Built Jun 30 2026.,static_crystal_polymer,,
1XJD,equibind,scored,0.69727,gnina v1.3.3 master:6fe1ce2   Built Jun 30 2026.,static_crystal_polymer,,
1XJD,diffdock,scored,0.94659,gnina v1.3.3 master:6fe1ce2   Built Jun 30 2026.,static_crystal_polymer,,
1XH5,equibind,scored,0.02064,gnina v1.3.3 master:6fe1ce2   Built Jun 30 2026.,static_crystal_polymer,,
1XH5,diffdock,scored,0.71084,gnina v1.3.3 master:6fe1ce2   Built Jun 30 2026.,static_crystal_polymer,,
1XGE,equibind,scored,0.12246,gnina v1.3.3 master:6fe1ce2   Built Jun 30 2026.,static_crystal_polymer,,
1XGE,diffdock,scored,0.55633,gnina v1.3.3 master:6fe1ce2   Built Jun 30 2026.,static_crystal_polymer,,
1XH7,equibind,scored,0.002,gnina v1.3.3 master:6fe1ce2   Built Jun 30 2026.,static_crystal_polymer,,
1XH7,diffdock,scored,0.70067,gnina v1.3.3 master:6fe1ce2   Built Jun 30 2026.,static_crystal_polymer,,
1XNZ,equibind,scored,0.2293,gnina v1.3.3 master:6fe1ce2   Built Jun 30 2026.,static_crystal_polymer,,
1XNZ,diffdock,scored,0.94218,gnina v1.3.3 master:6fe1ce2   Built Jun 30 2026.,static_crystal_polymer,,
1XK9,equibind,scored,0.00012,gnina v1.3.3 master:6fe1ce2   Built Jun 30 2026.,static_crystal_polymer,,
1XK9,diffdock,scored,0.30433,gnina v1.3.3 master:6fe1ce2   Built Jun 30 2026.,static_crystal_polymer,,
1XOE,equibind,scored,0.30639,gnina v1.3.3 master:6fe1ce2   Built Jun 30 2026.,static_crystal_polymer,,
1XOE,diffdock,scored,0.7371,gnina v1.3.3 master:6fe1ce2   Built Jun 30 2026.,static_crystal_polymer,,
1XNX,equibind,scored,0.19719,gnina v1.3.3 master:6fe1ce2   Built Jun 30 2026.,static_crystal_polymer,,
1XNX,diffdock,scored,0.43873,gnina v1.3.3 master:6fe1ce2   Built Jun 30 2026.,static_crystal_polymer,,
1XLZ,equibind,scored,0.14231,gnina v1.3.3 master:6fe1ce2   Built Jun 30 2026.,static_crystal_polymer,,
1XLZ,diffdock,scored,0.65434,gnina v1.3.3 master:6fe1ce2   Built Jun 30 2026.,static_crystal_polymer,,
1XO2,equibind,scored,0.00768,gnina v1.3.3 master:6fe1ce2   Built Jun 30 2026.,static_crystal_polymer,,
1XO2,diffdock,scored,0.79003,gnina v1.3.3 master:6fe1ce2   Built Jun 30 2026.,static_crystal_polymer,,
1XOG,equibind,scored,0.12605,gnina v1.3.3 master:6fe1ce2   Built Jun 30 2026.,static_crystal_polymer,,
1XOG,diffdock,scored,0.89472,gnina v1.3.3 master:6fe1ce2   Built Jun 30 2026.,static_crystal_polymer,,
1XMY,equibind,scored,0.00457,gnina v1.3.3 master:6fe1ce2   Built Jun 30 2026.,static_crystal_polymer,,
1XMY,diffdock,scored,0.97161,gnina v1.3.3 master:6fe1ce2   Built Jun 30 2026.,static_crystal_polymer,,
1XM6,equibind,scored,0.0121,gnina v1.3.3 master:6fe1ce2   Built Jun 30 2026.,static_crystal_polymer,,
1XM6,diffdock,scored,0.88253,gnina v1.3.3 master:6fe1ce2   Built Jun 30 2026.,static_crystal_polymer,,
1XN0,equibind,scored,0.06894,gnina v1.3.3 master:6fe1ce2   Built Jun 30 2026.,static_crystal_polymer,,
1XN0,diffdock,scored,0.94084,gnina v1.3.3 master:6fe1ce2   Built Jun 30 2026.,static_crystal_polymer,,
1XOW,equibind,scored,0.7769,gnina v1.3.3 master:6fe1ce2   Built Jun 30 2026.,static_crystal_polymer,,
1XOW,diffdock,scored,0.69686,gnina v1.3.3 master:6fe1ce2   Built Jun 30 2026.,static_crystal_polymer,,
1XOS,equibind,scored,0.03889,gnina v1.3.3 master:6fe1ce2   Built Jun 30 2026.,static_crystal_polymer,,
1XOS,diffdock,scored,0.08813,gnina v1.3.3 master:6fe1ce2   Built Jun 30 2026.,static_crystal_polymer,,
1XOZ,equibind,scored,0.04486,gnina v1.3.3 master:6fe1ce2   Built Jun 30 2026.,static_crystal_polymer,,
1XOZ,diffdock,scored,0.56366,gnina v1.3.3 master:6fe1ce2   Built Jun 30 2026.,static_crystal_polymer,,
1XS7,equibind,scored,6e-05,gnina v1.3.3 master:6fe1ce2   Built Jun 30 2026.,static_crystal_polymer,,
1XS7,diffdock,scored,0.43853,gnina v1.3.3 master:6fe1ce2   Built Jun 30 2026.,static_crystal_polymer,,
1XON,equibind,scored,0.00023,gnina v1.3.3 master:6fe1ce2   Built Jun 30 2026.,static_crystal_polymer,,
1XON,diffdock,scored,0.79953,gnina v1.3.3 master:6fe1ce2   Built Jun 30 2026.,static_crystal_polymer,,
1XOM,equibind,scored,0.27977,gnina v1.3.3 master:6fe1ce2   Built Jun 30 2026.,static_crystal_polymer,,
1XOM,diffdock,scored,0.59978,gnina v1.3.3 master:6fe1ce2   Built Jun 30 2026.,static_crystal_polymer,,
1XT8,equibind,scored,0.05733,gnina v1.3.3 master:6fe1ce2   Built Jun 30 2026.,static_crystal_polymer,,
1XT8,diffdock,scored,0.43797,gnina v1.3.3 master:6fe1ce2   Built Jun 30 2026.,static_crystal_polymer,,
1XOQ,equibind,scored,0.00066,gnina v1.3.3 master:6fe1ce2   Built Jun 30 2026.,static_crystal_polymer,,
1XOQ,diffdock,scored,0.76831,gnina v1.3.3 master:6fe1ce2   Built Jun 30 2026.,static_crystal_polymer,,
1XOR,equibind,scored,0.02321,gnina v1.3.3 master:6fe1ce2   Built Jun 30 2026.,static_crystal_polymer,,
1XOR,diffdock,scored,0.28585,gnina v1.3.3 master:6fe1ce2   Built Jun 30 2026.,static_crystal_polymer,,
1XSC,equibind,scored,0.01672,gnina v1.3.3 master:6fe1ce2   Built Jun 30 2026.,static_crystal_polymer,,
1XSC,diffdock,scored,0.12272,gnina v1.3.3 master:6fe1ce2   Built Jun 30 2026.,static_crystal_polymer,,
1Y0X,equibind,scored,0.0009,gnina v1.3.3 master:6fe1ce2   Built Jun 30 2026.,static_crystal_polymer,,
1Y0X,diffdock,scored,0.82776,gnina v1.3.3 master:6fe1ce2   Built Jun 30 2026.,static_crystal_polymer,,
1XUD,equibind,scored,0.00195,gnina v1.3.3 master:6fe1ce2   Built Jun 30 2026.,static_crystal_polymer,,
1XUD,diffdock,scored,0.85809,gnina v1.3.3 master:6fe1ce2   Built Jun 30 2026.,static_crystal_polymer,,
1Y20,equibind,scored,0.11559,gnina v1.3.3 master:6fe1ce2   Built Jun 30 2026.,static_crystal_polymer,,
1Y20,diffdock,scored,0.98105,gnina v1.3.3 master:6fe1ce2   Built Jun 30 2026.,static_crystal_polymer,,
1XZ8,equibind,scored,0.00094,gnina v1.3.3 master:6fe1ce2   Built Jun 30 2026.,static_crystal_polymer,,
1XZ8,diffdock,scored,0.14889,gnina v1.3.3 master:6fe1ce2   Built Jun 30 2026.,static_crystal_polymer,,
1Y2F,equibind,scored,0.00023,gnina v1.3.3 master:6fe1ce2   Built Jun 30 2026.,static_crystal_polymer,,
1Y2F,diffdock,scored,0.51331,gnina v1.3.3 master:6fe1ce2   Built Jun 30 2026.,static_crystal_polymer,,
1Y2B,equibind,scored,0.02273,gnina v1.3.3 master:6fe1ce2   Built Jun 30 2026.,static_crystal_polymer,,
1Y2B,diffdock,scored,0.89062,gnina v1.3.3 master:6fe1ce2   Built Jun 30 2026.,static_crystal_polymer,,
1XXE,equibind,scored,0.01593,gnina v1.3.3 master:6fe1ce2   Built Jun 30 2026.,static_crystal_polymer,,
1XXE,diffdock,scored,0.91432,gnina v1.3.3 master:6fe1ce2   Built Jun 30 2026.,static_crystal_polymer,,
1Y8O,equibind,scored,0.0,gnina v1.3.3 master:6fe1ce2   Built Jun 30 2026.,static_crystal_polymer,,
1Y8O,diffdock,scored,0.6717,gnina v1.3.3 master:6fe1ce2   Built Jun 30 2026.,static_crystal_polymer,,
1Y6Q,equibind,scored,0.36383,gnina v1.3.3 master:6fe1ce2   Built Jun 30 2026.,static_crystal_polymer,,
1Y6Q,diffdock,scored,0.96887,gnina v1.3.3 master:6fe1ce2   Built Jun 30 2026.,static_crystal_polymer,,
1Y2C,equibind,scored,0.02455,gnina v1.3.3 master:6fe1ce2   Built Jun 30 2026.,static_crystal_polymer,,
1Y2C,diffdock,scored,0.92488,gnina v1.3.3 master:6fe1ce2   Built Jun 30 2026.,static_crystal_polymer,,
1YC1,equibind,scored,0.00495,gnina v1.3.3 master:6fe1ce2   Built Jun 30 2026.,static_crystal_polymer,,
1YC1,diffdock,scored,0.62501,gnina v1.3.3 master:6fe1ce2   Built Jun 30 2026.,static_crystal_polymer,,
1Y2H,equibind,scored,0.45221,gnina v1.3.3 master:6fe1ce2   Built Jun 30 2026.,static_crystal_polymer,,
1Y2H,diffdock,scored,0.92108,gnina v1.3.3 master:6fe1ce2   Built Jun 30 2026.,static_crystal_polymer,,
1YC5,equibind,scored,0.76452,gnina v1.3.3 master:6fe1ce2   Built Jun 30 2026.,static_crystal_polymer,,
1YC5,diffdock,scored,0.97453,gnina v1.3.3 master:6fe1ce2   Built Jun 30 2026.,static_crystal_polymer,,
1YC4,equibind,scored,0.06349,gnina v1.3.3 master:6fe1ce2   Built Jun 30 2026.,static_crystal_polymer,,
1YC4,diffdock,scored,0.36154,gnina v1.3.3 master:6fe1ce2   Built Jun 30 2026.,static_crystal_polymer,,
1Y91,equibind,scored,0.32407,gnina v1.3.3 master:6fe1ce2   Built Jun 30 2026.,static_crystal_polymer,,
1Y91,diffdock,scored,0.81891,gnina v1.3.3 master:6fe1ce2   Built Jun 30 2026.,static_crystal_polymer,,
1Y8P,equibind,scored,1e-05,gnina v1.3.3 master:6fe1ce2   Built Jun 30 2026.,static_crystal_polymer,,
1Y8P,diffdock,scored,0.59412,gnina v1.3.3 master:6fe1ce2   Built Jun 30 2026.,static_crystal_polymer,,
1Y4Z,equibind,scored,0.00411,gnina v1.3.3 master:6fe1ce2   Built Jun 30 2026.,static_crystal_polymer,,
1YDA,equibind,scored,0.28874,gnina v1.3.3 master:6fe1ce2   Built Jun 30 2026.,static_crystal_polymer,,
1YDA,diffdock,scored,0.80349,gnina v1.3.3 master:6fe1ce2   Built Jun 30 2026.,static_crystal_polymer,,
1YDB,equibind,scored,0.1023,gnina v1.3.3 master:6fe1ce2   Built Jun 30 2026.,static_crystal_polymer,,
1YDB,diffdock,scored,0.95005,gnina v1.3.3 master:6fe1ce2   Built Jun 30 2026.,static_crystal_polymer,,
1YDD,equibind,scored,0.19576,gnina v1.3.3 master:6fe1ce2   Built Jun 30 2026.,static_crystal_polymer,,
1YDD,diffdock,scored,0.4936,gnina v1.3.3 master:6fe1ce2   Built Jun 30 2026.,static_crystal_polymer,,
1YET,equibind,scored,0.10864,gnina v1.3.3 master:6fe1ce2   Built Jun 30 2026.,static_crystal_polymer,,
1YET,diffdock,scored,0.07652,gnina v1.3.3 master:6fe1ce2   Built Jun 30 2026.,static_crystal_polymer,,
1YCM,equibind,scored,0.564,gnina v1.3.3 master:6fe1ce2   Built Jun 30 2026.,static_crystal_polymer,,
1YCM,diffdock,scored,0.75494,gnina v1.3.3 master:6fe1ce2   Built Jun 30 2026.,static_crystal_polymer,,
1YI3,equibind,scored,0.25732,gnina v1.3.3 master:6fe1ce2   Built Jun 30 2026.,static_crystal_polymer,,
1YI3,diffdock,scored,0.82016,gnina v1.3.3 master:6fe1ce2   Built Jun 30 2026.,static_crystal_polymer,,
1YCI,equibind,scored,0.01848,gnina v1.3.3 master:6fe1ce2   Built Jun 30 2026.,static_crystal_polymer,,
1YCI,diffdock,scored,0.87946,gnina v1.3.3 master:6fe1ce2   Built Jun 30 2026.,static_crystal_polymer,,
1YDK,equibind,scored,0.01647,gnina v1.3.3 master:6fe1ce2   Built Jun 30 2026.,static_crystal_polymer,,
1YDK,diffdock,scored,0.82936,gnina v1.3.3 master:6fe1ce2   Built Jun 30 2026.,static_crystal_polymer,,
1YDR,equibind,scored,0.6384,gnina v1.3.3 master:6fe1ce2   Built Jun 30 2026.,static_crystal_polymer,,
1YDR,diffdock,scored,0.92935,gnina v1.3.3 master:6fe1ce2   Built Jun 30 2026.,static_crystal_polymer,,
1YFZ,equibind,scored,0.00078,gnina v1.3.3 master:6fe1ce2   Built Jun 30 2026.,static_crystal_polymer,,
1YFZ,diffdock,scored,0.38721,gnina v1.3.3 master:6fe1ce2   Built Jun 30 2026.,static_crystal_polymer,,
1YLV,equibind,scored,0.33144,gnina v1.3.3 master:6fe1ce2   Built Jun 30 2026.,static_crystal_polymer,,
1YLV,diffdock,scored,0.30657,gnina v1.3.3 master:6fe1ce2   Built Jun 30 2026.,static_crystal_polymer,,
1YLY,equibind,scored,0.01168,gnina v1.3.3 master:6fe1ce2   Built Jun 30 2026.,static_crystal_polymer,,
1YLY,diffdock,scored,0.13906,gnina v1.3.3 master:6fe1ce2   Built Jun 30 2026.,static_crystal_polymer,,
1YON,equibind,scored,0.09528,gnina v1.3.3 master:6fe1ce2   Built Jun 30 2026.,static_crystal_polymer,,
1YON,diffdock,scored,0.1627,gnina v1.3.3 master:6fe1ce2   Built Jun 30 2026.,static_crystal_polymer,,
1YMX,equibind,scored,0.17953,gnina v1.3.3 master:6fe1ce2   Built Jun 30 2026.,static_crystal_polymer,,
1YMX,diffdock,scored,0.29478,gnina v1.3.3 master:6fe1ce2   Built Jun 30 2026.,static_crystal_polymer,,
1YMS,equibind,scored,0.1141,gnina v1.3.3 master:6fe1ce2   Built Jun 30 2026.,static_crystal_polymer,,
1YMS,diffdock,scored,0.38969,gnina v1.3.3 master:6fe1ce2   Built Jun 30 2026.,static_crystal_polymer,,
1YM1,equibind,scored,0.02819,gnina v1.3.3 master:6fe1ce2   Built Jun 30 2026.,static_crystal_polymer,,
1YM1,diffdock,scored,0.26601,gnina v1.3.3 master:6fe1ce2   Built Jun 30 2026.,static_crystal_polymer,,
1Y0L,equibind,scored,0.53473,gnina v1.3.3 master:6fe1ce2   Built Jun 30 2026.,static_crystal_polymer,,
1Y0L,diffdock,scored,0.80347,gnina v1.3.3 master:6fe1ce2   Built Jun 30 2026.,static_crystal_polymer,,
1YND,equibind,scored,0.1384,gnina v1.3.3 master:6fe1ce2   Built Jun 30 2026.,static_crystal_polymer,,
1YND,diffdock,scored,0.55379,gnina v1.3.3 master:6fe1ce2   Built Jun 30 2026.,static_crystal_polymer,,
1YQJ,equibind,scored,0.64301,gnina v1.3.3 master:6fe1ce2   Built Jun 30 2026.,static_crystal_polymer,,
1YQJ,diffdock,scored,0.44698,gnina v1.3.3 master:6fe1ce2   Built Jun 30 2026.,static_crystal_polymer,,
1YOU,equibind,scored,0.0,gnina v1.3.3 master:6fe1ce2   Built Jun 30 2026.,static_crystal_polymer,,
1YOU,diffdock,scored,0.62108,gnina v1.3.3 master:6fe1ce2   Built Jun 30 2026.,static_crystal_polymer,,
1YSG,equibind,scored,0.00064,gnina v1.3.3 master:6fe1ce2   Built Jun 30 2026.,static_crystal_polymer,,
1YSG,diffdock,scored,0.90219,gnina v1.3.3 master:6fe1ce2   Built Jun 30 2026.,static_crystal_polymer,,
1YQ7,equibind,scored,0.02245,gnina v1.3.3 master:6fe1ce2   Built Jun 30 2026.,static_crystal_polymer,,
1YQ7,diffdock,scored,0.71721,gnina v1.3.3 master:6fe1ce2   Built Jun 30 2026.,static_crystal_polymer,,
1YVM,equibind,scored,0.69525,gnina v1.3.3 master:6fe1ce2   Built Jun 30 2026.,static_crystal_polymer,,
1YVM,diffdock,scored,0.86152,gnina v1.3.3 master:6fe1ce2   Built Jun 30 2026.,static_crystal_polymer,,
1YQY,equibind,scored,0.03353,gnina v1.3.3 master:6fe1ce2   Built Jun 30 2026.,static_crystal_polymer,,
1YQY,diffdock,scored,0.62806,gnina v1.3.3 master:6fe1ce2   Built Jun 30 2026.,static_crystal_polymer,,
1YW7,equibind,scored,0.10347,gnina v1.3.3 master:6fe1ce2   Built Jun 30 2026.,static_crystal_polymer,,
1YW7,diffdock,scored,0.27408,gnina v1.3.3 master:6fe1ce2   Built Jun 30 2026.,static_crystal_polymer,,
1YT9,equibind,scored,2e-05,gnina v1.3.3 master:6fe1ce2   Built Jun 30 2026.,static_crystal_polymer,,
1YT9,diffdock,scored,0.58783,gnina v1.3.3 master:6fe1ce2   Built Jun 30 2026.,static_crystal_polymer,,
1YW8,equibind,scored,0.14911,gnina v1.3.3 master:6fe1ce2   Built Jun 30 2026.,static_crystal_polymer,,
1YW8,diffdock,scored,0.45941,gnina v1.3.3 master:6fe1ce2   Built Jun 30 2026.,static_crystal_polymer,,
1YVF,equibind,scored,0.37031,gnina v1.3.3 master:6fe1ce2   Built Jun 30 2026.,static_crystal_polymer,,
1YVF,diffdock,scored,0.32165,gnina v1.3.3 master:6fe1ce2   Built Jun 30 2026.,static_crystal_polymer,,
1YVZ,equibind,scored,0.00624,gnina v1.3.3 master:6fe1ce2   Built Jun 30 2026.,static_crystal_polymer,,
1YVZ,diffdock,scored,0.57956,gnina v1.3.3 master:6fe1ce2   Built Jun 30 2026.,static_crystal_polymer,,
1YRS,equibind,scored,0.02537,gnina v1.3.3 master:6fe1ce2   Built Jun 30 2026.,static_crystal_polymer,,
1YRS,diffdock,scored,0.60265,gnina v1.3.3 master:6fe1ce2   Built Jun 30 2026.,static_crystal_polymer,,
1YY4,equibind,scored,0.0,gnina v1.3.3 master:6fe1ce2   Built Jun 30 2026.,static_crystal_polymer,,
1YY4,diffdock,scored,0.67254,gnina v1.3.3 master:6fe1ce2   Built Jun 30 2026.,static_crystal_polymer,,
1YXD,equibind,scored,0.64478,gnina v1.3.3 master:6fe1ce2   Built Jun 30 2026.,static_crystal_polymer,,
1YXD,diffdock,scored,0.55445,gnina v1.3.3 master:6fe1ce2   Built Jun 30 2026.,static_crystal_polymer,,
1YYE,equibind,scored,0.00114,gnina v1.3.3 master:6fe1ce2   Built Jun 30 2026.,static_crystal_polymer,,
1YYE,diffdock,scored,0.77948,gnina v1.3.3 master:6fe1ce2   Built Jun 30 2026.,static_crystal_polymer,,
1YZ3,equibind,scored,0.00896,gnina v1.3.3 master:6fe1ce2   Built Jun 30 2026.,static_crystal_polymer,,
1YZ3,diffdock,scored,0.91736,gnina v1.3.3 master:6fe1ce2   Built Jun 30 2026.,static_crystal_polymer,,
1Z3J,equibind,scored,0.18309,gnina v1.3.3 master:6fe1ce2   Built Jun 30 2026.,static_crystal_polymer,,
1Z3J,diffdock,scored,0.50921,gnina v1.3.3 master:6fe1ce2   Built Jun 30 2026.,static_crystal_polymer,,
1YYS,equibind,scored,0.43008,gnina v1.3.3 master:6fe1ce2   Built Jun 30 2026.,static_crystal_polymer,,
1YYS,diffdock,scored,0.8049,gnina v1.3.3 master:6fe1ce2   Built Jun 30 2026.,static_crystal_polymer,,
1YYR,equibind,scored,0.21285,gnina v1.3.3 master:6fe1ce2   Built Jun 30 2026.,static_crystal_polymer,,
1YYR,diffdock,scored,0.38608,gnina v1.3.3 master:6fe1ce2   Built Jun 30 2026.,static_crystal_polymer,,
1Z4O,equibind,scored,0.00019,gnina v1.3.3 master:6fe1ce2   Built Jun 30 2026.,static_crystal_polymer,,
1Z4O,diffdock,scored,0.69349,gnina v1.3.3 master:6fe1ce2   Built Jun 30 2026.,static_crystal_polymer,,
1Z4N,equibind,scored,0.0807,gnina v1.3.3 master:6fe1ce2   Built Jun 30 2026.,static_crystal_polymer,,
1Z4N,diffdock,scored,0.83294,gnina v1.3.3 master:6fe1ce2   Built Jun 30 2026.,static_crystal_polymer,,
1Z6E,equibind,scored,0.07043,gnina v1.3.3 master:6fe1ce2   Built Jun 30 2026.,static_crystal_polymer,,
1Z6E,diffdock,scored,0.51842,gnina v1.3.3 master:6fe1ce2   Built Jun 30 2026.,static_crystal_polymer,,
1YBG,equibind,scored,0.00447,gnina v1.3.3 master:6fe1ce2   Built Jun 30 2026.,static_crystal_polymer,,
1YBG,diffdock,scored,0.41812,gnina v1.3.3 master:6fe1ce2   Built Jun 30 2026.,static_crystal_polymer,,
1Z6D,equibind,scored,5e-05,gnina v1.3.3 master:6fe1ce2   Built Jun 30 2026.,static_crystal_polymer,,
1Z6D,diffdock,scored,0.25221,gnina v1.3.3 master:6fe1ce2   Built Jun 30 2026.,static_crystal_polymer,,
1Z6S,equibind,scored,1e-05,gnina v1.3.3 master:6fe1ce2   Built Jun 30 2026.,static_crystal_polymer,,
1Z6S,diffdock,scored,0.69377,gnina v1.3.3 master:6fe1ce2   Built Jun 30 2026.,static_crystal_polymer,,
1Z9Y,equibind,scored,0.63579,gnina v1.3.3 master:6fe1ce2   Built Jun 30 2026.,static_crystal_polymer,,
1Z9Y,diffdock,scored,0.93497,gnina v1.3.3 master:6fe1ce2   Built Jun 30 2026.,static_crystal_polymer,,
1Z4U,equibind,scored,0.00033,gnina v1.3.3 master:6fe1ce2   Built Jun 30 2026.,static_crystal_polymer,,
1Z4U,diffdock,scored,0.93683,gnina v1.3.3 master:6fe1ce2   Built Jun 30 2026.,static_crystal_polymer,,
1Z95,equibind,scored,0.16664,gnina v1.3.3 master:6fe1ce2   Built Jun 30 2026.,static_crystal_polymer,,
1Z95,diffdock,scored,0.68596,gnina v1.3.3 master:6fe1ce2   Built Jun 30 2026.,static_crystal_polymer,,
1Z6F,equibind,scored,0.00017,gnina v1.3.3 master:6fe1ce2   Built Jun 30 2026.,static_crystal_polymer,,
1Z6F,diffdock,scored,0.49892,gnina v1.3.3 master:6fe1ce2   Built Jun 30 2026.,static_crystal_polymer,,
1ZC9,equibind,scored,0.00172,gnina v1.3.3 master:6fe1ce2   Built Jun 30 2026.,static_crystal_polymer,,
1ZC9,diffdock,scored,0.69964,gnina v1.3.3 master:6fe1ce2   Built Jun 30 2026.,static_crystal_polymer,,
1ZAF,equibind,scored,0.0014,gnina v1.3.3 master:6fe1ce2   Built Jun 30 2026.,static_crystal_polymer,,
1ZAF,diffdock,scored,0.94053,gnina v1.3.3 master:6fe1ce2   Built Jun 30 2026.,static_crystal_polymer,,
1ZE8,equibind,scored,0.03284,gnina v1.3.3 master:6fe1ce2   Built Jun 30 2026.,static_crystal_polymer,,
1ZE8,diffdock,scored,0.24488,gnina v1.3.3 master:6fe1ce2   Built Jun 30 2026.,static_crystal_polymer,,
1ZD2,equibind,scored,0.00664,gnina v1.3.3 master:6fe1ce2   Built Jun 30 2026.,static_crystal_polymer,,
1ZD2,diffdock,scored,0.41361,gnina v1.3.3 master:6fe1ce2   Built Jun 30 2026.,static_crystal_polymer,,
1ZD3,equibind,scored,0.60409,gnina v1.3.3 master:6fe1ce2   Built Jun 30 2026.,static_crystal_polymer,,
1ZD3,diffdock,scored,0.8194,gnina v1.3.3 master:6fe1ce2   Built Jun 30 2026.,static_crystal_polymer,,
1ZFQ,equibind,scored,0.57718,gnina v1.3.3 master:6fe1ce2   Built Jun 30 2026.,static_crystal_polymer,,
1ZFQ,diffdock,scored,0.81975,gnina v1.3.3 master:6fe1ce2   Built Jun 30 2026.,static_crystal_polymer,,
1ZD4,equibind,scored,0.60115,gnina v1.3.3 master:6fe1ce2   Built Jun 30 2026.,static_crystal_polymer,,
1ZD4,diffdock,scored,0.78434,gnina v1.3.3 master:6fe1ce2   Built Jun 30 2026.,static_crystal_polymer,,
1ZD5,equibind,scored,0.03108,gnina v1.3.3 master:6fe1ce2   Built Jun 30 2026.,static_crystal_polymer,,
1ZD5,diffdock,scored,0.47354,gnina v1.3.3 master:6fe1ce2   Built Jun 30 2026.,static_crystal_polymer,,
1ZGI,equibind,scored,0.09116,gnina v1.3.3 master:6fe1ce2   Built Jun 30 2026.,static_crystal_polymer,,
1ZGI,diffdock,scored,0.33257,gnina v1.3.3 master:6fe1ce2   Built Jun 30 2026.,static_crystal_polymer,,
1ZGV,equibind,scored,0.0034,gnina v1.3.3 master:6fe1ce2   Built Jun 30 2026.,static_crystal_polymer,,
1ZGV,diffdock,scored,0.05303,gnina v1.3.3 master:6fe1ce2   Built Jun 30 2026.,static_crystal_polymer,,
1Z9H,equibind,scored,0.43893,gnina v1.3.3 master:6fe1ce2   Built Jun 30 2026.,static_crystal_polymer,,
1Z9H,diffdock,scored,0.18368,gnina v1.3.3 master:6fe1ce2   Built Jun 30 2026.,static_crystal_polymer,,
1Z2B,equibind,scored,0.0,gnina v1.3.3 master:6fe1ce2   Built Jun 30 2026.,static_crystal_polymer,,
1Z2B,diffdock,scored,0.04102,gnina v1.3.3 master:6fe1ce2   Built Jun 30 2026.,static_crystal_polymer,,
1ZKL,equibind,scored,0.22149,gnina v1.3.3 master:6fe1ce2   Built Jun 30 2026.,static_crystal_polymer,,
1ZKL,diffdock,scored,0.93936,gnina v1.3.3 master:6fe1ce2   Built Jun 30 2026.,static_crystal_polymer,,
1ZHY,equibind,scored,0.42988,gnina v1.3.3 master:6fe1ce2   Built Jun 30 2026.,static_crystal_polymer,,
1ZHY,diffdock,scored,0.25504,gnina v1.3.3 master:6fe1ce2   Built Jun 30 2026.,static_crystal_polymer,,
1ZGB,equibind,scored,2e-05,gnina v1.3.3 master:6fe1ce2   Built Jun 30 2026.,static_crystal_polymer,,
1ZGB,diffdock,scored,0.35139,gnina v1.3.3 master:6fe1ce2   Built Jun 30 2026.,static_crystal_polymer,,
1ZOE,equibind,scored,0.52452,gnina v1.3.3 master:6fe1ce2   Built Jun 30 2026.,static_crystal_polymer,,
1ZOE,diffdock,scored,0.82498,gnina v1.3.3 master:6fe1ce2   Built Jun 30 2026.,static_crystal_polymer,,
1ZOG,equibind,scored,0.10075,gnina v1.3.3 master:6fe1ce2   Built Jun 30 2026.,static_crystal_polymer,,
1ZOG,diffdock,scored,0.8241,gnina v1.3.3 master:6fe1ce2   Built Jun 30 2026.,static_crystal_polymer,,
1ZOH,equibind,scored,0.06925,gnina v1.3.3 master:6fe1ce2   Built Jun 30 2026.,static_crystal_polymer,,
1ZOH,diffdock,scored,0.48021,gnina v1.3.3 master:6fe1ce2   Built Jun 30 2026.,static_crystal_polymer,,
1ZOM,equibind,scored,0.00012,gnina v1.3.3 master:6fe1ce2   Built Jun 30 2026.,static_crystal_polymer,,
1ZOM,diffdock,scored,0.305,gnina v1.3.3 master:6fe1ce2   Built Jun 30 2026.,static_crystal_polymer,,
1ZKY,equibind,scored,0.0002,gnina v1.3.3 master:6fe1ce2   Built Jun 30 2026.,static_crystal_polymer,,
1ZKY,diffdock,scored,0.9422,gnina v1.3.3 master:6fe1ce2   Built Jun 30 2026.,static_crystal_polymer,,
1ZPB,equibind,scored,0.56163,gnina v1.3.3 master:6fe1ce2   Built Jun 30 2026.,static_crystal_polymer,,
1ZPB,diffdock,scored,0.51692,gnina v1.3.3 master:6fe1ce2   Built Jun 30 2026.,static_crystal_polymer,,
1ZSB,equibind,scored,0.16852,gnina v1.3.3 master:6fe1ce2   Built Jun 30 2026.,static_crystal_polymer,,
1ZSB,diffdock,scored,0.94656,gnina v1.3.3 master:6fe1ce2   Built Jun 30 2026.,static_crystal_polymer,,
1ZPC,equibind,scored,0.01257,gnina v1.3.3 master:6fe1ce2   Built Jun 30 2026.,static_crystal_polymer,,
1ZPC,diffdock,scored,0.52677,gnina v1.3.3 master:6fe1ce2   Built Jun 30 2026.,static_crystal_polymer,,
1ZYJ,equibind,scored,0.40199,gnina v1.3.3 master:6fe1ce2   Built Jun 30 2026.,static_crystal_polymer,,
1ZYJ,diffdock,scored,0.38161,gnina v1.3.3 master:6fe1ce2   Built Jun 30 2026.,static_crystal_polymer,,
1ZUC,equibind,scored,0.00622,gnina v1.3.3 master:6fe1ce2   Built Jun 30 2026.,static_crystal_polymer,,
1ZUC,diffdock,scored,0.60779,gnina v1.3.3 master:6fe1ce2   Built Jun 30 2026.,static_crystal_polymer,,
1ZSR,equibind,scored,0.00257,gnina v1.3.3 master:6fe1ce2   Built Jun 30 2026.,static_crystal_polymer,,
1ZSR,diffdock,scored,0.60723,gnina v1.3.3 master:6fe1ce2   Built Jun 30 2026.,static_crystal_polymer,,
1YKP,equibind,scored,0.08366,gnina v1.3.3 master:6fe1ce2   Built Jun 30 2026.,static_crystal_polymer,,
1YKP,diffdock,scored,0.68408,gnina v1.3.3 master:6fe1ce2   Built Jun 30 2026.,static_crystal_polymer,,
1ZZ2,equibind,scored,0.00047,gnina v1.3.3 master:6fe1ce2   Built Jun 30 2026.,static_crystal_polymer,,
1ZZ2,diffdock,scored,0.29259,gnina v1.3.3 master:6fe1ce2   Built Jun 30 2026.,static_crystal_polymer,,
1ZKN,equibind,scored,0.04338,gnina v1.3.3 master:6fe1ce2   Built Jun 30 2026.,static_crystal_polymer,,
1ZKN,diffdock,scored,0.75803,gnina v1.3.3 master:6fe1ce2   Built Jun 30 2026.,static_crystal_polymer,,
1ZZL,equibind,scored,0.60241,gnina v1.3.3 master:6fe1ce2   Built Jun 30 2026.,static_crystal_polymer,,
1ZZL,diffdock,scored,0.73093,gnina v1.3.3 master:6fe1ce2   Built Jun 30 2026.,static_crystal_polymer,,
220L,equibind,scored,0.83677,gnina v1.3.3 master:6fe1ce2   Built Jun 30 2026.,static_crystal_polymer,,
220L,diffdock,scored,0.90294,gnina v1.3.3 master:6fe1ce2   Built Jun 30 2026.,static_crystal_polymer,,
1ZAJ,equibind,scored,0.00755,gnina v1.3.3 master:6fe1ce2   Built Jun 30 2026.,static_crystal_polymer,,
1ZAJ,diffdock,scored,0.65631,gnina v1.3.3 master:6fe1ce2   Built Jun 30 2026.,static_crystal_polymer,,
223L,equibind,scored,0.10771,gnina v1.3.3 master:6fe1ce2   Built Jun 30 2026.,static_crystal_polymer,,
223L,diffdock,scored,0.6922,gnina v1.3.3 master:6fe1ce2   Built Jun 30 2026.,static_crystal_polymer,,
1ZTQ,equibind,scored,0.00098,gnina v1.3.3 master:6fe1ce2   Built Jun 30 2026.,static_crystal_polymer,,
1ZTQ,diffdock,scored,0.72615,gnina v1.3.3 master:6fe1ce2   Built Jun 30 2026.,static_crystal_polymer,,
2A4G,equibind,scored,0.0001,gnina v1.3.3 master:6fe1ce2   Built Jun 30 2026.,static_crystal_polymer,,
2A4G,diffdock,scored,0.36507,gnina v1.3.3 master:6fe1ce2   Built Jun 30 2026.,static_crystal_polymer,,
1ZXV,equibind,scored,0.09806,gnina v1.3.3 master:6fe1ce2   Built Jun 30 2026.,static_crystal_polymer,,
1ZXV,diffdock,scored,0.55547,gnina v1.3.3 master:6fe1ce2   Built Jun 30 2026.,static_crystal_polymer,,
1ZM7,equibind,scored,0.00508,gnina v1.3.3 master:6fe1ce2   Built Jun 30 2026.,static_crystal_polymer,,
1ZM7,diffdock,scored,0.8804,gnina v1.3.3 master:6fe1ce2   Built Jun 30 2026.,static_crystal_polymer,,
2A4L,equibind,scored,0.04159,gnina v1.3.3 master:6fe1ce2   Built Jun 30 2026.,static_crystal_polymer,,
2A4L,diffdock,scored,0.94021,gnina v1.3.3 master:6fe1ce2   Built Jun 30 2026.,static_crystal_polymer,,
2A2G,equibind,scored,0.52513,gnina v1.3.3 master:6fe1ce2   Built Jun 30 2026.,static_crystal_polymer,,
2A2G,diffdock,scored,0.21993,gnina v1.3.3 master:6fe1ce2   Built Jun 30 2026.,static_crystal_polymer,,
2A4Q,equibind,scored,0.001,gnina v1.3.3 master:6fe1ce2   Built Jun 30 2026.,static_crystal_polymer,,
2A4Q,diffdock,scored,0.11947,gnina v1.3.3 master:6fe1ce2   Built Jun 30 2026.,static_crystal_polymer,,
2A4M,equibind,scored,0.24132,gnina v1.3.3 master:6fe1ce2   Built Jun 30 2026.,static_crystal_polymer,,
2A4M,diffdock,scored,0.34376,gnina v1.3.3 master:6fe1ce2   Built Jun 30 2026.,static_crystal_polymer,,
1ZZ1,equibind,scored,0.14267,gnina v1.3.3 master:6fe1ce2   Built Jun 30 2026.,static_crystal_polymer,,
1ZZ1,diffdock,scored,0.69394,gnina v1.3.3 master:6fe1ce2   Built Jun 30 2026.,static_crystal_polymer,,
2A5B,equibind,scored,0.00034,gnina v1.3.3 master:6fe1ce2   Built Jun 30 2026.,static_crystal_polymer,,
2A5B,diffdock,scored,0.04717,gnina v1.3.3 master:6fe1ce2   Built Jun 30 2026.,static_crystal_polymer,,
2A5S,equibind,scored,0.33188,gnina v1.3.3 master:6fe1ce2   Built Jun 30 2026.,static_crystal_polymer,,
2A5S,diffdock,scored,0.08914,gnina v1.3.3 master:6fe1ce2   Built Jun 30 2026.,static_crystal_polymer,,
2A5C,equibind,scored,7e-05,gnina v1.3.3 master:6fe1ce2   Built Jun 30 2026.,static_crystal_polymer,,
2A5C,diffdock,scored,0.01637,gnina v1.3.3 master:6fe1ce2   Built Jun 30 2026.,static_crystal_polymer,,
2A4Z,equibind,scored,0.49348,gnina v1.3.3 master:6fe1ce2   Built Jun 30 2026.,static_crystal_polymer,,
2A4Z,diffdock,scored,0.87823,gnina v1.3.3 master:6fe1ce2   Built Jun 30 2026.,static_crystal_polymer,,
2A8G,equibind,scored,0.00571,gnina v1.3.3 master:6fe1ce2   Built Jun 30 2026.,static_crystal_polymer,,
2A8G,diffdock,scored,0.20584,gnina v1.3.3 master:6fe1ce2   Built Jun 30 2026.,static_crystal_polymer,,
1ZZ3,equibind,scored,0.40219,gnina v1.3.3 master:6fe1ce2   Built Jun 30 2026.,static_crystal_polymer,,
1ZZ3,diffdock,scored,0.56223,gnina v1.3.3 master:6fe1ce2   Built Jun 30 2026.,static_crystal_polymer,,
2A5U,equibind,scored,0.32718,gnina v1.3.3 master:6fe1ce2   Built Jun 30 2026.,static_crystal_polymer,,
2A5U,diffdock,scored,0.73154,gnina v1.3.3 master:6fe1ce2   Built Jun 30 2026.,static_crystal_polymer,,
2AA9,equibind,scored,0.35087,gnina v1.3.3 master:6fe1ce2   Built Jun 30 2026.,static_crystal_polymer,,
2AA9,diffdock,scored,0.75803,gnina v1.3.3 master:6fe1ce2   Built Jun 30 2026.,static_crystal_polymer,,
2AA6,equibind,scored,0.0564,gnina v1.3.3 master:6fe1ce2   Built Jun 30 2026.,static_crystal_polymer,,
2AA6,diffdock,scored,0.75267,gnina v1.3.3 master:6fe1ce2   Built Jun 30 2026.,static_crystal_polymer,,
2A8H,equibind,scored,0.00011,gnina v1.3.3 master:6fe1ce2   Built Jun 30 2026.,static_crystal_polymer,,
2A8H,diffdock,scored,0.49028,gnina v1.3.3 master:6fe1ce2   Built Jun 30 2026.,static_crystal_polymer,,
2AAC,equibind,scored,0.00062,gnina v1.3.3 master:6fe1ce2   Built Jun 30 2026.,static_crystal_polymer,,
2AAC,diffdock,scored,0.577,gnina v1.3.3 master:6fe1ce2   Built Jun 30 2026.,static_crystal_polymer,,
2AAY,equibind,scored,0.05489,gnina v1.3.3 master:6fe1ce2   Built Jun 30 2026.,static_crystal_polymer,,
2AAY,diffdock,scored,0.70174,gnina v1.3.3 master:6fe1ce2   Built Jun 30 2026.,static_crystal_polymer,,
2ADU,equibind,scored,0.60457,gnina v1.3.3 master:6fe1ce2   Built Jun 30 2026.,static_crystal_polymer,,
2ADU,diffdock,scored,0.9317,gnina v1.3.3 master:6fe1ce2   Built Jun 30 2026.,static_crystal_polymer,,
2ADA,equibind,scored,0.4577,gnina v1.3.3 master:6fe1ce2   Built Jun 30 2026.,static_crystal_polymer,,
2ADA,diffdock,scored,0.91975,gnina v1.3.3 master:6fe1ce2   Built Jun 30 2026.,static_crystal_polymer,,
2A58,equibind,scored,5e-05,gnina v1.3.3 master:6fe1ce2   Built Jun 30 2026.,static_crystal_polymer,,
2A58,diffdock,scored,0.73142,gnina v1.3.3 master:6fe1ce2   Built Jun 30 2026.,static_crystal_polymer,,
2AI7,equibind,scored,0.66134,gnina v1.3.3 master:6fe1ce2   Built Jun 30 2026.,static_crystal_polymer,,
2AI7,diffdock,scored,0.65716,gnina v1.3.3 master:6fe1ce2   Built Jun 30 2026.,static_crystal_polymer,,
2AFW,equibind,scored,0.35088,gnina v1.3.3 master:6fe1ce2   Built Jun 30 2026.,static_crystal_polymer,,
2AFW,diffdock,scored,0.7836,gnina v1.3.3 master:6fe1ce2   Built Jun 30 2026.,static_crystal_polymer,,
2AEL,equibind,scored,0.3634,gnina v1.3.3 master:6fe1ce2   Built Jun 30 2026.,static_crystal_polymer,,
2AEL,diffdock,scored,0.31684,gnina v1.3.3 master:6fe1ce2   Built Jun 30 2026.,static_crystal_polymer,,
2AIA,equibind,scored,0.33891,gnina v1.3.3 master:6fe1ce2   Built Jun 30 2026.,static_crystal_polymer,,
2AIA,diffdock,scored,0.76645,gnina v1.3.3 master:6fe1ce2   Built Jun 30 2026.,static_crystal_polymer,,
2AIE,equibind,scored,0.61227,gnina v1.3.3 master:6fe1ce2   Built Jun 30 2026.,static_crystal_polymer,,
2AIE,diffdock,scored,0.88621,gnina v1.3.3 master:6fe1ce2   Built Jun 30 2026.,static_crystal_polymer,,
2AIG,equibind,scored,0.00018,gnina v1.3.3 master:6fe1ce2   Built Jun 30 2026.,static_crystal_polymer,,
2AIG,diffdock,scored,0.77428,gnina v1.3.3 master:6fe1ce2   Built Jun 30 2026.,static_crystal_polymer,,
2AFX,equibind,scored,0.34088,gnina v1.3.3 master:6fe1ce2   Built Jun 30 2026.,static_crystal_polymer,,
2AFX,diffdock,scored,0.91429,gnina v1.3.3 master:6fe1ce2   Built Jun 30 2026.,static_crystal_polymer,,
2ALV,equibind,scored,0.0017,gnina v1.3.3 master:6fe1ce2   Built Jun 30 2026.,static_crystal_polymer,,
2ALV,diffdock,scored,0.77658,gnina v1.3.3 master:6fe1ce2   Built Jun 30 2026.,static_crystal_polymer,,
2AI8,equibind,scored,0.0004,gnina v1.3.3 master:6fe1ce2   Built Jun 30 2026.,static_crystal_polymer,,
2AI8,diffdock,scored,0.88323,gnina v1.3.3 master:6fe1ce2   Built Jun 30 2026.,static_crystal_polymer,,
2AD5,equibind,scored,0.00067,gnina v1.3.3 master:6fe1ce2   Built Jun 30 2026.,static_crystal_polymer,,
2AD5,diffdock,scored,0.01911,gnina v1.3.3 master:6fe1ce2   Built Jun 30 2026.,static_crystal_polymer,,
2AL5,equibind,scored,0.07842,gnina v1.3.3 master:6fe1ce2   Built Jun 30 2026.,static_crystal_polymer,,
2AL5,diffdock,scored,0.99406,gnina v1.3.3 master:6fe1ce2   Built Jun 30 2026.,static_crystal_polymer,,
2AM1,equibind,scored,0.00412,gnina v1.3.3 master:6fe1ce2   Built Jun 30 2026.,static_crystal_polymer,,
2AM1,diffdock,scored,0.84899,gnina v1.3.3 master:6fe1ce2   Built Jun 30 2026.,static_crystal_polymer,,
2AM4,equibind,scored,0.00404,gnina v1.3.3 master:6fe1ce2   Built Jun 30 2026.,static_crystal_polymer,,
2AM4,diffdock,scored,0.11639,gnina v1.3.3 master:6fe1ce2   Built Jun 30 2026.,static_crystal_polymer,,
2AM2,equibind,scored,0.02809,gnina v1.3.3 master:6fe1ce2   Built Jun 30 2026.,static_crystal_polymer,,
2AM2,diffdock,scored,0.08039,gnina v1.3.3 master:6fe1ce2   Built Jun 30 2026.,static_crystal_polymer,,
2AM9,equibind,scored,0.17246,gnina v1.3.3 master:6fe1ce2   Built Jun 30 2026.,static_crystal_polymer,,
2AM9,diffdock,scored,0.83536,gnina v1.3.3 master:6fe1ce2   Built Jun 30 2026.,static_crystal_polymer,,
2AMA,equibind,scored,0.72273,gnina v1.3.3 master:6fe1ce2   Built Jun 30 2026.,static_crystal_polymer,,
2AMA,diffdock,scored,0.54573,gnina v1.3.3 master:6fe1ce2   Built Jun 30 2026.,static_crystal_polymer,,
2AJD,diffdock,scored,0.66317,gnina v1.3.3 master:6fe1ce2   Built Jun 30 2026.,static_crystal_polymer,,
2AO6,equibind,scored,0.69882,gnina v1.3.3 master:6fe1ce2   Built Jun 30 2026.,static_crystal_polymer,,
2AO6,diffdock,scored,0.89032,gnina v1.3.3 master:6fe1ce2   Built Jun 30 2026.,static_crystal_polymer,,
2AN5,equibind,scored,0.03644,gnina v1.3.3 master:6fe1ce2   Built Jun 30 2026.,static_crystal_polymer,,
2AN5,diffdock,scored,0.6819,gnina v1.3.3 master:6fe1ce2   Built Jun 30 2026.,static_crystal_polymer,,
2AGV,equibind,scored,0.56727,gnina v1.3.3 master:6fe1ce2   Built Jun 30 2026.,static_crystal_polymer,,
2AGV,diffdock,scored,0.82727,gnina v1.3.3 master:6fe1ce2   Built Jun 30 2026.,static_crystal_polymer,,
2A3X,equibind,scored,0.28113,gnina v1.3.3 master:6fe1ce2   Built Jun 30 2026.,static_crystal_polymer,,
2A3X,diffdock,scored,0.79343,gnina v1.3.3 master:6fe1ce2   Built Jun 30 2026.,static_crystal_polymer,,
2AOG,equibind,scored,0.0645,gnina v1.3.3 master:6fe1ce2   Built Jun 30 2026.,static_crystal_polymer,,
2AOG,diffdock,scored,0.66147,gnina v1.3.3 master:6fe1ce2   Built Jun 30 2026.,static_crystal_polymer,,
2AOE,equibind,scored,8e-05,gnina v1.3.3 master:6fe1ce2   Built Jun 30 2026.,static_crystal_polymer,,
2AOE,diffdock,scored,0.50392,gnina v1.3.3 master:6fe1ce2   Built Jun 30 2026.,static_crystal_polymer,,
2AMV,equibind,scored,0.00689,gnina v1.3.3 master:6fe1ce2   Built Jun 30 2026.,static_crystal_polymer,,
2AMV,diffdock,scored,0.38697,gnina v1.3.3 master:6fe1ce2   Built Jun 30 2026.,static_crystal_polymer,,
2AOW,equibind,scored,2e-05,gnina v1.3.3 master:6fe1ce2   Built Jun 30 2026.,static_crystal_polymer,,
2AOW,diffdock,scored,0.38738,gnina v1.3.3 master:6fe1ce2   Built Jun 30 2026.,static_crystal_polymer,,
2AOX,equibind,scored,0.02894,gnina v1.3.3 master:6fe1ce2   Built Jun 30 2026.,static_crystal_polymer,,
2AOX,diffdock,scored,0.27143,gnina v1.3.3 master:6fe1ce2   Built Jun 30 2026.,static_crystal_polymer,,
2AUX,equibind,scored,0.02424,gnina v1.3.3 master:6fe1ce2   Built Jun 30 2026.,static_crystal_polymer,,
2AUX,diffdock,scored,0.52944,gnina v1.3.3 master:6fe1ce2   Built Jun 30 2026.,static_crystal_polymer,,
2AUZ,equibind,scored,0.18778,gnina v1.3.3 master:6fe1ce2   Built Jun 30 2026.,static_crystal_polymer,,
2AUZ,diffdock,scored,0.67841,gnina v1.3.3 master:6fe1ce2   Built Jun 30 2026.,static_crystal_polymer,,
2AVI,equibind,scored,0.22811,gnina v1.3.3 master:6fe1ce2   Built Jun 30 2026.,static_crystal_polymer,,
2AVI,diffdock,scored,0.96107,gnina v1.3.3 master:6fe1ce2   Built Jun 30 2026.,static_crystal_polymer,,
2ATH,equibind,scored,2e-05,gnina v1.3.3 master:6fe1ce2   Built Jun 30 2026.,static_crystal_polymer,,
2ATH,diffdock,scored,0.86213,gnina v1.3.3 master:6fe1ce2   Built Jun 30 2026.,static_crystal_polymer,,
2AVM,equibind,scored,7e-05,gnina v1.3.3 master:6fe1ce2   Built Jun 30 2026.,static_crystal_polymer,,
2AVM,diffdock,scored,0.62064,gnina v1.3.3 master:6fe1ce2   Built Jun 30 2026.,static_crystal_polymer,,
2AVO,equibind,scored,0.01382,gnina v1.3.3 master:6fe1ce2   Built Jun 30 2026.,static_crystal_polymer,,
2AVO,diffdock,scored,0.67781,gnina v1.3.3 master:6fe1ce2   Built Jun 30 2026.,static_crystal_polymer,,
2AX6,equibind,scored,0.11337,gnina v1.3.3 master:6fe1ce2   Built Jun 30 2026.,static_crystal_polymer,,
2AX6,diffdock,scored,0.78004,gnina v1.3.3 master:6fe1ce2   Built Jun 30 2026.,static_crystal_polymer,,
2AY1,equibind,scored,0.1683,gnina v1.3.3 master:6fe1ce2   Built Jun 30 2026.,static_crystal_polymer,,
2AY1,diffdock,scored,0.90561,gnina v1.3.3 master:6fe1ce2   Built Jun 30 2026.,static_crystal_polymer,,
2AY2,equibind,scored,0.6801,gnina v1.3.3 master:6fe1ce2   Built Jun 30 2026.,static_crystal_polymer,,
2AY2,diffdock,scored,0.87344,gnina v1.3.3 master:6fe1ce2   Built Jun 30 2026.,static_crystal_polymer,,
2AZ8,equibind,scored,0.00059,gnina v1.3.3 master:6fe1ce2   Built Jun 30 2026.,static_crystal_polymer,,
2AZ8,diffdock,scored,0.57309,gnina v1.3.3 master:6fe1ce2   Built Jun 30 2026.,static_crystal_polymer,,
2AY3,equibind,scored,0.00788,gnina v1.3.3 master:6fe1ce2   Built Jun 30 2026.,static_crystal_polymer,,
2AY3,diffdock,scored,0.84435,gnina v1.3.3 master:6fe1ce2   Built Jun 30 2026.,static_crystal_polymer,,
2AQ7,equibind,scored,0.05598,gnina v1.3.3 master:6fe1ce2   Built Jun 30 2026.,static_crystal_polymer,,
2AQ7,diffdock,scored,0.66513,gnina v1.3.3 master:6fe1ce2   Built Jun 30 2026.,static_crystal_polymer,,
2AQB,equibind,scored,0.06902,gnina v1.3.3 master:6fe1ce2   Built Jun 30 2026.,static_crystal_polymer,,
2AQB,diffdock,scored,0.83143,gnina v1.3.3 master:6fe1ce2   Built Jun 30 2026.,static_crystal_polymer,,
2AJB,equibind,scored,0.17231,gnina v1.3.3 master:6fe1ce2   Built Jun 30 2026.,static_crystal_polymer,,
2AJB,diffdock,scored,0.34789,gnina v1.3.3 master:6fe1ce2   Built Jun 30 2026.,static_crystal_polymer,,
2AY4,equibind,scored,0.0498,gnina v1.3.3 master:6fe1ce2   Built Jun 30 2026.,static_crystal_polymer,,
2AY4,diffdock,scored,0.91632,gnina v1.3.3 master:6fe1ce2   Built Jun 30 2026.,static_crystal_polymer,,
2AZ9,equibind,scored,0.03079,gnina v1.3.3 master:6fe1ce2   Built Jun 30 2026.,static_crystal_polymer,,
2AZ9,diffdock,scored,0.65477,gnina v1.3.3 master:6fe1ce2   Built Jun 30 2026.,static_crystal_polymer,,
2AZR,equibind,scored,0.23984,gnina v1.3.3 master:6fe1ce2   Built Jun 30 2026.,static_crystal_polymer,,
2AZR,diffdock,scored,0.25506,gnina v1.3.3 master:6fe1ce2   Built Jun 30 2026.,static_crystal_polymer,,
2AY6,equibind,scored,0.00524,gnina v1.3.3 master:6fe1ce2   Built Jun 30 2026.,static_crystal_polymer,,
2AY6,diffdock,scored,0.81284,gnina v1.3.3 master:6fe1ce2   Built Jun 30 2026.,static_crystal_polymer,,
2B17,equibind,scored,0.15787,gnina v1.3.3 master:6fe1ce2   Built Jun 30 2026.,static_crystal_polymer,,
2B17,diffdock,scored,0.48114,gnina v1.3.3 master:6fe1ce2   Built Jun 30 2026.,static_crystal_polymer,,
2B4L,equibind,scored,0.38399,gnina v1.3.3 master:6fe1ce2   Built Jun 30 2026.,static_crystal_polymer,,
2B4L,diffdock,scored,0.98525,gnina v1.3.3 master:6fe1ce2   Built Jun 30 2026.,static_crystal_polymer,,
2B1P,equibind,scored,0.17031,gnina v1.3.3 master:6fe1ce2   Built Jun 30 2026.,static_crystal_polymer,,
2B1P,diffdock,scored,0.62087,gnina v1.3.3 master:6fe1ce2   Built Jun 30 2026.,static_crystal_polymer,,
2AY8,equibind,scored,0.09615,gnina v1.3.3 master:6fe1ce2   Built Jun 30 2026.,static_crystal_polymer,,
2AY8,diffdock,scored,0.90792,gnina v1.3.3 master:6fe1ce2   Built Jun 30 2026.,static_crystal_polymer,,
2B4M,equibind,scored,0.87598,gnina v1.3.3 master:6fe1ce2   Built Jun 30 2026.,static_crystal_polymer,,
2B4M,diffdock,scored,0.94694,gnina v1.3.3 master:6fe1ce2   Built Jun 30 2026.,static_crystal_polymer,,
2AJ8,equibind,scored,0.47594,gnina v1.3.3 master:6fe1ce2   Built Jun 30 2026.,static_crystal_polymer,,
2AJ8,diffdock,scored,0.47684,gnina v1.3.3 master:6fe1ce2   Built Jun 30 2026.,static_crystal_polymer,,
2B1V,equibind,scored,0.00219,gnina v1.3.3 master:6fe1ce2   Built Jun 30 2026.,static_crystal_polymer,,
2B1V,diffdock,scored,0.92097,gnina v1.3.3 master:6fe1ce2   Built Jun 30 2026.,static_crystal_polymer,,
2B54,equibind,scored,0.03416,gnina v1.3.3 master:6fe1ce2   Built Jun 30 2026.,static_crystal_polymer,,
2B54,diffdock,scored,0.98555,gnina v1.3.3 master:6fe1ce2   Built Jun 30 2026.,static_crystal_polymer,,
2B9A,equibind,scored,2e-05,gnina v1.3.3 master:6fe1ce2   Built Jun 30 2026.,static_crystal_polymer,,
2B9A,diffdock,scored,0.58573,gnina v1.3.3 master:6fe1ce2   Built Jun 30 2026.,static_crystal_polymer,,
2AMT,equibind,scored,0.0,gnina v1.3.3 master:6fe1ce2   Built Jun 30 2026.,static_crystal_polymer,,
2AMT,diffdock,scored,0.4817,gnina v1.3.3 master:6fe1ce2   Built Jun 30 2026.,static_crystal_polymer,,
2B8L,equibind,scored,0.30102,gnina v1.3.3 master:6fe1ce2   Built Jun 30 2026.,static_crystal_polymer,,
2B8L,diffdock,scored,0.91017,gnina v1.3.3 master:6fe1ce2   Built Jun 30 2026.,static_crystal_polymer,,
2B8V,equibind,scored,0.39883,gnina v1.3.3 master:6fe1ce2   Built Jun 30 2026.,static_crystal_polymer,,
2B8V,diffdock,scored,0.92326,gnina v1.3.3 master:6fe1ce2   Built Jun 30 2026.,static_crystal_polymer,,
2B7A,equibind,scored,0.00028,gnina v1.3.3 master:6fe1ce2   Built Jun 30 2026.,static_crystal_polymer,,
2B7A,diffdock,scored,0.98012,gnina v1.3.3 master:6fe1ce2   Built Jun 30 2026.,static_crystal_polymer,,
2A3W,equibind,scored,0.01871,gnina v1.3.3 master:6fe1ce2   Built Jun 30 2026.,static_crystal_polymer,,
2B5J,equibind,scored,0.25259,gnina v1.3.3 master:6fe1ce2   Built Jun 30 2026.,static_crystal_polymer,,
2B5J,diffdock,scored,0.87446,gnina v1.3.3 master:6fe1ce2   Built Jun 30 2026.,static_crystal_polymer,,
2AZ5,equibind,scored,0.04253,gnina v1.3.3 master:6fe1ce2   Built Jun 30 2026.,static_crystal_polymer,,
2AZ5,diffdock,scored,0.29945,gnina v1.3.3 master:6fe1ce2   Built Jun 30 2026.,static_crystal_polymer,,
2BAL,equibind,scored,0.00299,gnina v1.3.3 master:6fe1ce2   Built Jun 30 2026.,static_crystal_polymer,,
2BAL,diffdock,scored,0.98816,gnina v1.3.3 master:6fe1ce2   Built Jun 30 2026.,static_crystal_polymer,,
2BDL,equibind,scored,0.00429,gnina v1.3.3 master:6fe1ce2   Built Jun 30 2026.,static_crystal_polymer,,
2BDL,diffdock,scored,0.39113,gnina v1.3.3 master:6fe1ce2   Built Jun 30 2026.,static_crystal_polymer,,
2BJM,equibind,scored,0.15308,gnina v1.3.3 master:6fe1ce2   Built Jun 30 2026.,static_crystal_polymer,,
2BJM,diffdock,scored,0.79514,gnina v1.3.3 master:6fe1ce2   Built Jun 30 2026.,static_crystal_polymer,,
2BAJ,equibind,scored,0.40134,gnina v1.3.3 master:6fe1ce2   Built Jun 30 2026.,static_crystal_polymer,,
2BAJ,diffdock,scored,0.62655,gnina v1.3.3 master:6fe1ce2   Built Jun 30 2026.,static_crystal_polymer,,
2BGD,equibind,scored,0.09403,gnina v1.3.3 master:6fe1ce2   Built Jun 30 2026.,static_crystal_polymer,,
2BGD,diffdock,scored,0.97081,gnina v1.3.3 master:6fe1ce2   Built Jun 30 2026.,static_crystal_polymer,,
2B1I,equibind,scored,0.00085,gnina v1.3.3 master:6fe1ce2   Built Jun 30 2026.,static_crystal_polymer,,
2B1I,diffdock,scored,0.92493,gnina v1.3.3 master:6fe1ce2   Built Jun 30 2026.,static_crystal_polymer,,
2BOH,equibind,scored,0.03784,gnina v1.3.3 master:6fe1ce2   Built Jun 30 2026.,static_crystal_polymer,,
2BOH,diffdock,scored,0.21541,gnina v1.3.3 master:6fe1ce2   Built Jun 30 2026.,static_crystal_polymer,,
2BKT,equibind,scored,0.35407,gnina v1.3.3 master:6fe1ce2   Built Jun 30 2026.,static_crystal_polymer,,
2BKT,diffdock,scored,0.58884,gnina v1.3.3 master:6fe1ce2   Built Jun 30 2026.,static_crystal_polymer,,
2BAN,equibind,scored,0.06564,gnina v1.3.3 master:6fe1ce2   Built Jun 30 2026.,static_crystal_polymer,,
2BAN,diffdock,scored,0.76639,gnina v1.3.3 master:6fe1ce2   Built Jun 30 2026.,static_crystal_polymer,,
2BE2,equibind,scored,0.34587,gnina v1.3.3 master:6fe1ce2   Built Jun 30 2026.,static_crystal_polymer,,
2BE2,diffdock,scored,0.88905,gnina v1.3.3 master:6fe1ce2   Built Jun 30 2026.,static_crystal_polymer,,
2BOI,equibind,scored,0.11551,gnina v1.3.3 master:6fe1ce2   Built Jun 30 2026.,static_crystal_polymer,,
2BOI,diffdock,scored,0.54101,gnina v1.3.3 master:6fe1ce2   Built Jun 30 2026.,static_crystal_polymer,,
2BPV,equibind,scored,0.00028,gnina v1.3.3 master:6fe1ce2   Built Jun 30 2026.,static_crystal_polymer,,
2BPV,diffdock,scored,0.74997,gnina v1.3.3 master:6fe1ce2   Built Jun 30 2026.,static_crystal_polymer,,
2BMK,equibind,scored,3e-05,gnina v1.3.3 master:6fe1ce2   Built Jun 30 2026.,static_crystal_polymer,,
2BMK,diffdock,scored,0.78482,gnina v1.3.3 master:6fe1ce2   Built Jun 30 2026.,static_crystal_polymer,,
2BKZ,equibind,scored,0.00419,gnina v1.3.3 master:6fe1ce2   Built Jun 30 2026.,static_crystal_polymer,,
2BKZ,diffdock,scored,0.98944,gnina v1.3.3 master:6fe1ce2   Built Jun 30 2026.,static_crystal_polymer,,
2BQ6,equibind,scored,0.00483,gnina v1.3.3 master:6fe1ce2   Built Jun 30 2026.,static_crystal_polymer,,
2BQ6,diffdock,scored,0.67514,gnina v1.3.3 master:6fe1ce2   Built Jun 30 2026.,static_crystal_polymer,,
2BR6,equibind,scored,0.00353,gnina v1.3.3 master:6fe1ce2   Built Jun 30 2026.,static_crystal_polymer,,
2BR6,diffdock,scored,0.86261,gnina v1.3.3 master:6fe1ce2   Built Jun 30 2026.,static_crystal_polymer,,
2BPY,equibind,scored,0.0004,gnina v1.3.3 master:6fe1ce2   Built Jun 30 2026.,static_crystal_polymer,,
2BPY,diffdock,scored,0.54661,gnina v1.3.3 master:6fe1ce2   Built Jun 30 2026.,static_crystal_polymer,,
2BOJ,equibind,scored,0.00201,gnina v1.3.3 master:6fe1ce2   Built Jun 30 2026.,static_crystal_polymer,,
2BOJ,diffdock,scored,0.40069,gnina v1.3.3 master:6fe1ce2   Built Jun 30 2026.,static_crystal_polymer,,
2BQV,equibind,scored,0.06616,gnina v1.3.3 master:6fe1ce2   Built Jun 30 2026.,static_crystal_polymer,,
2BQV,diffdock,scored,0.46548,gnina v1.3.3 master:6fe1ce2   Built Jun 30 2026.,static_crystal_polymer,,
2BQW,equibind,scored,0.00621,gnina v1.3.3 master:6fe1ce2   Built Jun 30 2026.,static_crystal_polymer,,
2BQW,diffdock,scored,0.28533,gnina v1.3.3 master:6fe1ce2   Built Jun 30 2026.,static_crystal_polymer,,
2BES,equibind,scored,0.16435,gnina v1.3.3 master:6fe1ce2   Built Jun 30 2026.,static_crystal_polymer,,
2BES,diffdock,scored,0.55055,gnina v1.3.3 master:6fe1ce2   Built Jun 30 2026.,static_crystal_polymer,,
2B1G,equibind,scored,0.01359,gnina v1.3.3 master:6fe1ce2   Built Jun 30 2026.,static_crystal_polymer,,
2B1G,diffdock,scored,0.88235,gnina v1.3.3 master:6fe1ce2   Built Jun 30 2026.,static_crystal_polymer,,
2BRB,equibind,scored,0.55491,gnina v1.3.3 master:6fe1ce2   Built Jun 30 2026.,static_crystal_polymer,,
2BRB,diffdock,scored,0.39981,gnina v1.3.3 master:6fe1ce2   Built Jun 30 2026.,static_crystal_polymer,,
2BET,equibind,scored,0.02458,gnina v1.3.3 master:6fe1ce2   Built Jun 30 2026.,static_crystal_polymer,,
2BET,diffdock,scored,0.78821,gnina v1.3.3 master:6fe1ce2   Built Jun 30 2026.,static_crystal_polymer,,
2BTS,equibind,scored,0.41575,gnina v1.3.3 master:6fe1ce2   Built Jun 30 2026.,static_crystal_polymer,,
2BTS,diffdock,scored,0.26269,gnina v1.3.3 master:6fe1ce2   Built Jun 30 2026.,static_crystal_polymer,,
2BRM,equibind,scored,0.06679,gnina v1.3.3 master:6fe1ce2   Built Jun 30 2026.,static_crystal_polymer,,
2BRM,diffdock,scored,0.4826,gnina v1.3.3 master:6fe1ce2   Built Jun 30 2026.,static_crystal_polymer,,
2BTR,equibind,scored,0.41923,gnina v1.3.3 master:6fe1ce2   Built Jun 30 2026.,static_crystal_polymer,,
2BTR,diffdock,scored,0.89705,gnina v1.3.3 master:6fe1ce2   Built Jun 30 2026.,static_crystal_polymer,,
2BV4,equibind,scored,0.20683,gnina v1.3.3 master:6fe1ce2   Built Jun 30 2026.,static_crystal_polymer,,
2BV4,diffdock,scored,0.38346,gnina v1.3.3 master:6fe1ce2   Built Jun 30 2026.,static_crystal_polymer,,
2BUV,equibind,scored,0.7096,gnina v1.3.3 master:6fe1ce2   Built Jun 30 2026.,static_crystal_polymer,,
2BUV,diffdock,scored,0.67861,gnina v1.3.3 master:6fe1ce2   Built Jun 30 2026.,static_crystal_polymer,,
1ZYR,equibind,scored,0.24941,gnina v1.3.3 master:6fe1ce2   Built Jun 30 2026.,static_crystal_polymer,,
2BVD,equibind,scored,0.00104,gnina v1.3.3 master:6fe1ce2   Built Jun 30 2026.,static_crystal_polymer,,
2BVD,diffdock,scored,0.65872,gnina v1.3.3 master:6fe1ce2   Built Jun 30 2026.,static_crystal_polymer,,
2BVX,equibind,scored,0.11557,gnina v1.3.3 master:6fe1ce2   Built Jun 30 2026.,static_crystal_polymer,,
2BVX,diffdock,scored,0.77514,gnina v1.3.3 master:6fe1ce2   Built Jun 30 2026.,static_crystal_polymer,,
2BT9,equibind,scored,0.13567,gnina v1.3.3 master:6fe1ce2   Built Jun 30 2026.,static_crystal_polymer,,
2BT9,diffdock,scored,0.41473,gnina v1.3.3 master:6fe1ce2   Built Jun 30 2026.,static_crystal_polymer,,
2BXT,equibind,scored,0.00411,gnina v1.3.3 master:6fe1ce2   Built Jun 30 2026.,static_crystal_polymer,,
2BXT,diffdock,scored,0.93402,gnina v1.3.3 master:6fe1ce2   Built Jun 30 2026.,static_crystal_polymer,,
2BZA,equibind,scored,0.53919,gnina v1.3.3 master:6fe1ce2   Built Jun 30 2026.,static_crystal_polymer,,
2BZA,diffdock,scored,0.96105,gnina v1.3.3 master:6fe1ce2   Built Jun 30 2026.,static_crystal_polymer,,
2C1Q,equibind,scored,0.00488,gnina v1.3.3 master:6fe1ce2   Built Jun 30 2026.,static_crystal_polymer,,
2C1Q,diffdock,scored,0.97594,gnina v1.3.3 master:6fe1ce2   Built Jun 30 2026.,static_crystal_polymer,,
2C1A,equibind,scored,0.00748,gnina v1.3.3 master:6fe1ce2   Built Jun 30 2026.,static_crystal_polymer,,
2C1A,diffdock,scored,0.72398,gnina v1.3.3 master:6fe1ce2   Built Jun 30 2026.,static_crystal_polymer,,
2BRP,equibind,scored,0.00236,gnina v1.3.3 master:6fe1ce2   Built Jun 30 2026.,static_crystal_polymer,,
2BRP,diffdock,scored,0.10922,gnina v1.3.3 master:6fe1ce2   Built Jun 30 2026.,static_crystal_polymer,,
2C1B,equibind,scored,0.0455,gnina v1.3.3 master:6fe1ce2   Built Jun 30 2026.,static_crystal_polymer,,
2C1B,diffdock,scored,0.6969,gnina v1.3.3 master:6fe1ce2   Built Jun 30 2026.,static_crystal_polymer,,
2C3L,equibind,scored,0.74717,gnina v1.3.3 master:6fe1ce2   Built Jun 30 2026.,static_crystal_polymer,,
2C3L,diffdock,scored,0.64927,gnina v1.3.3 master:6fe1ce2   Built Jun 30 2026.,static_crystal_polymer,,
2C4V,equibind,scored,0.05303,gnina v1.3.3 master:6fe1ce2   Built Jun 30 2026.,static_crystal_polymer,,
2C4V,diffdock,scored,0.73254,gnina v1.3.3 master:6fe1ce2   Built Jun 30 2026.,static_crystal_polymer,,
2BZZ,equibind,scored,0.02534,gnina v1.3.3 master:6fe1ce2   Built Jun 30 2026.,static_crystal_polymer,,
2BZZ,diffdock,scored,0.05523,gnina v1.3.3 master:6fe1ce2   Built Jun 30 2026.,static_crystal_polymer,,
2C68,equibind,scored,0.36938,gnina v1.3.3 master:6fe1ce2   Built Jun 30 2026.,static_crystal_polymer,,
2C68,diffdock,scored,0.953,gnina v1.3.3 master:6fe1ce2   Built Jun 30 2026.,static_crystal_polymer,,
2BW7,equibind,scored,0.0,gnina v1.3.3 master:6fe1ce2   Built Jun 30 2026.,static_crystal_polymer,,
2BW7,diffdock,scored,0.72308,gnina v1.3.3 master:6fe1ce2   Built Jun 30 2026.,static_crystal_polymer,,
2C6K,equibind,scored,0.03053,gnina v1.3.3 master:6fe1ce2   Built Jun 30 2026.,static_crystal_polymer,,
2C6K,diffdock,scored,0.64281,gnina v1.3.3 master:6fe1ce2   Built Jun 30 2026.,static_crystal_polymer,,
2C69,equibind,scored,0.03025,gnina v1.3.3 master:6fe1ce2   Built Jun 30 2026.,static_crystal_polymer,,
2C69,diffdock,scored,0.69408,gnina v1.3.3 master:6fe1ce2   Built Jun 30 2026.,static_crystal_polymer,,
2C1P,equibind,scored,0.00044,gnina v1.3.3 master:6fe1ce2   Built Jun 30 2026.,static_crystal_polymer,,
2C1P,diffdock,scored,0.55235,gnina v1.3.3 master:6fe1ce2   Built Jun 30 2026.,static_crystal_polymer,,
2C6G,equibind,scored,0.32959,gnina v1.3.3 master:6fe1ce2   Built Jun 30 2026.,static_crystal_polymer,,
2C6G,diffdock,scored,0.25722,gnina v1.3.3 master:6fe1ce2   Built Jun 30 2026.,static_crystal_polymer,,
2C6I,equibind,scored,0.20867,gnina v1.3.3 master:6fe1ce2   Built Jun 30 2026.,static_crystal_polymer,,
2C6I,diffdock,scored,0.78363,gnina v1.3.3 master:6fe1ce2   Built Jun 30 2026.,static_crystal_polymer,,
2C6L,equibind,scored,0.07563,gnina v1.3.3 master:6fe1ce2   Built Jun 30 2026.,static_crystal_polymer,,
2C6L,diffdock,scored,0.25843,gnina v1.3.3 master:6fe1ce2   Built Jun 30 2026.,static_crystal_polymer,,
2C6O,equibind,scored,0.06642,gnina v1.3.3 master:6fe1ce2   Built Jun 30 2026.,static_crystal_polymer,,
2C6O,diffdock,scored,0.84201,gnina v1.3.3 master:6fe1ce2   Built Jun 30 2026.,static_crystal_polymer,,
2C90,equibind,scored,0.02714,gnina v1.3.3 master:6fe1ce2   Built Jun 30 2026.,static_crystal_polymer,,
2C90,diffdock,scored,0.54042,gnina v1.3.3 master:6fe1ce2   Built Jun 30 2026.,static_crystal_polymer,,
2C80,equibind,scored,0.00692,gnina v1.3.3 master:6fe1ce2   Built Jun 30 2026.,static_crystal_polymer,,
2C80,diffdock,scored,0.81873,gnina v1.3.3 master:6fe1ce2   Built Jun 30 2026.,static_crystal_polymer,,
2CA8,equibind,scored,0.01924,gnina v1.3.3 master:6fe1ce2   Built Jun 30 2026.,static_crystal_polymer,,
2CA8,diffdock,scored,0.49764,gnina v1.3.3 master:6fe1ce2   Built Jun 30 2026.,static_crystal_polymer,,
2C97,equibind,scored,3e-05,gnina v1.3.3 master:6fe1ce2   Built Jun 30 2026.,static_crystal_polymer,,
2C97,diffdock,scored,0.42471,gnina v1.3.3 master:6fe1ce2   Built Jun 30 2026.,static_crystal_polymer,,
2C5O,equibind,scored,0.57804,gnina v1.3.3 master:6fe1ce2   Built Jun 30 2026.,static_crystal_polymer,,
2C5O,diffdock,scored,0.51797,gnina v1.3.3 master:6fe1ce2   Built Jun 30 2026.,static_crystal_polymer,,
2CBS,equibind,scored,0.34239,gnina v1.3.3 master:6fe1ce2   Built Jun 30 2026.,static_crystal_polymer,,
2CBS,diffdock,scored,0.24295,gnina v1.3.3 master:6fe1ce2   Built Jun 30 2026.,static_crystal_polymer,,
2C94,equibind,scored,4e-05,gnina v1.3.3 master:6fe1ce2   Built Jun 30 2026.,static_crystal_polymer,,
2C94,diffdock,scored,0.95863,gnina v1.3.3 master:6fe1ce2   Built Jun 30 2026.,static_crystal_polymer,,
2CBJ,equibind,scored,0.00192,gnina v1.3.3 master:6fe1ce2   Built Jun 30 2026.,static_crystal_polymer,,
2CBJ,diffdock,scored,0.80623,gnina v1.3.3 master:6fe1ce2   Built Jun 30 2026.,static_crystal_polymer,,
2CBU,equibind,scored,0.00668,gnina v1.3.3 master:6fe1ce2   Built Jun 30 2026.,static_crystal_polymer,,
2CBU,diffdock,scored,0.94992,gnina v1.3.3 master:6fe1ce2   Built Jun 30 2026.,static_crystal_polymer,,
2CBZ,equibind,scored,0.0003,gnina v1.3.3 master:6fe1ce2   Built Jun 30 2026.,static_crystal_polymer,,
2CBZ,diffdock,scored,0.30847,gnina v1.3.3 master:6fe1ce2   Built Jun 30 2026.,static_crystal_polymer,,
2CCS,equibind,scored,0.49843,gnina v1.3.3 master:6fe1ce2   Built Jun 30 2026.,static_crystal_polymer,,
2CCS,diffdock,scored,0.67376,gnina v1.3.3 master:6fe1ce2   Built Jun 30 2026.,static_crystal_polymer,,
2CCT,equibind,scored,0.72633,gnina v1.3.3 master:6fe1ce2   Built Jun 30 2026.,static_crystal_polymer,,
2CCT,diffdock,scored,0.86505,gnina v1.3.3 master:6fe1ce2   Built Jun 30 2026.,static_crystal_polymer,,
2CBV,equibind,scored,0.0009,gnina v1.3.3 master:6fe1ce2   Built Jun 30 2026.,static_crystal_polymer,,
2CBV,diffdock,scored,0.91731,gnina v1.3.3 master:6fe1ce2   Built Jun 30 2026.,static_crystal_polymer,,
2CCU,equibind,scored,0.01685,gnina v1.3.3 master:6fe1ce2   Built Jun 30 2026.,static_crystal_polymer,,
2CCU,diffdock,scored,0.68174,gnina v1.3.3 master:6fe1ce2   Built Jun 30 2026.,static_crystal_polymer,,
2C92,equibind,scored,0.00147,gnina v1.3.3 master:6fe1ce2   Built Jun 30 2026.,static_crystal_polymer,,
2C92,diffdock,scored,0.96943,gnina v1.3.3 master:6fe1ce2   Built Jun 30 2026.,static_crystal_polymer,,
2BYR,equibind,scored,5e-05,gnina v1.3.3 master:6fe1ce2   Built Jun 30 2026.,static_crystal_polymer,,
2BYR,diffdock,scored,0.27403,gnina v1.3.3 master:6fe1ce2   Built Jun 30 2026.,static_crystal_polymer,,
2CES,equibind,scored,0.00036,gnina v1.3.3 master:6fe1ce2   Built Jun 30 2026.,static_crystal_polymer,,
2CES,diffdock,scored,0.92033,gnina v1.3.3 master:6fe1ce2   Built Jun 30 2026.,static_crystal_polymer,,
2CEQ,equibind,scored,0.00019,gnina v1.3.3 master:6fe1ce2   Built Jun 30 2026.,static_crystal_polymer,,
2CEQ,diffdock,scored,0.67657,gnina v1.3.3 master:6fe1ce2   Built Jun 30 2026.,static_crystal_polymer,,
2CGW,equibind,scored,0.00975,gnina v1.3.3 master:6fe1ce2   Built Jun 30 2026.,static_crystal_polymer,,
2CGW,diffdock,scored,0.88154,gnina v1.3.3 master:6fe1ce2   Built Jun 30 2026.,static_crystal_polymer,,
2CGX,equibind,scored,0.54271,gnina v1.3.3 master:6fe1ce2   Built Jun 30 2026.,static_crystal_polymer,,
2CGX,diffdock,scored,0.8022,gnina v1.3.3 master:6fe1ce2   Built Jun 30 2026.,static_crystal_polymer,,
2CJI,equibind,scored,0.00491,gnina v1.3.3 master:6fe1ce2   Built Jun 30 2026.,static_crystal_polymer,,
2CJI,diffdock,scored,0.81958,gnina v1.3.3 master:6fe1ce2   Built Jun 30 2026.,static_crystal_polymer,,
2CER,equibind,scored,0.00874,gnina v1.3.3 master:6fe1ce2   Built Jun 30 2026.,static_crystal_polymer,,
2CER,diffdock,scored,0.97721,gnina v1.3.3 master:6fe1ce2   Built Jun 30 2026.,static_crystal_polymer,,
2CET,equibind,scored,0.0002,gnina v1.3.3 master:6fe1ce2   Built Jun 30 2026.,static_crystal_polymer,,
2CET,diffdock,scored,0.75006,gnina v1.3.3 master:6fe1ce2   Built Jun 30 2026.,static_crystal_polymer,,
2BYS,equibind,scored,0.02384,gnina v1.3.3 master:6fe1ce2   Built Jun 30 2026.,static_crystal_polymer,,
2BYS,diffdock,scored,0.73374,gnina v1.3.3 master:6fe1ce2   Built Jun 30 2026.,static_crystal_polymer,,
2CKM,equibind,scored,0.00115,gnina v1.3.3 master:6fe1ce2   Built Jun 30 2026.,static_crystal_polymer,,
2CKM,diffdock,scored,0.72027,gnina v1.3.3 master:6fe1ce2   Built Jun 30 2026.,static_crystal_polymer,,
2CEX,equibind,scored,3e-05,gnina v1.3.3 master:6fe1ce2   Built Jun 30 2026.,static_crystal_polymer,,
2CEX,diffdock,scored,0.69449,gnina v1.3.3 master:6fe1ce2   Built Jun 30 2026.,static_crystal_polymer,,
2CLH,equibind,scored,0.39034,gnina v1.3.3 master:6fe1ce2   Built Jun 30 2026.,static_crystal_polymer,,
2CLH,diffdock,scored,0.88069,gnina v1.3.3 master:6fe1ce2   Built Jun 30 2026.,static_crystal_polymer,,
2CHZ,equibind,scored,0.28487,gnina v1.3.3 master:6fe1ce2   Built Jun 30 2026.,static_crystal_polymer,,
2CHZ,diffdock,scored,0.89923,gnina v1.3.3 master:6fe1ce2   Built Jun 30 2026.,static_crystal_polymer,,
2CLK,equibind,scored,0.03685,gnina v1.3.3 master:6fe1ce2   Built Jun 30 2026.,static_crystal_polymer,,
2CLK,diffdock,scored,0.7568,gnina v1.3.3 master:6fe1ce2   Built Jun 30 2026.,static_crystal_polymer,,
2CLF,equibind,scored,0.24238,gnina v1.3.3 master:6fe1ce2   Built Jun 30 2026.,static_crystal_polymer,,
2CLF,diffdock,scored,0.62561,gnina v1.3.3 master:6fe1ce2   Built Jun 30 2026.,static_crystal_polymer,,
2CLI,equibind,scored,0.42562,gnina v1.3.3 master:6fe1ce2   Built Jun 30 2026.,static_crystal_polymer,,
2CLI,diffdock,scored,0.78483,gnina v1.3.3 master:6fe1ce2   Built Jun 30 2026.,static_crystal_polymer,,
2CM8,equibind,scored,0.03798,gnina v1.3.3 master:6fe1ce2   Built Jun 30 2026.,static_crystal_polymer,,
2CM8,diffdock,scored,0.97354,gnina v1.3.3 master:6fe1ce2   Built Jun 30 2026.,static_crystal_polymer,,
2CLL,equibind,scored,0.006,gnina v1.3.3 master:6fe1ce2   Built Jun 30 2026.,static_crystal_polymer,,
2CLL,diffdock,scored,0.86751,gnina v1.3.3 master:6fe1ce2   Built Jun 30 2026.,static_crystal_polymer,,
2C9B,equibind,scored,0.00052,gnina v1.3.3 master:6fe1ce2   Built Jun 30 2026.,static_crystal_polymer,,
2C9B,diffdock,scored,0.87668,gnina v1.3.3 master:6fe1ce2   Built Jun 30 2026.,static_crystal_polymer,,
2CLO,equibind,scored,0.08944,gnina v1.3.3 master:6fe1ce2   Built Jun 30 2026.,static_crystal_polymer,,
2CLO,diffdock,scored,0.92307,gnina v1.3.3 master:6fe1ce2   Built Jun 30 2026.,static_crystal_polymer,,
2CMA,equibind,scored,0.00022,gnina v1.3.3 master:6fe1ce2   Built Jun 30 2026.,static_crystal_polymer,,
2CMA,diffdock,scored,0.47593,gnina v1.3.3 master:6fe1ce2   Built Jun 30 2026.,static_crystal_polymer,,
2CMB,equibind,scored,0.00018,gnina v1.3.3 master:6fe1ce2   Built Jun 30 2026.,static_crystal_polymer,,
2CMB,diffdock,scored,0.41177,gnina v1.3.3 master:6fe1ce2   Built Jun 30 2026.,static_crystal_polymer,,
2CLM,equibind,scored,0.3687,gnina v1.3.3 master:6fe1ce2   Built Jun 30 2026.,static_crystal_polymer,,
2CLM,diffdock,scored,0.57189,gnina v1.3.3 master:6fe1ce2   Built Jun 30 2026.,static_crystal_polymer,,
2CN8,equibind,scored,0.38145,gnina v1.3.3 master:6fe1ce2   Built Jun 30 2026.,static_crystal_polymer,,
2CN8,diffdock,scored,0.53299,gnina v1.3.3 master:6fe1ce2   Built Jun 30 2026.,static_crystal_polymer,,
2CMC,equibind,scored,0.00043,gnina v1.3.3 master:6fe1ce2   Built Jun 30 2026.,static_crystal_polymer,,
2CMC,diffdock,scored,0.11985,gnina v1.3.3 master:6fe1ce2   Built Jun 30 2026.,static_crystal_polymer,,
2C9D,equibind,scored,1e-05,gnina v1.3.3 master:6fe1ce2   Built Jun 30 2026.,static_crystal_polymer,,
2C9D,diffdock,scored,0.91068,gnina v1.3.3 master:6fe1ce2   Built Jun 30 2026.,static_crystal_polymer,,
2CMF,equibind,scored,0.00313,gnina v1.3.3 master:6fe1ce2   Built Jun 30 2026.,static_crystal_polymer,,
2CMF,diffdock,scored,0.80347,gnina v1.3.3 master:6fe1ce2   Built Jun 30 2026.,static_crystal_polymer,,
2CSM,equibind,scored,0.09712,gnina v1.3.3 master:6fe1ce2   Built Jun 30 2026.,static_crystal_polymer,,
2CSM,diffdock,scored,0.57116,gnina v1.3.3 master:6fe1ce2   Built Jun 30 2026.,static_crystal_polymer,,
2CSN,equibind,scored,0.6106,gnina v1.3.3 master:6fe1ce2   Built Jun 30 2026.,static_crystal_polymer,,
2CSN,diffdock,scored,0.7929,gnina v1.3.3 master:6fe1ce2   Built Jun 30 2026.,static_crystal_polymer,,
2CNF,equibind,scored,0.16384,gnina v1.3.3 master:6fe1ce2   Built Jun 30 2026.,static_crystal_polymer,,
2CNF,diffdock,scored,0.91979,gnina v1.3.3 master:6fe1ce2   Built Jun 30 2026.,static_crystal_polymer,,
2CMO,equibind,scored,0.00031,gnina v1.3.3 master:6fe1ce2   Built Jun 30 2026.,static_crystal_polymer,,
2CMO,diffdock,scored,0.36993,gnina v1.3.3 master:6fe1ce2   Built Jun 30 2026.,static_crystal_polymer,,
2CTC,equibind,scored,0.21525,gnina v1.3.3 master:6fe1ce2   Built Jun 30 2026.,static_crystal_polymer,,
2CTC,diffdock,scored,0.50512,gnina v1.3.3 master:6fe1ce2   Built Jun 30 2026.,static_crystal_polymer,,
2D0K,equibind,scored,3e-05,gnina v1.3.3 master:6fe1ce2   Built Jun 30 2026.,static_crystal_polymer,,
2D0K,diffdock,scored,0.16261,gnina v1.3.3 master:6fe1ce2   Built Jun 30 2026.,static_crystal_polymer,,
2DBL,equibind,scored,0.00036,gnina v1.3.3 master:6fe1ce2   Built Jun 30 2026.,static_crystal_polymer,,
2DBL,diffdock,scored,0.28047,gnina v1.3.3 master:6fe1ce2   Built Jun 30 2026.,static_crystal_polymer,,
2DRI,equibind,scored,0.28284,gnina v1.3.3 master:6fe1ce2   Built Jun 30 2026.,static_crystal_polymer,,
2DRI,diffdock,scored,0.96222,gnina v1.3.3 master:6fe1ce2   Built Jun 30 2026.,static_crystal_polymer,,
2D06,equibind,scored,0.51681,gnina v1.3.3 master:6fe1ce2   Built Jun 30 2026.,static_crystal_polymer,,
2D06,diffdock,scored,0.4359,gnina v1.3.3 master:6fe1ce2   Built Jun 30 2026.,static_crystal_polymer,,
2DS1,equibind,scored,0.58109,gnina v1.3.3 master:6fe1ce2   Built Jun 30 2026.,static_crystal_polymer,,
2DS1,diffdock,scored,0.68951,gnina v1.3.3 master:6fe1ce2   Built Jun 30 2026.,static_crystal_polymer,,
2DUV,equibind,scored,0.16388,gnina v1.3.3 master:6fe1ce2   Built Jun 30 2026.,static_crystal_polymer,,
2DUV,diffdock,scored,0.1738,gnina v1.3.3 master:6fe1ce2   Built Jun 30 2026.,static_crystal_polymer,,
2DUA,equibind,scored,0.6845,gnina v1.3.3 master:6fe1ce2   Built Jun 30 2026.,static_crystal_polymer,,
2DUA,diffdock,scored,0.80516,gnina v1.3.3 master:6fe1ce2   Built Jun 30 2026.,static_crystal_polymer,,
2DDF,equibind,scored,0.00134,gnina v1.3.3 master:6fe1ce2   Built Jun 30 2026.,static_crystal_polymer,,
2DDF,diffdock,scored,0.7183,gnina v1.3.3 master:6fe1ce2   Built Jun 30 2026.,static_crystal_polymer,,
2D3U,equibind,scored,8e-05,gnina v1.3.3 master:6fe1ce2   Built Jun 30 2026.,static_crystal_polymer,,
2D3U,diffdock,scored,0.66501,gnina v1.3.3 master:6fe1ce2   Built Jun 30 2026.,static_crystal_polymer,,
2E1W,equibind,scored,0.00053,gnina v1.3.3 master:6fe1ce2   Built Jun 30 2026.,static_crystal_polymer,,
2E1W,diffdock,scored,0.2722,gnina v1.3.3 master:6fe1ce2   Built Jun 30 2026.,static_crystal_polymer,,
2E27,equibind,scored,0.00015,gnina v1.3.3 master:6fe1ce2   Built Jun 30 2026.,static_crystal_polymer,,
2E27,diffdock,scored,0.02779,gnina v1.3.3 master:6fe1ce2   Built Jun 30 2026.,static_crystal_polymer,,
2D3Z,equibind,scored,0.00021,gnina v1.3.3 master:6fe1ce2   Built Jun 30 2026.,static_crystal_polymer,,
2D3Z,diffdock,scored,0.46187,gnina v1.3.3 master:6fe1ce2   Built Jun 30 2026.,static_crystal_polymer,,
2E2R,equibind,scored,0.18454,gnina v1.3.3 master:6fe1ce2   Built Jun 30 2026.,static_crystal_polymer,,
2E2R,diffdock,scored,0.88748,gnina v1.3.3 master:6fe1ce2   Built Jun 30 2026.,static_crystal_polymer,,
2E5Y,equibind,scored,0.0015,gnina v1.3.3 master:6fe1ce2   Built Jun 30 2026.,static_crystal_polymer,,
2E5Y,diffdock,scored,0.34467,gnina v1.3.3 master:6fe1ce2   Built Jun 30 2026.,static_crystal_polymer,,
2E7F,equibind,scored,0.0001,gnina v1.3.3 master:6fe1ce2   Built Jun 30 2026.,static_crystal_polymer,,
2E7F,diffdock,scored,0.47461,gnina v1.3.3 master:6fe1ce2   Built Jun 30 2026.,static_crystal_polymer,,
2E91,equibind,scored,0.06194,gnina v1.3.3 master:6fe1ce2   Built Jun 30 2026.,static_crystal_polymer,,
2E91,diffdock,scored,0.87433,gnina v1.3.3 master:6fe1ce2   Built Jun 30 2026.,static_crystal_polymer,,
2DXS,equibind,scored,0.00063,gnina v1.3.3 master:6fe1ce2   Built Jun 30 2026.,static_crystal_polymer,,
2DXS,diffdock,scored,0.14963,gnina v1.3.3 master:6fe1ce2   Built Jun 30 2026.,static_crystal_polymer,,
2CHT,equibind,scored,0.00115,gnina v1.3.3 master:6fe1ce2   Built Jun 30 2026.,static_crystal_polymer,,
2CHT,diffdock,scored,0.40519,gnina v1.3.3 master:6fe1ce2   Built Jun 30 2026.,static_crystal_polymer,,
2E92,equibind,scored,0.03624,gnina v1.3.3 master:6fe1ce2   Built Jun 30 2026.,static_crystal_polymer,,
2E92,diffdock,scored,0.77885,gnina v1.3.3 master:6fe1ce2   Built Jun 30 2026.,static_crystal_polymer,,
2E9O,equibind,scored,0.25819,gnina v1.3.3 master:6fe1ce2   Built Jun 30 2026.,static_crystal_polymer,,
2E9O,diffdock,scored,0.92167,gnina v1.3.3 master:6fe1ce2   Built Jun 30 2026.,static_crystal_polymer,,
2EA2,equibind,scored,0.04541,gnina v1.3.3 master:6fe1ce2   Built Jun 30 2026.,static_crystal_polymer,,
2EA2,diffdock,scored,0.49401,gnina v1.3.3 master:6fe1ce2   Built Jun 30 2026.,static_crystal_polymer,,
2EEP,equibind,scored,0.15314,gnina v1.3.3 master:6fe1ce2   Built Jun 30 2026.,static_crystal_polymer,,
2EEP,diffdock,scored,0.73683,gnina v1.3.3 master:6fe1ce2   Built Jun 30 2026.,static_crystal_polymer,,
2EI6,equibind,scored,0.00866,gnina v1.3.3 master:6fe1ce2   Built Jun 30 2026.,static_crystal_polymer,,
2EI6,diffdock,scored,0.57355,gnina v1.3.3 master:6fe1ce2   Built Jun 30 2026.,static_crystal_polymer,,
2E95,equibind,scored,0.00971,gnina v1.3.3 master:6fe1ce2   Built Jun 30 2026.,static_crystal_polymer,,
2E95,diffdock,scored,0.54319,gnina v1.3.3 master:6fe1ce2   Built Jun 30 2026.,static_crystal_polymer,,
2E9D,equibind,scored,0.00069,gnina v1.3.3 master:6fe1ce2   Built Jun 30 2026.,static_crystal_polymer,,
2E9D,diffdock,scored,0.56568,gnina v1.3.3 master:6fe1ce2   Built Jun 30 2026.,static_crystal_polymer,,
2EG8,equibind,scored,0.02036,gnina v1.3.3 master:6fe1ce2   Built Jun 30 2026.,static_crystal_polymer,,
2EG8,diffdock,scored,0.34393,gnina v1.3.3 master:6fe1ce2   Built Jun 30 2026.,static_crystal_polymer,,
2CNE,equibind,scored,2e-05,gnina v1.3.3 master:6fe1ce2   Built Jun 30 2026.,static_crystal_polymer,,
2CNE,diffdock,scored,0.04547,gnina v1.3.3 master:6fe1ce2   Built Jun 30 2026.,static_crystal_polymer,,
2E94,equibind,scored,0.23742,gnina v1.3.3 master:6fe1ce2   Built Jun 30 2026.,static_crystal_polymer,,
2E94,diffdock,scored,0.51507,gnina v1.3.3 master:6fe1ce2   Built Jun 30 2026.,static_crystal_polymer,,
2ETM,equibind,scored,0.07375,gnina v1.3.3 master:6fe1ce2   Built Jun 30 2026.,static_crystal_polymer,,
2ETM,diffdock,scored,0.77029,gnina v1.3.3 master:6fe1ce2   Built Jun 30 2026.,static_crystal_polymer,,
2ESM,equibind,scored,2e-05,gnina v1.3.3 master:6fe1ce2   Built Jun 30 2026.,static_crystal_polymer,,
2ESM,diffdock,scored,0.90573,gnina v1.3.3 master:6fe1ce2   Built Jun 30 2026.,static_crystal_polymer,,
2EVC,equibind,scored,0.40606,gnina v1.3.3 master:6fe1ce2   Built Jun 30 2026.,static_crystal_polymer,,
2EVC,diffdock,scored,0.96556,gnina v1.3.3 master:6fe1ce2   Built Jun 30 2026.,static_crystal_polymer,,
2ETK,equibind,scored,0.0,gnina v1.3.3 master:6fe1ce2   Built Jun 30 2026.,static_crystal_polymer,,
2ETK,diffdock,scored,0.98797,gnina v1.3.3 master:6fe1ce2   Built Jun 30 2026.,static_crystal_polymer,,
2EVM,equibind,scored,0.55608,gnina v1.3.3 master:6fe1ce2   Built Jun 30 2026.,static_crystal_polymer,,
2EVM,diffdock,scored,0.93034,gnina v1.3.3 master:6fe1ce2   Built Jun 30 2026.,static_crystal_polymer,,
2EW6,equibind,scored,0.02746,gnina v1.3.3 master:6fe1ce2   Built Jun 30 2026.,static_crystal_polymer,,
2EW6,diffdock,scored,0.41004,gnina v1.3.3 master:6fe1ce2   Built Jun 30 2026.,static_crystal_polymer,,
2EW5,equibind,scored,0.0006,gnina v1.3.3 master:6fe1ce2   Built Jun 30 2026.,static_crystal_polymer,,
2EW5,diffdock,scored,0.69608,gnina v1.3.3 master:6fe1ce2   Built Jun 30 2026.,static_crystal_polymer,,
2EWA,equibind,scored,0.00069,gnina v1.3.3 master:6fe1ce2   Built Jun 30 2026.,static_crystal_polymer,,
2EWA,diffdock,scored,0.51947,gnina v1.3.3 master:6fe1ce2   Built Jun 30 2026.,static_crystal_polymer,,
2ETR,equibind,scored,0.0783,gnina v1.3.3 master:6fe1ce2   Built Jun 30 2026.,static_crystal_polymer,,
2ETR,diffdock,scored,0.15188,gnina v1.3.3 master:6fe1ce2   Built Jun 30 2026.,static_crystal_polymer,,
2EVO,equibind,scored,0.0004,gnina v1.3.3 master:6fe1ce2   Built Jun 30 2026.,static_crystal_polymer,,
2EVO,diffdock,scored,0.16458,gnina v1.3.3 master:6fe1ce2   Built Jun 30 2026.,static_crystal_polymer,,
2EPN,equibind,scored,0.0085,gnina v1.3.3 master:6fe1ce2   Built Jun 30 2026.,static_crystal_polymer,,
2EPN,diffdock,scored,0.98567,gnina v1.3.3 master:6fe1ce2   Built Jun 30 2026.,static_crystal_polymer,,
2EXG,equibind,scored,0.28396,gnina v1.3.3 master:6fe1ce2   Built Jun 30 2026.,static_crystal_polymer,,
2EXG,diffdock,scored,0.62353,gnina v1.3.3 master:6fe1ce2   Built Jun 30 2026.,static_crystal_polymer,,
2EWB,equibind,scored,0.00297,gnina v1.3.3 master:6fe1ce2   Built Jun 30 2026.,static_crystal_polymer,,
2EWB,diffdock,scored,0.39834,gnina v1.3.3 master:6fe1ce2   Built Jun 30 2026.,static_crystal_polymer,,
2EXM,equibind,scored,0.31305,gnina v1.3.3 master:6fe1ce2   Built Jun 30 2026.,static_crystal_polymer,,
2EXM,diffdock,scored,0.8553,gnina v1.3.3 master:6fe1ce2   Built Jun 30 2026.,static_crystal_polymer,,
2F01,equibind,scored,5e-05,gnina v1.3.3 master:6fe1ce2   Built Jun 30 2026.,static_crystal_polymer,,
2F01,diffdock,scored,0.98447,gnina v1.3.3 master:6fe1ce2   Built Jun 30 2026.,static_crystal_polymer,,
2EZ7,equibind,scored,0.06709,gnina v1.3.3 master:6fe1ce2   Built Jun 30 2026.,static_crystal_polymer,,
2EZ7,diffdock,scored,0.53977,gnina v1.3.3 master:6fe1ce2   Built Jun 30 2026.,static_crystal_polymer,,
2EWS,equibind,scored,0.00121,gnina v1.3.3 master:6fe1ce2   Built Jun 30 2026.,static_crystal_polymer,,
2EWS,diffdock,scored,0.7623,gnina v1.3.3 master:6fe1ce2   Built Jun 30 2026.,static_crystal_polymer,,
2E99,equibind,scored,8e-05,gnina v1.3.3 master:6fe1ce2   Built Jun 30 2026.,static_crystal_polymer,,
2E99,diffdock,scored,0.23706,gnina v1.3.3 master:6fe1ce2   Built Jun 30 2026.,static_crystal_polymer,,
2F1A,equibind,scored,0.31865,gnina v1.3.3 master:6fe1ce2   Built Jun 30 2026.,static_crystal_polymer,,
2F1A,diffdock,scored,0.69987,gnina v1.3.3 master:6fe1ce2   Built Jun 30 2026.,static_crystal_polymer,,
2F1B,equibind,scored,0.55199,gnina v1.3.3 master:6fe1ce2   Built Jun 30 2026.,static_crystal_polymer,,
2F1B,diffdock,scored,0.67503,gnina v1.3.3 master:6fe1ce2   Built Jun 30 2026.,static_crystal_polymer,,
2F18,equibind,scored,0.0474,gnina v1.3.3 master:6fe1ce2   Built Jun 30 2026.,static_crystal_polymer,,
2F18,diffdock,scored,0.65493,gnina v1.3.3 master:6fe1ce2   Built Jun 30 2026.,static_crystal_polymer,,
2F8I,equibind,scored,8e-05,gnina v1.3.3 master:6fe1ce2   Built Jun 30 2026.,static_crystal_polymer,,
2F8I,diffdock,scored,0.62684,gnina v1.3.3 master:6fe1ce2   Built Jun 30 2026.,static_crystal_polymer,,
2F3F,equibind,scored,0.00015,gnina v1.3.3 master:6fe1ce2   Built Jun 30 2026.,static_crystal_polymer,,
2F3F,diffdock,scored,0.56601,gnina v1.3.3 master:6fe1ce2   Built Jun 30 2026.,static_crystal_polymer,,
2F9K,equibind,scored,0.00313,gnina v1.3.3 master:6fe1ce2   Built Jun 30 2026.,static_crystal_polymer,,
2F9K,diffdock,scored,0.79186,gnina v1.3.3 master:6fe1ce2   Built Jun 30 2026.,static_crystal_polymer,,
2F7O,equibind,scored,0.89205,gnina v1.3.3 master:6fe1ce2   Built Jun 30 2026.,static_crystal_polymer,,
2F7O,diffdock,scored,0.82577,gnina v1.3.3 master:6fe1ce2   Built Jun 30 2026.,static_crystal_polymer,,
2F7P,equibind,scored,0.4759,gnina v1.3.3 master:6fe1ce2   Built Jun 30 2026.,static_crystal_polymer,,
2F7P,diffdock,scored,0.86834,gnina v1.3.3 master:6fe1ce2   Built Jun 30 2026.,static_crystal_polymer,,
2C57,equibind,scored,0.844,gnina v1.3.3 master:6fe1ce2   Built Jun 30 2026.,static_crystal_polymer,,
2C57,diffdock,scored,0.51222,gnina v1.3.3 master:6fe1ce2   Built Jun 30 2026.,static_crystal_polymer,,
2FDA,equibind,scored,0.09379,gnina v1.3.3 master:6fe1ce2   Built Jun 30 2026.,static_crystal_polymer,,
2FDA,diffdock,scored,0.28964,gnina v1.3.3 master:6fe1ce2   Built Jun 30 2026.,static_crystal_polymer,,
2F3E,equibind,scored,0.00015,gnina v1.3.3 master:6fe1ce2   Built Jun 30 2026.,static_crystal_polymer,,
2F3E,diffdock,scored,0.59874,gnina v1.3.3 master:6fe1ce2   Built Jun 30 2026.,static_crystal_polymer,,
2F3R,equibind,scored,1e-05,gnina v1.3.3 master:6fe1ce2   Built Jun 30 2026.,static_crystal_polymer,,
2F3R,diffdock,scored,0.22615,gnina v1.3.3 master:6fe1ce2   Built Jun 30 2026.,static_crystal_polymer,,
2FAI,equibind,scored,0.00029,gnina v1.3.3 master:6fe1ce2   Built Jun 30 2026.,static_crystal_polymer,,
2FAI,diffdock,scored,0.83837,gnina v1.3.3 master:6fe1ce2   Built Jun 30 2026.,static_crystal_polymer,,
2FDD,equibind,scored,0.00035,gnina v1.3.3 master:6fe1ce2   Built Jun 30 2026.,static_crystal_polymer,,
2FDD,diffdock,scored,0.6869,gnina v1.3.3 master:6fe1ce2   Built Jun 30 2026.,static_crystal_polymer,,
2FDE,equibind,scored,0.25097,gnina v1.3.3 master:6fe1ce2   Built Jun 30 2026.,static_crystal_polymer,,
2FDE,diffdock,scored,0.51675,gnina v1.3.3 master:6fe1ce2   Built Jun 30 2026.,static_crystal_polymer,,
2EWY,equibind,scored,0.00102,gnina v1.3.3 master:6fe1ce2   Built Jun 30 2026.,static_crystal_polymer,,
2EWY,diffdock,scored,0.53475,gnina v1.3.3 master:6fe1ce2   Built Jun 30 2026.,static_crystal_polymer,,
2FB8,equibind,scored,0.00011,gnina v1.3.3 master:6fe1ce2   Built Jun 30 2026.,static_crystal_polymer,,
2FB8,diffdock,scored,0.45765,gnina v1.3.3 master:6fe1ce2   Built Jun 30 2026.,static_crystal_polymer,,
2FF1,equibind,scored,0.04988,gnina v1.3.3 master:6fe1ce2   Built Jun 30 2026.,static_crystal_polymer,,
2FF1,diffdock,scored,0.19331,gnina v1.3.3 master:6fe1ce2   Built Jun 30 2026.,static_crystal_polymer,,
2FF2,equibind,scored,0.03251,gnina v1.3.3 master:6fe1ce2   Built Jun 30 2026.,static_crystal_polymer,,
2FF2,diffdock,scored,0.2899,gnina v1.3.3 master:6fe1ce2   Built Jun 30 2026.,static_crystal_polymer,,
2FKF,equibind,scored,0.26415,gnina v1.3.3 master:6fe1ce2   Built Jun 30 2026.,static_crystal_polymer,,
2FKF,diffdock,scored,0.00106,gnina v1.3.3 master:6fe1ce2   Built Jun 30 2026.,static_crystal_polymer,,
2FJ0,equibind,scored,0.00689,gnina v1.3.3 master:6fe1ce2   Built Jun 30 2026.,static_crystal_polymer,,
2FJ0,diffdock,scored,0.7391,gnina v1.3.3 master:6fe1ce2   Built Jun 30 2026.,static_crystal_polymer,,
2FL2,equibind,scored,0.00314,gnina v1.3.3 master:6fe1ce2   Built Jun 30 2026.,static_crystal_polymer,,
2FL2,diffdock,scored,0.39853,gnina v1.3.3 master:6fe1ce2   Built Jun 30 2026.,static_crystal_polymer,,
2FDP,equibind,scored,0.0,gnina v1.3.3 master:6fe1ce2   Built Jun 30 2026.,static_crystal_polymer,,
2FDP,diffdock,scored,0.44003,gnina v1.3.3 master:6fe1ce2   Built Jun 30 2026.,static_crystal_polymer,,
2FLE,equibind,scored,1e-05,gnina v1.3.3 master:6fe1ce2   Built Jun 30 2026.,static_crystal_polymer,,
2FLE,diffdock,scored,0.53605,gnina v1.3.3 master:6fe1ce2   Built Jun 30 2026.,static_crystal_polymer,,
2FMB,equibind,scored,0.00068,gnina v1.3.3 master:6fe1ce2   Built Jun 30 2026.,static_crystal_polymer,,
2FMB,diffdock,scored,0.62605,gnina v1.3.3 master:6fe1ce2   Built Jun 30 2026.,static_crystal_polymer,,
2FLR,equibind,scored,0.00468,gnina v1.3.3 master:6fe1ce2   Built Jun 30 2026.,static_crystal_polymer,,
2FLR,diffdock,scored,0.2443,gnina v1.3.3 master:6fe1ce2   Built Jun 30 2026.,static_crystal_polymer,,
2FGH,equibind,scored,0.00133,gnina v1.3.3 master:6fe1ce2   Built Jun 30 2026.,static_crystal_polymer,,
2FGH,diffdock,scored,0.0724,gnina v1.3.3 master:6fe1ce2   Built Jun 30 2026.,static_crystal_polymer,,
2FHY,equibind,scored,0.0,gnina v1.3.3 master:6fe1ce2   Built Jun 30 2026.,static_crystal_polymer,,
2FHY,diffdock,scored,0.89495,gnina v1.3.3 master:6fe1ce2   Built Jun 30 2026.,static_crystal_polymer,,
2FLH,equibind,scored,0.00012,gnina v1.3.3 master:6fe1ce2   Built Jun 30 2026.,static_crystal_polymer,,
2FLH,diffdock,scored,0.16281,gnina v1.3.3 master:6fe1ce2   Built Jun 30 2026.,static_crystal_polymer,,
2FQT,equibind,scored,0.00304,gnina v1.3.3 master:6fe1ce2   Built Jun 30 2026.,static_crystal_polymer,,
2FQT,diffdock,scored,0.85341,gnina v1.3.3 master:6fe1ce2   Built Jun 30 2026.,static_crystal_polymer,,
2FME,equibind,scored,0.02228,gnina v1.3.3 master:6fe1ce2   Built Jun 30 2026.,static_crystal_polymer,,
2FME,diffdock,scored,0.89888,gnina v1.3.3 master:6fe1ce2   Built Jun 30 2026.,static_crystal_polymer,,
2FQW,equibind,scored,0.049,gnina v1.3.3 master:6fe1ce2   Built Jun 30 2026.,static_crystal_polymer,,
2FQW,diffdock,scored,0.63487,gnina v1.3.3 master:6fe1ce2   Built Jun 30 2026.,static_crystal_polymer,,
2FQX,equibind,scored,0.07831,gnina v1.3.3 master:6fe1ce2   Built Jun 30 2026.,static_crystal_polymer,,
2FQX,diffdock,scored,0.70313,gnina v1.3.3 master:6fe1ce2   Built Jun 30 2026.,static_crystal_polymer,,
2FQY,equibind,scored,0.03644,gnina v1.3.3 master:6fe1ce2   Built Jun 30 2026.,static_crystal_polymer,,
2FQY,diffdock,scored,0.58883,gnina v1.3.3 master:6fe1ce2   Built Jun 30 2026.,static_crystal_polymer,,
2FR3,equibind,scored,0.60887,gnina v1.3.3 master:6fe1ce2   Built Jun 30 2026.,static_crystal_polymer,,
2FR3,diffdock,scored,0.67666,gnina v1.3.3 master:6fe1ce2   Built Jun 30 2026.,static_crystal_polymer,,
2FPZ,equibind,scored,0.4631,gnina v1.3.3 master:6fe1ce2   Built Jun 30 2026.,static_crystal_polymer,,
2FPZ,diffdock,scored,0.95545,gnina v1.3.3 master:6fe1ce2   Built Jun 30 2026.,static_crystal_polymer,,
2FQ6,equibind,scored,0.00257,gnina v1.3.3 master:6fe1ce2   Built Jun 30 2026.,static_crystal_polymer,,
2FQ6,diffdock,scored,0.46909,gnina v1.3.3 master:6fe1ce2   Built Jun 30 2026.,static_crystal_polymer,,
2FW6,equibind,scored,0.04008,gnina v1.3.3 master:6fe1ce2   Built Jun 30 2026.,static_crystal_polymer,,
2FW6,diffdock,scored,0.60894,gnina v1.3.3 master:6fe1ce2   Built Jun 30 2026.,static_crystal_polymer,,
2FV9,equibind,scored,0.00527,gnina v1.3.3 master:6fe1ce2   Built Jun 30 2026.,static_crystal_polymer,,
2FV9,diffdock,scored,0.81816,gnina v1.3.3 master:6fe1ce2   Built Jun 30 2026.,static_crystal_polymer,,
2FAH,equibind,scored,0.73207,gnina v1.3.3 master:6fe1ce2   Built Jun 30 2026.,static_crystal_polymer,,
2FAH,diffdock,scored,0.83079,gnina v1.3.3 master:6fe1ce2   Built Jun 30 2026.,static_crystal_polymer,,
2FV5,equibind,scored,0.0103,gnina v1.3.3 master:6fe1ce2   Built Jun 30 2026.,static_crystal_polymer,,
2FV5,diffdock,scored,0.80288,gnina v1.3.3 master:6fe1ce2   Built Jun 30 2026.,static_crystal_polymer,,
2FWP,equibind,scored,0.26933,gnina v1.3.3 master:6fe1ce2   Built Jun 30 2026.,static_crystal_polymer,,
2FWP,diffdock,scored,0.64336,gnina v1.3.3 master:6fe1ce2   Built Jun 30 2026.,static_crystal_polymer,,
2FTD,equibind,scored,0.00065,gnina v1.3.3 master:6fe1ce2   Built Jun 30 2026.,static_crystal_polymer,,
2FTD,diffdock,scored,0.76057,gnina v1.3.3 master:6fe1ce2   Built Jun 30 2026.,static_crystal_polymer,,
2FL5,equibind,scored,7e-05,gnina v1.3.3 master:6fe1ce2   Built Jun 30 2026.,static_crystal_polymer,,
2FL5,diffdock,scored,0.95399,gnina v1.3.3 master:6fe1ce2   Built Jun 30 2026.,static_crystal_polymer,,
2FWY,equibind,scored,0.11552,gnina v1.3.3 master:6fe1ce2   Built Jun 30 2026.,static_crystal_polymer,,
2FWY,diffdock,scored,0.58318,gnina v1.3.3 master:6fe1ce2   Built Jun 30 2026.,static_crystal_polymer,,
2FWZ,equibind,scored,0.23071,gnina v1.3.3 master:6fe1ce2   Built Jun 30 2026.,static_crystal_polymer,,
2FWZ,diffdock,scored,0.38033,gnina v1.3.3 master:6fe1ce2   Built Jun 30 2026.,static_crystal_polymer,,
2FW3,equibind,scored,0.01226,gnina v1.3.3 master:6fe1ce2   Built Jun 30 2026.,static_crystal_polymer,,
2FW3,diffdock,scored,0.87915,gnina v1.3.3 master:6fe1ce2   Built Jun 30 2026.,static_crystal_polymer,,
2FXU,equibind,scored,0.00499,gnina v1.3.3 master:6fe1ce2   Built Jun 30 2026.,static_crystal_polymer,,
2FXU,diffdock,scored,0.31258,gnina v1.3.3 master:6fe1ce2   Built Jun 30 2026.,static_crystal_polymer,,
2G19,equibind,scored,0.67922,gnina v1.3.3 master:6fe1ce2   Built Jun 30 2026.,static_crystal_polymer,,
2G19,diffdock,scored,0.88334,gnina v1.3.3 master:6fe1ce2   Built Jun 30 2026.,static_crystal_polymer,,
2FSV,equibind,scored,6e-05,gnina v1.3.3 master:6fe1ce2   Built Jun 30 2026.,static_crystal_polymer,,
2FSV,diffdock,scored,0.55745,gnina v1.3.3 master:6fe1ce2   Built Jun 30 2026.,static_crystal_polymer,,
2FYV,equibind,scored,0.00107,gnina v1.3.3 master:6fe1ce2   Built Jun 30 2026.,static_crystal_polymer,,
2FYV,diffdock,scored,0.54489,gnina v1.3.3 master:6fe1ce2   Built Jun 30 2026.,static_crystal_polymer,,
2G1Q,equibind,scored,0.32686,gnina v1.3.3 master:6fe1ce2   Built Jun 30 2026.,static_crystal_polymer,,
2G1Q,diffdock,scored,0.57089,gnina v1.3.3 master:6fe1ce2   Built Jun 30 2026.,static_crystal_polymer,,
2FZC,equibind,scored,0.32501,gnina v1.3.3 master:6fe1ce2   Built Jun 30 2026.,static_crystal_polymer,,
2FZC,diffdock,scored,0.39251,gnina v1.3.3 master:6fe1ce2   Built Jun 30 2026.,static_crystal_polymer,,
2FM2,equibind,scored,0.01456,gnina v1.3.3 master:6fe1ce2   Built Jun 30 2026.,static_crystal_polymer,,
2FM2,diffdock,scored,0.13007,gnina v1.3.3 master:6fe1ce2   Built Jun 30 2026.,static_crystal_polymer,,
2FXR,equibind,scored,0.14007,gnina v1.3.3 master:6fe1ce2   Built Jun 30 2026.,static_crystal_polymer,,
2FXR,diffdock,scored,0.48204,gnina v1.3.3 master:6fe1ce2   Built Jun 30 2026.,static_crystal_polymer,,
2G1R,equibind,scored,0.37383,gnina v1.3.3 master:6fe1ce2   Built Jun 30 2026.,static_crystal_polymer,,
2G1R,diffdock,scored,0.67489,gnina v1.3.3 master:6fe1ce2   Built Jun 30 2026.,static_crystal_polymer,,
2G24,equibind,scored,0.61802,gnina v1.3.3 master:6fe1ce2   Built Jun 30 2026.,static_crystal_polymer,,
2G24,diffdock,scored,0.1349,gnina v1.3.3 master:6fe1ce2   Built Jun 30 2026.,static_crystal_polymer,,
2G6P,equibind,scored,0.34463,gnina v1.3.3 master:6fe1ce2   Built Jun 30 2026.,static_crystal_polymer,,
2G6P,diffdock,scored,0.76077,gnina v1.3.3 master:6fe1ce2   Built Jun 30 2026.,static_crystal_polymer,,
2G1Y,equibind,scored,0.27401,gnina v1.3.3 master:6fe1ce2   Built Jun 30 2026.,static_crystal_polymer,,
2G1Y,diffdock,scored,0.72536,gnina v1.3.3 master:6fe1ce2   Built Jun 30 2026.,static_crystal_polymer,,
2FZK,equibind,scored,0.24515,gnina v1.3.3 master:6fe1ce2   Built Jun 30 2026.,static_crystal_polymer,,
2FZK,diffdock,scored,0.19526,gnina v1.3.3 master:6fe1ce2   Built Jun 30 2026.,static_crystal_polymer,,
2G78,equibind,scored,0.70536,gnina v1.3.3 master:6fe1ce2   Built Jun 30 2026.,static_crystal_polymer,,
2G78,diffdock,scored,0.811,gnina v1.3.3 master:6fe1ce2   Built Jun 30 2026.,static_crystal_polymer,,
2G79,equibind,scored,0.57554,gnina v1.3.3 master:6fe1ce2   Built Jun 30 2026.,static_crystal_polymer,,
2G79,diffdock,scored,0.20154,gnina v1.3.3 master:6fe1ce2   Built Jun 30 2026.,static_crystal_polymer,,
2G71,equibind,scored,6e-05,gnina v1.3.3 master:6fe1ce2   Built Jun 30 2026.,static_crystal_polymer,,
2G71,diffdock,scored,0.76492,gnina v1.3.3 master:6fe1ce2   Built Jun 30 2026.,static_crystal_polymer,,
2G72,equibind,scored,0.00111,gnina v1.3.3 master:6fe1ce2   Built Jun 30 2026.,static_crystal_polymer,,
2G72,diffdock,scored,0.87527,gnina v1.3.3 master:6fe1ce2   Built Jun 30 2026.,static_crystal_polymer,,
2G8R,equibind,scored,1e-05,gnina v1.3.3 master:6fe1ce2   Built Jun 30 2026.,static_crystal_polymer,,
2G8R,diffdock,scored,0.31664,gnina v1.3.3 master:6fe1ce2   Built Jun 30 2026.,static_crystal_polymer,,
2G83,equibind,scored,0.33314,gnina v1.3.3 master:6fe1ce2   Built Jun 30 2026.,static_crystal_polymer,,
2G83,diffdock,scored,0.72837,gnina v1.3.3 master:6fe1ce2   Built Jun 30 2026.,static_crystal_polymer,,
2G8N,equibind,scored,4e-05,gnina v1.3.3 master:6fe1ce2   Built Jun 30 2026.,static_crystal_polymer,,
2G8N,diffdock,scored,0.96161,gnina v1.3.3 master:6fe1ce2   Built Jun 30 2026.,static_crystal_polymer,,
2G9Q,equibind,scored,0.12907,gnina v1.3.3 master:6fe1ce2   Built Jun 30 2026.,static_crystal_polymer,,
2G9Q,diffdock,scored,0.78882,gnina v1.3.3 master:6fe1ce2   Built Jun 30 2026.,static_crystal_polymer,,
2G9R,equibind,scored,0.03359,gnina v1.3.3 master:6fe1ce2   Built Jun 30 2026.,static_crystal_polymer,,
2G9R,diffdock,scored,0.7266,gnina v1.3.3 master:6fe1ce2   Built Jun 30 2026.,static_crystal_polymer,,
2G5P,equibind,scored,0.06583,gnina v1.3.3 master:6fe1ce2   Built Jun 30 2026.,static_crystal_polymer,,
2G5P,diffdock,scored,0.701,gnina v1.3.3 master:6fe1ce2   Built Jun 30 2026.,static_crystal_polymer,,
2G5T,equibind,scored,0.00049,gnina v1.3.3 master:6fe1ce2   Built Jun 30 2026.,static_crystal_polymer,,
2G5T,diffdock,scored,0.36871,gnina v1.3.3 master:6fe1ce2   Built Jun 30 2026.,static_crystal_polymer,,
2G9U,equibind,scored,0.59735,gnina v1.3.3 master:6fe1ce2   Built Jun 30 2026.,static_crystal_polymer,,
2G9U,diffdock,scored,0.60323,gnina v1.3.3 master:6fe1ce2   Built Jun 30 2026.,static_crystal_polymer,,
2G9V,equibind,scored,0.80114,gnina v1.3.3 master:6fe1ce2   Built Jun 30 2026.,static_crystal_polymer,,
2G9V,diffdock,scored,0.7754,gnina v1.3.3 master:6fe1ce2   Built Jun 30 2026.,static_crystal_polymer,,
2GD8,equibind,scored,0.00756,gnina v1.3.3 master:6fe1ce2   Built Jun 30 2026.,static_crystal_polymer,,
2GD8,diffdock,scored,0.26716,gnina v1.3.3 master:6fe1ce2   Built Jun 30 2026.,static_crystal_polymer,,
2GEJ,equibind,scored,0.00279,gnina v1.3.3 master:6fe1ce2   Built Jun 30 2026.,static_crystal_polymer,,
2GEJ,diffdock,scored,0.41693,gnina v1.3.3 master:6fe1ce2   Built Jun 30 2026.,static_crystal_polymer,,
2G0H,equibind,scored,1e-05,gnina v1.3.3 master:6fe1ce2   Built Jun 30 2026.,static_crystal_polymer,,
2G0H,diffdock,scored,0.90984,gnina v1.3.3 master:6fe1ce2   Built Jun 30 2026.,static_crystal_polymer,,
2GFS,equibind,scored,0.382,gnina v1.3.3 master:6fe1ce2   Built Jun 30 2026.,static_crystal_polymer,,
2GFS,diffdock,scored,0.35546,gnina v1.3.3 master:6fe1ce2   Built Jun 30 2026.,static_crystal_polymer,,
2GEK,equibind,scored,0.00275,gnina v1.3.3 master:6fe1ce2   Built Jun 30 2026.,static_crystal_polymer,,
2GEK,diffdock,scored,0.65444,gnina v1.3.3 master:6fe1ce2   Built Jun 30 2026.,static_crystal_polymer,,
2GG0,equibind,scored,0.0333,gnina v1.3.3 master:6fe1ce2   Built Jun 30 2026.,static_crystal_polymer,,
2GG0,diffdock,scored,0.64623,gnina v1.3.3 master:6fe1ce2   Built Jun 30 2026.,static_crystal_polymer,,
2GG3,equibind,scored,0.16331,gnina v1.3.3 master:6fe1ce2   Built Jun 30 2026.,static_crystal_polymer,,
2GG3,diffdock,scored,0.81187,gnina v1.3.3 master:6fe1ce2   Built Jun 30 2026.,static_crystal_polymer,,
2GFK,equibind,scored,0.00214,gnina v1.3.3 master:6fe1ce2   Built Jun 30 2026.,static_crystal_polymer,,
2GFK,diffdock,scored,0.36387,gnina v1.3.3 master:6fe1ce2   Built Jun 30 2026.,static_crystal_polymer,,
2GBF,equibind,scored,0.0152,gnina v1.3.3 master:6fe1ce2   Built Jun 30 2026.,static_crystal_polymer,,
2GBF,diffdock,scored,0.14823,gnina v1.3.3 master:6fe1ce2   Built Jun 30 2026.,static_crystal_polymer,,
2GBG,equibind,scored,0.03483,gnina v1.3.3 master:6fe1ce2   Built Jun 30 2026.,static_crystal_polymer,,
2GBG,diffdock,scored,0.14048,gnina v1.3.3 master:6fe1ce2   Built Jun 30 2026.,static_crystal_polymer,,
2GG5,equibind,scored,0.5808,gnina v1.3.3 master:6fe1ce2   Built Jun 30 2026.,static_crystal_polymer,,
2GG5,diffdock,scored,0.47601,gnina v1.3.3 master:6fe1ce2   Built Jun 30 2026.,static_crystal_polymer,,
2GG7,equibind,scored,0.02382,gnina v1.3.3 master:6fe1ce2   Built Jun 30 2026.,static_crystal_polymer,,
2GG7,diffdock,scored,0.40344,gnina v1.3.3 master:6fe1ce2   Built Jun 30 2026.,static_crystal_polymer,,
2GGB,equibind,scored,0.01529,gnina v1.3.3 master:6fe1ce2   Built Jun 30 2026.,static_crystal_polymer,,
2GGB,diffdock,scored,0.51251,gnina v1.3.3 master:6fe1ce2   Built Jun 30 2026.,static_crystal_polymer,,
2GH7,equibind,scored,6e-05,gnina v1.3.3 master:6fe1ce2   Built Jun 30 2026.,static_crystal_polymer,,
2GH7,diffdock,scored,0.96679,gnina v1.3.3 master:6fe1ce2   Built Jun 30 2026.,static_crystal_polymer,,
2GKL,equibind,scored,0.3607,gnina v1.3.3 master:6fe1ce2   Built Jun 30 2026.,static_crystal_polymer,,
2GKL,diffdock,scored,0.19056,gnina v1.3.3 master:6fe1ce2   Built Jun 30 2026.,static_crystal_polymer,,
2GJ5,equibind,scored,0.01855,gnina v1.3.3 master:6fe1ce2   Built Jun 30 2026.,static_crystal_polymer,,
2GJ5,diffdock,scored,0.29549,gnina v1.3.3 master:6fe1ce2   Built Jun 30 2026.,static_crystal_polymer,,
2GBI,equibind,scored,0.02242,gnina v1.3.3 master:6fe1ce2   Built Jun 30 2026.,static_crystal_polymer,,
2GBI,diffdock,scored,0.33357,gnina v1.3.3 master:6fe1ce2   Built Jun 30 2026.,static_crystal_polymer,,
2F2H,equibind,scored,0.02864,gnina v1.3.3 master:6fe1ce2   Built Jun 30 2026.,static_crystal_polymer,,
2GNF,equibind,scored,0.0627,gnina v1.3.3 master:6fe1ce2   Built Jun 30 2026.,static_crystal_polymer,,
2GNF,diffdock,scored,0.5759,gnina v1.3.3 master:6fe1ce2   Built Jun 30 2026.,static_crystal_polymer,,
2G94,equibind,scored,0.00059,gnina v1.3.3 master:6fe1ce2   Built Jun 30 2026.,static_crystal_polymer,,
2G94,diffdock,scored,0.35815,gnina v1.3.3 master:6fe1ce2   Built Jun 30 2026.,static_crystal_polymer,,
2GJ4,equibind,scored,6e-05,gnina v1.3.3 master:6fe1ce2   Built Jun 30 2026.,static_crystal_polymer,,
2GJ4,diffdock,scored,0.42405,gnina v1.3.3 master:6fe1ce2   Built Jun 30 2026.,static_crystal_polymer,,
2GNI,equibind,scored,0.8247,gnina v1.3.3 master:6fe1ce2   Built Jun 30 2026.,static_crystal_polymer,,
2GNI,diffdock,scored,0.90199,gnina v1.3.3 master:6fe1ce2   Built Jun 30 2026.,static_crystal_polymer,,
2GM9,equibind,scored,0.02167,gnina v1.3.3 master:6fe1ce2   Built Jun 30 2026.,static_crystal_polymer,,
2GM9,diffdock,scored,0.45444,gnina v1.3.3 master:6fe1ce2   Built Jun 30 2026.,static_crystal_polymer,,
2GNJ,equibind,scored,0.63917,gnina v1.3.3 master:6fe1ce2   Built Jun 30 2026.,static_crystal_polymer,,
2GNJ,diffdock,scored,0.77035,gnina v1.3.3 master:6fe1ce2   Built Jun 30 2026.,static_crystal_polymer,,
2GMX,equibind,scored,0.0029,gnina v1.3.3 master:6fe1ce2   Built Jun 30 2026.,static_crystal_polymer,,
2GMX,diffdock,scored,0.70698,gnina v1.3.3 master:6fe1ce2   Built Jun 30 2026.,static_crystal_polymer,,
2GTV,equibind,scored,0.01709,gnina v1.3.3 master:6fe1ce2   Built Jun 30 2026.,static_crystal_polymer,,
2GTV,diffdock,scored,0.64559,gnina v1.3.3 master:6fe1ce2   Built Jun 30 2026.,static_crystal_polymer,,
2GTK,equibind,scored,0.63456,gnina v1.3.3 master:6fe1ce2   Built Jun 30 2026.,static_crystal_polymer,,
2GTK,diffdock,scored,0.73061,gnina v1.3.3 master:6fe1ce2   Built Jun 30 2026.,static_crystal_polymer,,
2GVV,equibind,scored,0.10248,gnina v1.3.3 master:6fe1ce2   Built Jun 30 2026.,static_crystal_polymer,,
2GVV,diffdock,scored,0.49488,gnina v1.3.3 master:6fe1ce2   Built Jun 30 2026.,static_crystal_polymer,,
2GO4,equibind,scored,0.00721,gnina v1.3.3 master:6fe1ce2   Built Jun 30 2026.,static_crystal_polymer,,
2GO4,diffdock,scored,0.2343,gnina v1.3.3 master:6fe1ce2   Built Jun 30 2026.,static_crystal_polymer,,
2GLP,equibind,scored,0.00057,gnina v1.3.3 master:6fe1ce2   Built Jun 30 2026.,static_crystal_polymer,,
2GLP,diffdock,scored,0.69313,gnina v1.3.3 master:6fe1ce2   Built Jun 30 2026.,static_crystal_polymer,,
2GZL,equibind,scored,1e-05,gnina v1.3.3 master:6fe1ce2   Built Jun 30 2026.,static_crystal_polymer,,
2GZL,diffdock,scored,0.04208,gnina v1.3.3 master:6fe1ce2   Built Jun 30 2026.,static_crystal_polymer,,
2H15,equibind,scored,0.59182,gnina v1.3.3 master:6fe1ce2   Built Jun 30 2026.,static_crystal_polymer,,
2H15,diffdock,scored,0.62036,gnina v1.3.3 master:6fe1ce2   Built Jun 30 2026.,static_crystal_polymer,,
2GZ2,equibind,scored,0.00034,gnina v1.3.3 master:6fe1ce2   Built Jun 30 2026.,static_crystal_polymer,,
2GZ2,diffdock,scored,0.83376,gnina v1.3.3 master:6fe1ce2   Built Jun 30 2026.,static_crystal_polymer,,
2GZ7,equibind,scored,0.00052,gnina v1.3.3 master:6fe1ce2   Built Jun 30 2026.,static_crystal_polymer,,
2GZ7,diffdock,scored,0.30452,gnina v1.3.3 master:6fe1ce2   Built Jun 30 2026.,static_crystal_polymer,,
2G63,equibind,scored,0.00088,gnina v1.3.3 master:6fe1ce2   Built Jun 30 2026.,static_crystal_polymer,,
2G63,diffdock,scored,0.65268,gnina v1.3.3 master:6fe1ce2   Built Jun 30 2026.,static_crystal_polymer,,
2GYI,equibind,scored,0.05332,gnina v1.3.3 master:6fe1ce2   Built Jun 30 2026.,static_crystal_polymer,,
2GYI,diffdock,scored,0.66295,gnina v1.3.3 master:6fe1ce2   Built Jun 30 2026.,static_crystal_polymer,,
2H4G,equibind,scored,0.44962,gnina v1.3.3 master:6fe1ce2   Built Jun 30 2026.,static_crystal_polymer,,
2H4G,diffdock,scored,0.86505,gnina v1.3.3 master:6fe1ce2   Built Jun 30 2026.,static_crystal_polymer,,
2H4N,equibind,scored,0.27007,gnina v1.3.3 master:6fe1ce2   Built Jun 30 2026.,static_crystal_polymer,,
2H4N,diffdock,scored,0.84677,gnina v1.3.3 master:6fe1ce2   Built Jun 30 2026.,static_crystal_polymer,,
2H4K,equibind,scored,0.12442,gnina v1.3.3 master:6fe1ce2   Built Jun 30 2026.,static_crystal_polymer,,
2H4K,diffdock,scored,0.16212,gnina v1.3.3 master:6fe1ce2   Built Jun 30 2026.,static_crystal_polymer,,
2GM1,equibind,scored,4e-05,gnina v1.3.3 master:6fe1ce2   Built Jun 30 2026.,static_crystal_polymer,,
2GM1,diffdock,scored,0.61947,gnina v1.3.3 master:6fe1ce2   Built Jun 30 2026.,static_crystal_polymer,,
2H5A,equibind,scored,0.29527,gnina v1.3.3 master:6fe1ce2   Built Jun 30 2026.,static_crystal_polymer,,
2H5A,diffdock,scored,0.17415,gnina v1.3.3 master:6fe1ce2   Built Jun 30 2026.,static_crystal_polymer,,
2H6B,equibind,scored,0.61174,gnina v1.3.3 master:6fe1ce2   Built Jun 30 2026.,static_crystal_polymer,,
2H6B,diffdock,scored,0.95371,gnina v1.3.3 master:6fe1ce2   Built Jun 30 2026.,static_crystal_polymer,,
2H96,equibind,scored,0.00074,gnina v1.3.3 master:6fe1ce2   Built Jun 30 2026.,static_crystal_polymer,,
2H96,diffdock,scored,0.65452,gnina v1.3.3 master:6fe1ce2   Built Jun 30 2026.,static_crystal_polymer,,
2H3E,equibind,scored,0.4809,gnina v1.3.3 master:6fe1ce2   Built Jun 30 2026.,static_crystal_polymer,,
2H3E,diffdock,scored,0.68047,gnina v1.3.3 master:6fe1ce2   Built Jun 30 2026.,static_crystal_polymer,,
2H5E,equibind,scored,2e-05,gnina v1.3.3 master:6fe1ce2   Built Jun 30 2026.,static_crystal_polymer,,
2H5E,diffdock,scored,0.83627,gnina v1.3.3 master:6fe1ce2   Built Jun 30 2026.,static_crystal_polymer,,
2GH6,equibind,scored,0.00022,gnina v1.3.3 master:6fe1ce2   Built Jun 30 2026.,static_crystal_polymer,,
2GH6,diffdock,scored,0.54489,gnina v1.3.3 master:6fe1ce2   Built Jun 30 2026.,static_crystal_polymer,,
2H42,equibind,scored,4e-05,gnina v1.3.3 master:6fe1ce2   Built Jun 30 2026.,static_crystal_polymer,,
2H42,diffdock,scored,0.19964,gnina v1.3.3 master:6fe1ce2   Built Jun 30 2026.,static_crystal_polymer,,
2HAH,equibind,scored,0.01594,gnina v1.3.3 master:6fe1ce2   Built Jun 30 2026.,static_crystal_polymer,,
2HAH,diffdock,scored,0.33023,gnina v1.3.3 master:6fe1ce2   Built Jun 30 2026.,static_crystal_polymer,,
2HA0,equibind,scored,0.00453,gnina v1.3.3 master:6fe1ce2   Built Jun 30 2026.,static_crystal_polymer,,
2HA0,diffdock,scored,0.81403,gnina v1.3.3 master:6fe1ce2   Built Jun 30 2026.,static_crystal_polymer,,
2HA3,equibind,scored,0.00204,gnina v1.3.3 master:6fe1ce2   Built Jun 30 2026.,static_crystal_polymer,,
2HA3,diffdock,scored,0.88426,gnina v1.3.3 master:6fe1ce2   Built Jun 30 2026.,static_crystal_polymer,,
2HB1,equibind,scored,0.15274,gnina v1.3.3 master:6fe1ce2   Built Jun 30 2026.,static_crystal_polymer,,
2HB1,diffdock,scored,0.88995,gnina v1.3.3 master:6fe1ce2   Built Jun 30 2026.,static_crystal_polymer,,
2HA4,equibind,scored,0.00013,gnina v1.3.3 master:6fe1ce2   Built Jun 30 2026.,static_crystal_polymer,,
2HA4,diffdock,scored,0.93811,gnina v1.3.3 master:6fe1ce2   Built Jun 30 2026.,static_crystal_polymer,,
2HA7,equibind,scored,0.00353,gnina v1.3.3 master:6fe1ce2   Built Jun 30 2026.,static_crystal_polymer,,
2HA7,diffdock,scored,0.76465,gnina v1.3.3 master:6fe1ce2   Built Jun 30 2026.,static_crystal_polymer,,
2HA2,equibind,scored,0.00088,gnina v1.3.3 master:6fe1ce2   Built Jun 30 2026.,static_crystal_polymer,,
2HA2,diffdock,scored,0.78026,gnina v1.3.3 master:6fe1ce2   Built Jun 30 2026.,static_crystal_polymer,,
2HAI,equibind,scored,0.02514,gnina v1.3.3 master:6fe1ce2   Built Jun 30 2026.,static_crystal_polymer,,
2HAI,diffdock,scored,0.54442,gnina v1.3.3 master:6fe1ce2   Built Jun 30 2026.,static_crystal_polymer,,
2HA5,equibind,scored,0.16638,gnina v1.3.3 master:6fe1ce2   Built Jun 30 2026.,static_crystal_polymer,,
2HA5,diffdock,scored,0.91103,gnina v1.3.3 master:6fe1ce2   Built Jun 30 2026.,static_crystal_polymer,,
2GL0,equibind,scored,0.00012,gnina v1.3.3 master:6fe1ce2   Built Jun 30 2026.,static_crystal_polymer,,
2GL0,diffdock,scored,0.6047,gnina v1.3.3 master:6fe1ce2   Built Jun 30 2026.,static_crystal_polymer,,
2HD1,equibind,scored,0.02445,gnina v1.3.3 master:6fe1ce2   Built Jun 30 2026.,static_crystal_polymer,,
2HD1,diffdock,scored,0.65229,gnina v1.3.3 master:6fe1ce2   Built Jun 30 2026.,static_crystal_polymer,,
2HF8,equibind,scored,1e-05,gnina v1.3.3 master:6fe1ce2   Built Jun 30 2026.,static_crystal_polymer,,
2HF8,diffdock,scored,0.90161,gnina v1.3.3 master:6fe1ce2   Built Jun 30 2026.,static_crystal_polymer,,
2HAW,equibind,scored,0.51682,gnina v1.3.3 master:6fe1ce2   Built Jun 30 2026.,static_crystal_polymer,,
2HAW,diffdock,scored,0.87944,gnina v1.3.3 master:6fe1ce2   Built Jun 30 2026.,static_crystal_polymer,,
2HMB,equibind,scored,0.32334,gnina v1.3.3 master:6fe1ce2   Built Jun 30 2026.,static_crystal_polymer,,
2HMB,diffdock,scored,0.56892,gnina v1.3.3 master:6fe1ce2   Built Jun 30 2026.,static_crystal_polymer,,
2HDS,equibind,scored,0.14749,gnina v1.3.3 master:6fe1ce2   Built Jun 30 2026.,static_crystal_polymer,,
2HDS,diffdock,scored,0.31745,gnina v1.3.3 master:6fe1ce2   Built Jun 30 2026.,static_crystal_polymer,,
2HM1,equibind,scored,8e-05,gnina v1.3.3 master:6fe1ce2   Built Jun 30 2026.,static_crystal_polymer,,
2HM1,diffdock,scored,0.65262,gnina v1.3.3 master:6fe1ce2   Built Jun 30 2026.,static_crystal_polymer,,
2HDQ,equibind,scored,0.18207,gnina v1.3.3 master:6fe1ce2   Built Jun 30 2026.,static_crystal_polymer,,
2HDQ,diffdock,scored,0.83363,gnina v1.3.3 master:6fe1ce2   Built Jun 30 2026.,static_crystal_polymer,,
2HA6,equibind,scored,0.0,gnina v1.3.3 master:6fe1ce2   Built Jun 30 2026.,static_crystal_polymer,,
2HA6,diffdock,scored,0.95699,gnina v1.3.3 master:6fe1ce2   Built Jun 30 2026.,static_crystal_polymer,,
2HIW,equibind,scored,0.00034,gnina v1.3.3 master:6fe1ce2   Built Jun 30 2026.,static_crystal_polymer,,
2HIW,diffdock,scored,0.80717,gnina v1.3.3 master:6fe1ce2   Built Jun 30 2026.,static_crystal_polymer,,
2HNX,equibind,scored,0.00936,gnina v1.3.3 master:6fe1ce2   Built Jun 30 2026.,static_crystal_polymer,,
2HNX,diffdock,scored,0.8126,gnina v1.3.3 master:6fe1ce2   Built Jun 30 2026.,static_crystal_polymer,,
2HNC,equibind,scored,0.39874,gnina v1.3.3 master:6fe1ce2   Built Jun 30 2026.,static_crystal_polymer,,
2HNC,diffdock,scored,0.68716,gnina v1.3.3 master:6fe1ce2   Built Jun 30 2026.,static_crystal_polymer,,
2HMV,equibind,scored,0.00727,gnina v1.3.3 master:6fe1ce2   Built Jun 30 2026.,static_crystal_polymer,,
2HMV,diffdock,scored,0.61202,gnina v1.3.3 master:6fe1ce2   Built Jun 30 2026.,static_crystal_polymer,,
2HMW,equibind,scored,0.01346,gnina v1.3.3 master:6fe1ce2   Built Jun 30 2026.,static_crystal_polymer,,
2HMW,diffdock,scored,0.43947,gnina v1.3.3 master:6fe1ce2   Built Jun 30 2026.,static_crystal_polymer,,
2HMU,equibind,scored,0.03463,gnina v1.3.3 master:6fe1ce2   Built Jun 30 2026.,static_crystal_polymer,,
2HMU,diffdock,scored,0.66137,gnina v1.3.3 master:6fe1ce2   Built Jun 30 2026.,static_crystal_polymer,,
2HJB,equibind,scored,0.20334,gnina v1.3.3 master:6fe1ce2   Built Jun 30 2026.,static_crystal_polymer,,
2HJB,diffdock,scored,0.50459,gnina v1.3.3 master:6fe1ce2   Built Jun 30 2026.,static_crystal_polymer,,
2HOG,equibind,scored,0.12326,gnina v1.3.3 master:6fe1ce2   Built Jun 30 2026.,static_crystal_polymer,,
2HOG,diffdock,scored,0.60363,gnina v1.3.3 master:6fe1ce2   Built Jun 30 2026.,static_crystal_polymer,,
2HOC,equibind,scored,0.07455,gnina v1.3.3 master:6fe1ce2   Built Jun 30 2026.,static_crystal_polymer,,
2HOC,diffdock,scored,0.61931,gnina v1.3.3 master:6fe1ce2   Built Jun 30 2026.,static_crystal_polymer,,
2HR6,equibind,scored,0.00118,gnina v1.3.3 master:6fe1ce2   Built Jun 30 2026.,static_crystal_polymer,,
2HR6,diffdock,scored,0.18487,gnina v1.3.3 master:6fe1ce2   Built Jun 30 2026.,static_crystal_polymer,,
2HRM,equibind,scored,0.00279,gnina v1.3.3 master:6fe1ce2   Built Jun 30 2026.,static_crystal_polymer,,
2HRM,diffdock,scored,0.03125,gnina v1.3.3 master:6fe1ce2   Built Jun 30 2026.,static_crystal_polymer,,
2HVX,equibind,scored,0.00066,gnina v1.3.3 master:6fe1ce2   Built Jun 30 2026.,static_crystal_polymer,,
2HVX,diffdock,scored,0.64679,gnina v1.3.3 master:6fe1ce2   Built Jun 30 2026.,static_crystal_polymer,,
2HHA,equibind,scored,0.19711,gnina v1.3.3 master:6fe1ce2   Built Jun 30 2026.,static_crystal_polymer,,
2HHA,diffdock,scored,0.28099,gnina v1.3.3 master:6fe1ce2   Built Jun 30 2026.,static_crystal_polymer,,
2HW2,equibind,scored,0.01314,gnina v1.3.3 master:6fe1ce2   Built Jun 30 2026.,static_crystal_polymer,,
2HW2,diffdock,scored,0.29765,gnina v1.3.3 master:6fe1ce2   Built Jun 30 2026.,static_crystal_polymer,,
2HH5,equibind,scored,0.00079,gnina v1.3.3 master:6fe1ce2   Built Jun 30 2026.,static_crystal_polymer,,
2HH5,diffdock,scored,0.58423,gnina v1.3.3 master:6fe1ce2   Built Jun 30 2026.,static_crystal_polymer,,
2HNY,equibind,scored,0.27821,gnina v1.3.3 master:6fe1ce2   Built Jun 30 2026.,static_crystal_polymer,,
2HNY,diffdock,scored,0.60759,gnina v1.3.3 master:6fe1ce2   Built Jun 30 2026.,static_crystal_polymer,,
2HWP,equibind,scored,0.03072,gnina v1.3.3 master:6fe1ce2   Built Jun 30 2026.,static_crystal_polymer,,
2HWP,diffdock,scored,0.15417,gnina v1.3.3 master:6fe1ce2   Built Jun 30 2026.,static_crystal_polymer,,
2HZ0,equibind,scored,1e-05,gnina v1.3.3 master:6fe1ce2   Built Jun 30 2026.,static_crystal_polymer,,
2HZ0,diffdock,scored,0.88303,gnina v1.3.3 master:6fe1ce2   Built Jun 30 2026.,static_crystal_polymer,,
2HZN,equibind,scored,0.24749,gnina v1.3.3 master:6fe1ce2   Built Jun 30 2026.,static_crystal_polymer,,
2HZN,diffdock,scored,0.82976,gnina v1.3.3 master:6fe1ce2   Built Jun 30 2026.,static_crystal_polymer,,
2HZI,equibind,scored,0.00012,gnina v1.3.3 master:6fe1ce2   Built Jun 30 2026.,static_crystal_polymer,,
2HZI,diffdock,scored,0.73204,gnina v1.3.3 master:6fe1ce2   Built Jun 30 2026.,static_crystal_polymer,,
2HZL,equibind,scored,0.51015,gnina v1.3.3 master:6fe1ce2   Built Jun 30 2026.,static_crystal_polymer,,
2HZL,diffdock,scored,0.97349,gnina v1.3.3 master:6fe1ce2   Built Jun 30 2026.,static_crystal_polymer,,
2HWG,equibind,scored,0.34946,gnina v1.3.3 master:6fe1ce2   Built Jun 30 2026.,static_crystal_polymer,,
2HWG,diffdock,scored,0.80478,gnina v1.3.3 master:6fe1ce2   Built Jun 30 2026.,static_crystal_polymer,,
2HZ4,equibind,scored,0.0,gnina v1.3.3 master:6fe1ce2   Built Jun 30 2026.,static_crystal_polymer,,
2HZ4,diffdock,scored,0.04079,gnina v1.3.3 master:6fe1ce2   Built Jun 30 2026.,static_crystal_polymer,,
2I0V,equibind,scored,0.60601,gnina v1.3.3 master:6fe1ce2   Built Jun 30 2026.,static_crystal_polymer,,
2I0V,diffdock,scored,0.66909,gnina v1.3.3 master:6fe1ce2   Built Jun 30 2026.,static_crystal_polymer,,
2I0G,equibind,scored,4e-05,gnina v1.3.3 master:6fe1ce2   Built Jun 30 2026.,static_crystal_polymer,,
2I0G,diffdock,scored,0.83338,gnina v1.3.3 master:6fe1ce2   Built Jun 30 2026.,static_crystal_polymer,,
2I0H,equibind,scored,0.32058,gnina v1.3.3 master:6fe1ce2   Built Jun 30 2026.,static_crystal_polymer,,
2I0H,diffdock,scored,0.78263,gnina v1.3.3 master:6fe1ce2   Built Jun 30 2026.,static_crystal_polymer,,
2I0Y,equibind,scored,0.10883,gnina v1.3.3 master:6fe1ce2   Built Jun 30 2026.,static_crystal_polymer,,
2I0Y,diffdock,scored,0.47433,gnina v1.3.3 master:6fe1ce2   Built Jun 30 2026.,static_crystal_polymer,,
2I1M,equibind,scored,0.23772,gnina v1.3.3 master:6fe1ce2   Built Jun 30 2026.,static_crystal_polymer,,
2I1M,diffdock,scored,0.76437,gnina v1.3.3 master:6fe1ce2   Built Jun 30 2026.,static_crystal_polymer,,
2HQU,equibind,scored,0.0527,gnina v1.3.3 master:6fe1ce2   Built Jun 30 2026.,static_crystal_polymer,,
2HQU,diffdock,scored,0.43505,gnina v1.3.3 master:6fe1ce2   Built Jun 30 2026.,static_crystal_polymer,,
2I2C,equibind,scored,0.00061,gnina v1.3.3 master:6fe1ce2   Built Jun 30 2026.,static_crystal_polymer,,
2I2C,diffdock,scored,0.42545,gnina v1.3.3 master:6fe1ce2   Built Jun 30 2026.,static_crystal_polymer,,
2I3I,equibind,scored,0.00037,gnina v1.3.3 master:6fe1ce2   Built Jun 30 2026.,static_crystal_polymer,,
2I3I,diffdock,scored,0.58487,gnina v1.3.3 master:6fe1ce2   Built Jun 30 2026.,static_crystal_polymer,,
2I4W,equibind,scored,0.0409,gnina v1.3.3 master:6fe1ce2   Built Jun 30 2026.,static_crystal_polymer,,
2I4W,diffdock,scored,0.63253,gnina v1.3.3 master:6fe1ce2   Built Jun 30 2026.,static_crystal_polymer,,
2HYY,equibind,scored,0.00068,gnina v1.3.3 master:6fe1ce2   Built Jun 30 2026.,static_crystal_polymer,,
2HYY,diffdock,scored,0.79639,gnina v1.3.3 master:6fe1ce2   Built Jun 30 2026.,static_crystal_polymer,,
2I6B,equibind,scored,0.12185,gnina v1.3.3 master:6fe1ce2   Built Jun 30 2026.,static_crystal_polymer,,
2I6B,diffdock,scored,0.0278,gnina v1.3.3 master:6fe1ce2   Built Jun 30 2026.,static_crystal_polymer,,
2HZY,equibind,scored,0.0096,gnina v1.3.3 master:6fe1ce2   Built Jun 30 2026.,static_crystal_polymer,,
2HZY,diffdock,scored,0.95832,gnina v1.3.3 master:6fe1ce2   Built Jun 30 2026.,static_crystal_polymer,,
2I4T,equibind,scored,0.04418,gnina v1.3.3 master:6fe1ce2   Built Jun 30 2026.,static_crystal_polymer,,
2I4T,diffdock,scored,0.52205,gnina v1.3.3 master:6fe1ce2   Built Jun 30 2026.,static_crystal_polymer,,
2I72,equibind,scored,0.00522,gnina v1.3.3 master:6fe1ce2   Built Jun 30 2026.,static_crystal_polymer,,
2I72,diffdock,scored,0.46297,gnina v1.3.3 master:6fe1ce2   Built Jun 30 2026.,static_crystal_polymer,,
2I5J,equibind,scored,0.01286,gnina v1.3.3 master:6fe1ce2   Built Jun 30 2026.,static_crystal_polymer,,
2I5J,diffdock,scored,0.50173,gnina v1.3.3 master:6fe1ce2   Built Jun 30 2026.,static_crystal_polymer,,
2IHQ,equibind,scored,0.52568,gnina v1.3.3 master:6fe1ce2   Built Jun 30 2026.,static_crystal_polymer,,
2IHQ,diffdock,scored,0.89458,gnina v1.3.3 master:6fe1ce2   Built Jun 30 2026.,static_crystal_polymer,,
2I40,equibind,scored,0.0058,gnina v1.3.3 master:6fe1ce2   Built Jun 30 2026.,static_crystal_polymer,,
2I40,diffdock,scored,0.14333,gnina v1.3.3 master:6fe1ce2   Built Jun 30 2026.,static_crystal_polymer,,
2I3V,equibind,scored,0.17737,gnina v1.3.3 master:6fe1ce2   Built Jun 30 2026.,static_crystal_polymer,,
2I3V,diffdock,scored,0.33013,gnina v1.3.3 master:6fe1ce2   Built Jun 30 2026.,static_crystal_polymer,,
2IGX,equibind,scored,0.00011,gnina v1.3.3 master:6fe1ce2   Built Jun 30 2026.,static_crystal_polymer,,
2IGX,diffdock,scored,0.44722,gnina v1.3.3 master:6fe1ce2   Built Jun 30 2026.,static_crystal_polymer,,
2IO6,equibind,scored,0.26797,gnina v1.3.3 master:6fe1ce2   Built Jun 30 2026.,static_crystal_polymer,,
2IO6,diffdock,scored,0.63432,gnina v1.3.3 master:6fe1ce2   Built Jun 30 2026.,static_crystal_polymer,,
2IHJ,equibind,scored,3e-05,gnina v1.3.3 master:6fe1ce2   Built Jun 30 2026.,static_crystal_polymer,,
2IHJ,diffdock,scored,0.17483,gnina v1.3.3 master:6fe1ce2   Built Jun 30 2026.,static_crystal_polymer,,
2I3Z,equibind,scored,0.01664,gnina v1.3.3 master:6fe1ce2   Built Jun 30 2026.,static_crystal_polymer,,
2I3Z,diffdock,scored,0.73541,gnina v1.3.3 master:6fe1ce2   Built Jun 30 2026.,static_crystal_polymer,,
2IE4,equibind,scored,0.00024,gnina v1.3.3 master:6fe1ce2   Built Jun 30 2026.,static_crystal_polymer,,
2IE4,diffdock,scored,0.72994,gnina v1.3.3 master:6fe1ce2   Built Jun 30 2026.,static_crystal_polymer,,
2IOK,equibind,scored,1e-05,gnina v1.3.3 master:6fe1ce2   Built Jun 30 2026.,static_crystal_polymer,,
2IOK,diffdock,scored,0.55236,gnina v1.3.3 master:6fe1ce2   Built Jun 30 2026.,static_crystal_polymer,,
2IRZ,equibind,scored,0.00036,gnina v1.3.3 master:6fe1ce2   Built Jun 30 2026.,static_crystal_polymer,,
2IRZ,diffdock,scored,0.75993,gnina v1.3.3 master:6fe1ce2   Built Jun 30 2026.,static_crystal_polymer,,
2ISV,equibind,scored,0.03601,gnina v1.3.3 master:6fe1ce2   Built Jun 30 2026.,static_crystal_polymer,,
2ISV,diffdock,scored,0.94994,gnina v1.3.3 master:6fe1ce2   Built Jun 30 2026.,static_crystal_polymer,,
2IMA,equibind,scored,0.0017,gnina v1.3.3 master:6fe1ce2   Built Jun 30 2026.,static_crystal_polymer,,
2IMA,diffdock,scored,0.69968,gnina v1.3.3 master:6fe1ce2   Built Jun 30 2026.,static_crystal_polymer,,
2ISW,equibind,scored,0.13421,gnina v1.3.3 master:6fe1ce2   Built Jun 30 2026.,static_crystal_polymer,,
2ISW,diffdock,scored,0.95527,gnina v1.3.3 master:6fe1ce2   Built Jun 30 2026.,static_crystal_polymer,,
2IPO,equibind,scored,0.27727,gnina v1.3.3 master:6fe1ce2   Built Jun 30 2026.,static_crystal_polymer,,
2IPO,diffdock,scored,0.60405,gnina v1.3.3 master:6fe1ce2   Built Jun 30 2026.,static_crystal_polymer,,
2IT4,equibind,scored,0.24305,gnina v1.3.3 master:6fe1ce2   Built Jun 30 2026.,static_crystal_polymer,,
2IT4,diffdock,scored,0.81481,gnina v1.3.3 master:6fe1ce2   Built Jun 30 2026.,static_crystal_polymer,,
2IIV,equibind,scored,0.14413,gnina v1.3.3 master:6fe1ce2   Built Jun 30 2026.,static_crystal_polymer,,
2IIV,diffdock,scored,0.8908,gnina v1.3.3 master:6fe1ce2   Built Jun 30 2026.,static_crystal_polymer,,
2ITY,equibind,scored,0.21073,gnina v1.3.3 master:6fe1ce2   Built Jun 30 2026.,static_crystal_polymer,,
2ITY,diffdock,scored,0.64979,gnina v1.3.3 master:6fe1ce2   Built Jun 30 2026.,static_crystal_polymer,,
2ITO,equibind,scored,0.62581,gnina v1.3.3 master:6fe1ce2   Built Jun 30 2026.,static_crystal_polymer,,
2ITO,diffdock,scored,0.48545,gnina v1.3.3 master:6fe1ce2   Built Jun 30 2026.,static_crystal_polymer,,
2IOA,equibind,scored,0.0021,gnina v1.3.3 master:6fe1ce2   Built Jun 30 2026.,static_crystal_polymer,,
2IOA,diffdock,scored,0.67431,gnina v1.3.3 master:6fe1ce2   Built Jun 30 2026.,static_crystal_polymer,,
2ITZ,equibind,scored,0.16387,gnina v1.3.3 master:6fe1ce2   Built Jun 30 2026.,static_crystal_polymer,,
2ITZ,diffdock,scored,0.68961,gnina v1.3.3 master:6fe1ce2   Built Jun 30 2026.,static_crystal_polymer,,
2IIT,equibind,scored,0.13304,gnina v1.3.3 master:6fe1ce2   Built Jun 30 2026.,static_crystal_polymer,,
2IIT,diffdock,scored,0.65867,gnina v1.3.3 master:6fe1ce2   Built Jun 30 2026.,static_crystal_polymer,,
2IZX,equibind,scored,0.53609,gnina v1.3.3 master:6fe1ce2   Built Jun 30 2026.,static_crystal_polymer,,
2IZX,diffdock,scored,0.85749,gnina v1.3.3 master:6fe1ce2   Built Jun 30 2026.,static_crystal_polymer,,
2IZL,equibind,scored,0.00031,gnina v1.3.3 master:6fe1ce2   Built Jun 30 2026.,static_crystal_polymer,,
2IZL,diffdock,scored,0.48491,gnina v1.3.3 master:6fe1ce2   Built Jun 30 2026.,static_crystal_polymer,,
2IVU,equibind,scored,0.65242,gnina v1.3.3 master:6fe1ce2   Built Jun 30 2026.,static_crystal_polymer,,
2IVU,diffdock,scored,0.52849,gnina v1.3.3 master:6fe1ce2   Built Jun 30 2026.,static_crystal_polymer,,
2J2U,equibind,scored,0.61913,gnina v1.3.3 master:6fe1ce2   Built Jun 30 2026.,static_crystal_polymer,,
2J2U,diffdock,scored,0.67875,gnina v1.3.3 master:6fe1ce2   Built Jun 30 2026.,static_crystal_polymer,,
2J34,equibind,scored,0.00452,gnina v1.3.3 master:6fe1ce2   Built Jun 30 2026.,static_crystal_polymer,,
2J34,diffdock,scored,0.80504,gnina v1.3.3 master:6fe1ce2   Built Jun 30 2026.,static_crystal_polymer,,
2J27,equibind,scored,0.17124,gnina v1.3.3 master:6fe1ce2   Built Jun 30 2026.,static_crystal_polymer,,
2J27,diffdock,scored,0.95508,gnina v1.3.3 master:6fe1ce2   Built Jun 30 2026.,static_crystal_polymer,,
2IDK,equibind,scored,0.0,gnina v1.3.3 master:6fe1ce2   Built Jun 30 2026.,static_crystal_polymer,,
2IDK,diffdock,scored,0.55754,gnina v1.3.3 master:6fe1ce2   Built Jun 30 2026.,static_crystal_polymer,,
2J4A,equibind,scored,0.34831,gnina v1.3.3 master:6fe1ce2   Built Jun 30 2026.,static_crystal_polymer,,
2J4A,diffdock,scored,0.52318,gnina v1.3.3 master:6fe1ce2   Built Jun 30 2026.,static_crystal_polymer,,
2IU0,equibind,scored,0.01424,gnina v1.3.3 master:6fe1ce2   Built Jun 30 2026.,static_crystal_polymer,,
2IU0,diffdock,scored,0.05135,gnina v1.3.3 master:6fe1ce2   Built Jun 30 2026.,static_crystal_polymer,,
2J4I,equibind,scored,0.02173,gnina v1.3.3 master:6fe1ce2   Built Jun 30 2026.,static_crystal_polymer,,
2J4I,diffdock,scored,0.63795,gnina v1.3.3 master:6fe1ce2   Built Jun 30 2026.,static_crystal_polymer,,
2IW6,equibind,scored,0.04909,gnina v1.3.3 master:6fe1ce2   Built Jun 30 2026.,static_crystal_polymer,,
2IW6,diffdock,scored,0.80684,gnina v1.3.3 master:6fe1ce2   Built Jun 30 2026.,static_crystal_polymer,,
2J4Q,equibind,scored,0.0,gnina v1.3.3 master:6fe1ce2   Built Jun 30 2026.,static_crystal_polymer,,
2J4Q,diffdock,scored,0.07275,gnina v1.3.3 master:6fe1ce2   Built Jun 30 2026.,static_crystal_polymer,,
2J47,equibind,scored,0.01198,gnina v1.3.3 master:6fe1ce2   Built Jun 30 2026.,static_crystal_polymer,,
2J47,diffdock,scored,0.49998,gnina v1.3.3 master:6fe1ce2   Built Jun 30 2026.,static_crystal_polymer,,
2IYF,equibind,scored,0.00023,gnina v1.3.3 master:6fe1ce2   Built Jun 30 2026.,static_crystal_polymer,,
2IYF,diffdock,scored,0.52826,gnina v1.3.3 master:6fe1ce2   Built Jun 30 2026.,static_crystal_polymer,,
2J50,equibind,scored,0.02732,gnina v1.3.3 master:6fe1ce2   Built Jun 30 2026.,static_crystal_polymer,,
2J50,diffdock,scored,0.52223,gnina v1.3.3 master:6fe1ce2   Built Jun 30 2026.,static_crystal_polymer,,
2J4Z,equibind,scored,0.00285,gnina v1.3.3 master:6fe1ce2   Built Jun 30 2026.,static_crystal_polymer,,
2J4Z,diffdock,scored,0.81802,gnina v1.3.3 master:6fe1ce2   Built Jun 30 2026.,static_crystal_polymer,,
2J4G,equibind,scored,0.8999,gnina v1.3.3 master:6fe1ce2   Built Jun 30 2026.,static_crystal_polymer,,
2J4G,diffdock,scored,0.87027,gnina v1.3.3 master:6fe1ce2   Built Jun 30 2026.,static_crystal_polymer,,
2J75,equibind,scored,0.05298,gnina v1.3.3 master:6fe1ce2   Built Jun 30 2026.,static_crystal_polymer,,
2J75,diffdock,scored,0.97136,gnina v1.3.3 master:6fe1ce2   Built Jun 30 2026.,static_crystal_polymer,,
2J77,equibind,scored,0.00872,gnina v1.3.3 master:6fe1ce2   Built Jun 30 2026.,static_crystal_polymer,,
2J77,diffdock,scored,0.7078,gnina v1.3.3 master:6fe1ce2   Built Jun 30 2026.,static_crystal_polymer,,
2ISC,equibind,scored,0.0,gnina v1.3.3 master:6fe1ce2   Built Jun 30 2026.,static_crystal_polymer,,
2ISC,diffdock,scored,0.86729,gnina v1.3.3 master:6fe1ce2   Built Jun 30 2026.,static_crystal_polymer,,
2J62,equibind,scored,0.08996,gnina v1.3.3 master:6fe1ce2   Built Jun 30 2026.,static_crystal_polymer,,
2J62,diffdock,scored,0.84236,gnina v1.3.3 master:6fe1ce2   Built Jun 30 2026.,static_crystal_polymer,,
2J78,equibind,scored,0.00892,gnina v1.3.3 master:6fe1ce2   Built Jun 30 2026.,static_crystal_polymer,,
2J78,diffdock,scored,0.95791,gnina v1.3.3 master:6fe1ce2   Built Jun 30 2026.,static_crystal_polymer,,
2J79,equibind,scored,0.14921,gnina v1.3.3 master:6fe1ce2   Built Jun 30 2026.,static_crystal_polymer,,
2J79,diffdock,scored,0.97604,gnina v1.3.3 master:6fe1ce2   Built Jun 30 2026.,static_crystal_polymer,,
2J7B,equibind,scored,7e-05,gnina v1.3.3 master:6fe1ce2   Built Jun 30 2026.,static_crystal_polymer,,
2J7B,diffdock,scored,0.52065,gnina v1.3.3 master:6fe1ce2   Built Jun 30 2026.,static_crystal_polymer,,
2J7X,equibind,scored,0.48961,gnina v1.3.3 master:6fe1ce2   Built Jun 30 2026.,static_crystal_polymer,,
2J7X,diffdock,scored,0.65215,gnina v1.3.3 master:6fe1ce2   Built Jun 30 2026.,static_crystal_polymer,,
2J7D,equibind,scored,1e-05,gnina v1.3.3 master:6fe1ce2   Built Jun 30 2026.,static_crystal_polymer,,
2J7D,diffdock,scored,0.94393,gnina v1.3.3 master:6fe1ce2   Built Jun 30 2026.,static_crystal_polymer,,
2J7E,equibind,scored,1e-05,gnina v1.3.3 master:6fe1ce2   Built Jun 30 2026.,static_crystal_polymer,,
2J7E,diffdock,scored,0.93759,gnina v1.3.3 master:6fe1ce2   Built Jun 30 2026.,static_crystal_polymer,,
2J7W,equibind,scored,0.06858,gnina v1.3.3 master:6fe1ce2   Built Jun 30 2026.,static_crystal_polymer,,
2J7W,diffdock,scored,0.67896,gnina v1.3.3 master:6fe1ce2   Built Jun 30 2026.,static_crystal_polymer,,
2J94,equibind,scored,0.02772,gnina v1.3.3 master:6fe1ce2   Built Jun 30 2026.,static_crystal_polymer,,
2J94,diffdock,scored,0.58971,gnina v1.3.3 master:6fe1ce2   Built Jun 30 2026.,static_crystal_polymer,,
2J95,equibind,scored,0.54982,gnina v1.3.3 master:6fe1ce2   Built Jun 30 2026.,static_crystal_polymer,,
2J95,diffdock,scored,0.41532,gnina v1.3.3 master:6fe1ce2   Built Jun 30 2026.,static_crystal_polymer,,
2J7F,equibind,scored,0.00027,gnina v1.3.3 master:6fe1ce2   Built Jun 30 2026.,static_crystal_polymer,,
2J7F,diffdock,scored,0.75748,gnina v1.3.3 master:6fe1ce2   Built Jun 30 2026.,static_crystal_polymer,,
2J83,equibind,scored,0.01107,gnina v1.3.3 master:6fe1ce2   Built Jun 30 2026.,static_crystal_polymer,,
2J83,diffdock,scored,0.80119,gnina v1.3.3 master:6fe1ce2   Built Jun 30 2026.,static_crystal_polymer,,
2J7G,equibind,scored,4e-05,gnina v1.3.3 master:6fe1ce2   Built Jun 30 2026.,static_crystal_polymer,,
2J7G,diffdock,scored,0.41683,gnina v1.3.3 master:6fe1ce2   Built Jun 30 2026.,static_crystal_polymer,,
2J7H,equibind,scored,0.08503,gnina v1.3.3 master:6fe1ce2   Built Jun 30 2026.,static_crystal_polymer,,
2J7H,diffdock,scored,0.85943,gnina v1.3.3 master:6fe1ce2   Built Jun 30 2026.,static_crystal_polymer,,
2J9H,equibind,scored,0.00063,gnina v1.3.3 master:6fe1ce2   Built Jun 30 2026.,static_crystal_polymer,,
2J9H,diffdock,scored,0.97035,gnina v1.3.3 master:6fe1ce2   Built Jun 30 2026.,static_crystal_polymer,,
2JBK,equibind,scored,0.09825,gnina v1.3.3 master:6fe1ce2   Built Jun 30 2026.,static_crystal_polymer,,
2JBK,diffdock,scored,0.26434,gnina v1.3.3 master:6fe1ce2   Built Jun 30 2026.,static_crystal_polymer,,
2JBO,equibind,scored,0.71464,gnina v1.3.3 master:6fe1ce2   Built Jun 30 2026.,static_crystal_polymer,,
2JBO,diffdock,scored,0.32514,gnina v1.3.3 master:6fe1ce2   Built Jun 30 2026.,static_crystal_polymer,,
2JAL,equibind,scored,0.12212,gnina v1.3.3 master:6fe1ce2   Built Jun 30 2026.,static_crystal_polymer,,
2JAL,diffdock,scored,0.75223,gnina v1.3.3 master:6fe1ce2   Built Jun 30 2026.,static_crystal_polymer,,
2JDO,equibind,scored,0.0452,gnina v1.3.3 master:6fe1ce2   Built Jun 30 2026.,static_crystal_polymer,,
2JDO,diffdock,scored,0.61578,gnina v1.3.3 master:6fe1ce2   Built Jun 30 2026.,static_crystal_polymer,,
2JDM,equibind,scored,0.00062,gnina v1.3.3 master:6fe1ce2   Built Jun 30 2026.,static_crystal_polymer,,
2JDM,diffdock,scored,0.5812,gnina v1.3.3 master:6fe1ce2   Built Jun 30 2026.,static_crystal_polymer,,
2JBL,equibind,scored,0.00287,gnina v1.3.3 master:6fe1ce2   Built Jun 30 2026.,static_crystal_polymer,,
2JBL,diffdock,scored,0.70682,gnina v1.3.3 master:6fe1ce2   Built Jun 30 2026.,static_crystal_polymer,,
2JDN,equibind,scored,1e-05,gnina v1.3.3 master:6fe1ce2   Built Jun 30 2026.,static_crystal_polymer,,
2JDN,diffdock,scored,0.53925,gnina v1.3.3 master:6fe1ce2   Built Jun 30 2026.,static_crystal_polymer,,
2J87,equibind,scored,0.0,gnina v1.3.3 master:6fe1ce2   Built Jun 30 2026.,static_crystal_polymer,,
2J87,diffdock,scored,0.65011,gnina v1.3.3 master:6fe1ce2   Built Jun 30 2026.,static_crystal_polymer,,
2JA3,equibind,scored,0.00135,gnina v1.3.3 master:6fe1ce2   Built Jun 30 2026.,static_crystal_polymer,,
2JA3,diffdock,scored,0.58888,gnina v1.3.3 master:6fe1ce2   Built Jun 30 2026.,static_crystal_polymer,,
2JDT,equibind,scored,0.46178,gnina v1.3.3 master:6fe1ce2   Built Jun 30 2026.,static_crystal_polymer,,
2JDT,diffdock,scored,0.95442,gnina v1.3.3 master:6fe1ce2   Built Jun 30 2026.,static_crystal_polymer,,
2JDP,equibind,scored,0.0,gnina v1.3.3 master:6fe1ce2   Built Jun 30 2026.,static_crystal_polymer,,
2JDP,diffdock,scored,0.3899,gnina v1.3.3 master:6fe1ce2   Built Jun 30 2026.,static_crystal_polymer,,
2JDU,equibind,scored,0.00077,gnina v1.3.3 master:6fe1ce2   Built Jun 30 2026.,static_crystal_polymer,,
2JDU,diffdock,scored,0.55952,gnina v1.3.3 master:6fe1ce2   Built Jun 30 2026.,static_crystal_polymer,,
2JEW,equibind,scored,0.0971,gnina v1.3.3 master:6fe1ce2   Built Jun 30 2026.,static_crystal_polymer,,
2JEW,diffdock,scored,0.89606,gnina v1.3.3 master:6fe1ce2   Built Jun 30 2026.,static_crystal_polymer,,
2JDY,equibind,scored,0.00016,gnina v1.3.3 master:6fe1ce2   Built Jun 30 2026.,static_crystal_polymer,,
2JDY,diffdock,scored,0.35997,gnina v1.3.3 master:6fe1ce2   Built Jun 30 2026.,static_crystal_polymer,,
2JF4,equibind,scored,0.00081,gnina v1.3.3 master:6fe1ce2   Built Jun 30 2026.,static_crystal_polymer,,
2JF4,diffdock,scored,0.69,gnina v1.3.3 master:6fe1ce2   Built Jun 30 2026.,static_crystal_polymer,,
2JFH,equibind,scored,0.19115,gnina v1.3.3 master:6fe1ce2   Built Jun 30 2026.,static_crystal_polymer,,
2JFH,diffdock,scored,0.89783,gnina v1.3.3 master:6fe1ce2   Built Jun 30 2026.,static_crystal_polymer,,
2JH0,equibind,scored,0.00093,gnina v1.3.3 master:6fe1ce2   Built Jun 30 2026.,static_crystal_polymer,,
2JH0,diffdock,scored,0.76459,gnina v1.3.3 master:6fe1ce2   Built Jun 30 2026.,static_crystal_polymer,,
2JH5,equibind,scored,0.11781,gnina v1.3.3 master:6fe1ce2   Built Jun 30 2026.,static_crystal_polymer,,
2JH5,diffdock,scored,0.29232,gnina v1.3.3 master:6fe1ce2   Built Jun 30 2026.,static_crystal_polymer,,
2JG0,equibind,scored,0.30808,gnina v1.3.3 master:6fe1ce2   Built Jun 30 2026.,static_crystal_polymer,,
2JG0,diffdock,scored,0.76374,gnina v1.3.3 master:6fe1ce2   Built Jun 30 2026.,static_crystal_polymer,,
2JBP,equibind,scored,0.72789,gnina v1.3.3 master:6fe1ce2   Built Jun 30 2026.,static_crystal_polymer,,
2JH6,equibind,scored,0.11531,gnina v1.3.3 master:6fe1ce2   Built Jun 30 2026.,static_crystal_polymer,,
2JH6,diffdock,scored,0.21012,gnina v1.3.3 master:6fe1ce2   Built Jun 30 2026.,static_crystal_polymer,,
2J4K,equibind,scored,0.27944,gnina v1.3.3 master:6fe1ce2   Built Jun 30 2026.,static_crystal_polymer,,
2J4K,diffdock,scored,0.71022,gnina v1.3.3 master:6fe1ce2   Built Jun 30 2026.,static_crystal_polymer,,
2JG8,equibind,scored,0.0142,gnina v1.3.3 master:6fe1ce2   Built Jun 30 2026.,static_crystal_polymer,,
2JG8,diffdock,scored,0.1422,gnina v1.3.3 master:6fe1ce2   Built Jun 30 2026.,static_crystal_polymer,,
2JJR,equibind,scored,0.00518,gnina v1.3.3 master:6fe1ce2   Built Jun 30 2026.,static_crystal_polymer,,
2JJR,diffdock,scored,0.57664,gnina v1.3.3 master:6fe1ce2   Built Jun 30 2026.,static_crystal_polymer,,
2JJ3,equibind,scored,0.03866,gnina v1.3.3 master:6fe1ce2   Built Jun 30 2026.,static_crystal_polymer,,
2JJ3,diffdock,scored,0.8188,gnina v1.3.3 master:6fe1ce2   Built Jun 30 2026.,static_crystal_polymer,,
2JC0,equibind,scored,0.00075,gnina v1.3.3 master:6fe1ce2   Built Jun 30 2026.,static_crystal_polymer,,
2JC0,diffdock,scored,0.83585,gnina v1.3.3 master:6fe1ce2   Built Jun 30 2026.,static_crystal_polymer,,
2JKH,equibind,scored,0.00036,gnina v1.3.3 master:6fe1ce2   Built Jun 30 2026.,static_crystal_polymer,,
2JKH,diffdock,scored,0.21395,gnina v1.3.3 master:6fe1ce2   Built Jun 30 2026.,static_crystal_polymer,,
2JKO,equibind,scored,0.46392,gnina v1.3.3 master:6fe1ce2   Built Jun 30 2026.,static_crystal_polymer,,
2JKO,diffdock,scored,0.90105,gnina v1.3.3 master:6fe1ce2   Built Jun 30 2026.,static_crystal_polymer,,
2JGS,equibind,scored,0.00252,gnina v1.3.3 master:6fe1ce2   Built Jun 30 2026.,static_crystal_polymer,,
2JGS,diffdock,scored,0.91458,gnina v1.3.3 master:6fe1ce2   Built Jun 30 2026.,static_crystal_polymer,,
2JKQ,equibind,scored,0.00013,gnina v1.3.3 master:6fe1ce2   Built Jun 30 2026.,static_crystal_polymer,,
2JKQ,diffdock,scored,0.67191,gnina v1.3.3 master:6fe1ce2   Built Jun 30 2026.,static_crystal_polymer,,
2JNP,equibind,scored,0.07593,gnina v1.3.3 master:6fe1ce2   Built Jun 30 2026.,static_crystal_polymer,,
2JNP,diffdock,scored,0.49649,gnina v1.3.3 master:6fe1ce2   Built Jun 30 2026.,static_crystal_polymer,,
2JIW,equibind,scored,0.00022,gnina v1.3.3 master:6fe1ce2   Built Jun 30 2026.,static_crystal_polymer,,
2JIW,diffdock,scored,0.17425,gnina v1.3.3 master:6fe1ce2   Built Jun 30 2026.,static_crystal_polymer,,
2JSD,equibind,scored,0.425,gnina v1.3.3 master:6fe1ce2   Built Jun 30 2026.,static_crystal_polymer,,
2JSD,diffdock,scored,0.42364,gnina v1.3.3 master:6fe1ce2   Built Jun 30 2026.,static_crystal_polymer,,
2JST,equibind,scored,0.55101,gnina v1.3.3 master:6fe1ce2   Built Jun 30 2026.,static_crystal_polymer,,
2JST,diffdock,scored,0.66518,gnina v1.3.3 master:6fe1ce2   Built Jun 30 2026.,static_crystal_polymer,,
2K0G,equibind,scored,0.00491,gnina v1.3.3 master:6fe1ce2   Built Jun 30 2026.,static_crystal_polymer,,
2K0G,diffdock,scored,0.26393,gnina v1.3.3 master:6fe1ce2   Built Jun 30 2026.,static_crystal_polymer,,
2K2G,equibind,scored,0.02058,gnina v1.3.3 master:6fe1ce2   Built Jun 30 2026.,static_crystal_polymer,,
2K2G,diffdock,scored,0.48174,gnina v1.3.3 master:6fe1ce2   Built Jun 30 2026.,static_crystal_polymer,,
2JXR,equibind,scored,0.00446,gnina v1.3.3 master:6fe1ce2   Built Jun 30 2026.,static_crystal_polymer,,
2JXR,diffdock,scored,0.67924,gnina v1.3.3 master:6fe1ce2   Built Jun 30 2026.,static_crystal_polymer,,
2KDH,equibind,scored,7e-05,gnina v1.3.3 master:6fe1ce2   Built Jun 30 2026.,static_crystal_polymer,,
2KDH,diffdock,scored,0.6537,gnina v1.3.3 master:6fe1ce2   Built Jun 30 2026.,static_crystal_polymer,,
2K4I,equibind,scored,0.00088,gnina v1.3.3 master:6fe1ce2   Built Jun 30 2026.,static_crystal_polymer,,
2K4I,diffdock,scored,0.24275,gnina v1.3.3 master:6fe1ce2   Built Jun 30 2026.,static_crystal_polymer,,
2JKP,equibind,scored,0.0041,gnina v1.3.3 master:6fe1ce2   Built Jun 30 2026.,static_crystal_polymer,,
2JKP,diffdock,scored,0.5023,gnina v1.3.3 master:6fe1ce2   Built Jun 30 2026.,static_crystal_polymer,,
2L98,equibind,scored,0.43561,gnina v1.3.3 master:6fe1ce2   Built Jun 30 2026.,static_crystal_polymer,,
2L98,diffdock,scored,0.45853,gnina v1.3.3 master:6fe1ce2   Built Jun 30 2026.,static_crystal_polymer,,
2LBV,equibind,scored,0.24116,gnina v1.3.3 master:6fe1ce2   Built Jun 30 2026.,static_crystal_polymer,,
2LBV,diffdock,scored,0.37111,gnina v1.3.3 master:6fe1ce2   Built Jun 30 2026.,static_crystal_polymer,,
2KO7,equibind,scored,0.12117,gnina v1.3.3 master:6fe1ce2   Built Jun 30 2026.,static_crystal_polymer,,
2KO7,diffdock,scored,0.48004,gnina v1.3.3 master:6fe1ce2   Built Jun 30 2026.,static_crystal_polymer,,
2JJK,equibind,scored,0.00624,gnina v1.3.3 master:6fe1ce2   Built Jun 30 2026.,static_crystal_polymer,,
2JJK,diffdock,scored,0.85344,gnina v1.3.3 master:6fe1ce2   Built Jun 30 2026.,static_crystal_polymer,,
2LKK,equibind,scored,0.48268,gnina v1.3.3 master:6fe1ce2   Built Jun 30 2026.,static_crystal_polymer,,
2LKK,diffdock,scored,0.47616,gnina v1.3.3 master:6fe1ce2   Built Jun 30 2026.,static_crystal_polymer,,
2JKE,equibind,scored,0.01588,gnina v1.3.3 master:6fe1ce2   Built Jun 30 2026.,static_crystal_polymer,,
2JKE,diffdock,scored,0.81379,gnina v1.3.3 master:6fe1ce2   Built Jun 30 2026.,static_crystal_polymer,,
2LYA,equibind,scored,0.00495,gnina v1.3.3 master:6fe1ce2   Built Jun 30 2026.,static_crystal_polymer,,
2LYA,diffdock,scored,0.35116,gnina v1.3.3 master:6fe1ce2   Built Jun 30 2026.,static_crystal_polymer,,
2J9L,equibind,scored,0.00033,gnina v1.3.3 master:6fe1ce2   Built Jun 30 2026.,static_crystal_polymer,,
2J9L,diffdock,scored,0.58744,gnina v1.3.3 master:6fe1ce2   Built Jun 30 2026.,static_crystal_polymer,,
2KP8,equibind,scored,0.00143,gnina v1.3.3 master:6fe1ce2   Built Jun 30 2026.,static_crystal_polymer,,
2KP8,diffdock,scored,0.09166,gnina v1.3.3 master:6fe1ce2   Built Jun 30 2026.,static_crystal_polymer,,
2LYB,equibind,scored,4e-05,gnina v1.3.3 master:6fe1ce2   Built Jun 30 2026.,static_crystal_polymer,,
2LYB,diffdock,scored,0.33398,gnina v1.3.3 master:6fe1ce2   Built Jun 30 2026.,static_crystal_polymer,,
2NND,equibind,scored,0.51842,gnina v1.3.3 master:6fe1ce2   Built Jun 30 2026.,static_crystal_polymer,,
2NND,diffdock,scored,0.73309,gnina v1.3.3 master:6fe1ce2   Built Jun 30 2026.,static_crystal_polymer,,
2N0U,equibind,scored,0.02886,gnina v1.3.3 master:6fe1ce2   Built Jun 30 2026.,static_crystal_polymer,,
2N0U,diffdock,scored,0.041,gnina v1.3.3 master:6fe1ce2   Built Jun 30 2026.,static_crystal_polymer,,
2MJI,equibind,scored,0.02812,gnina v1.3.3 master:6fe1ce2   Built Jun 30 2026.,static_crystal_polymer,,
2MJI,diffdock,scored,0.67284,gnina v1.3.3 master:6fe1ce2   Built Jun 30 2026.,static_crystal_polymer,,
2N27,equibind,scored,0.10254,gnina v1.3.3 master:6fe1ce2   Built Jun 30 2026.,static_crystal_polymer,,
2N27,diffdock,scored,0.51269,gnina v1.3.3 master:6fe1ce2   Built Jun 30 2026.,static_crystal_polymer,,
2LY0,equibind,scored,0.30492,gnina v1.3.3 master:6fe1ce2   Built Jun 30 2026.,static_crystal_polymer,,
2LY0,diffdock,scored,0.41333,gnina v1.3.3 master:6fe1ce2   Built Jun 30 2026.,static_crystal_polymer,,
2MLM,equibind,scored,0.30295,gnina v1.3.3 master:6fe1ce2   Built Jun 30 2026.,static_crystal_polymer,,
2MLM,diffdock,scored,0.52691,gnina v1.3.3 master:6fe1ce2   Built Jun 30 2026.,static_crystal_polymer,,
2NNG,equibind,scored,0.29567,gnina v1.3.3 master:6fe1ce2   Built Jun 30 2026.,static_crystal_polymer,,
2NNG,diffdock,scored,0.93513,gnina v1.3.3 master:6fe1ce2   Built Jun 30 2026.,static_crystal_polymer,,
2NNS,equibind,scored,0.37229,gnina v1.3.3 master:6fe1ce2   Built Jun 30 2026.,static_crystal_polymer,,
2NNS,diffdock,scored,0.76793,gnina v1.3.3 master:6fe1ce2   Built Jun 30 2026.,static_crystal_polymer,,
2NDO,equibind,scored,0.00035,gnina v1.3.3 master:6fe1ce2   Built Jun 30 2026.,static_crystal_polymer,,
2NDO,diffdock,scored,0.35052,gnina v1.3.3 master:6fe1ce2   Built Jun 30 2026.,static_crystal_polymer,,
2NQ6,equibind,scored,0.27142,gnina v1.3.3 master:6fe1ce2   Built Jun 30 2026.,static_crystal_polymer,,
2NQ6,diffdock,scored,0.65139,gnina v1.3.3 master:6fe1ce2   Built Jun 30 2026.,static_crystal_polymer,,
2NNK,equibind,scored,0.00029,gnina v1.3.3 master:6fe1ce2   Built Jun 30 2026.,static_crystal_polymer,,
2NNK,diffdock,scored,0.72117,gnina v1.3.3 master:6fe1ce2   Built Jun 30 2026.,static_crystal_polymer,,
2NNP,equibind,scored,0.00042,gnina v1.3.3 master:6fe1ce2   Built Jun 30 2026.,static_crystal_polymer,,
2NNP,diffdock,scored,0.5605,gnina v1.3.3 master:6fe1ce2   Built Jun 30 2026.,static_crystal_polymer,,
2NQ7,equibind,scored,0.2671,gnina v1.3.3 master:6fe1ce2   Built Jun 30 2026.,static_crystal_polymer,,
2NQ7,diffdock,scored,0.16633,gnina v1.3.3 master:6fe1ce2   Built Jun 30 2026.,static_crystal_polymer,,
2NSJ,equibind,scored,0.00767,gnina v1.3.3 master:6fe1ce2   Built Jun 30 2026.,static_crystal_polymer,,
2NSJ,diffdock,scored,0.7209,gnina v1.3.3 master:6fe1ce2   Built Jun 30 2026.,static_crystal_polymer,,
2NSL,equibind,scored,0.00698,gnina v1.3.3 master:6fe1ce2   Built Jun 30 2026.,static_crystal_polymer,,
2NSL,diffdock,scored,0.61172,gnina v1.3.3 master:6fe1ce2   Built Jun 30 2026.,static_crystal_polymer,,
2NW4,equibind,scored,0.22921,gnina v1.3.3 master:6fe1ce2   Built Jun 30 2026.,static_crystal_polymer,,
2NW4,diffdock,scored,0.76421,gnina v1.3.3 master:6fe1ce2   Built Jun 30 2026.,static_crystal_polymer,,
2NT7,equibind,scored,0.01384,gnina v1.3.3 master:6fe1ce2   Built Jun 30 2026.,static_crystal_polymer,,
2NT7,diffdock,scored,0.62425,gnina v1.3.3 master:6fe1ce2   Built Jun 30 2026.,static_crystal_polymer,,
2NTA,equibind,scored,0.58979,gnina v1.3.3 master:6fe1ce2   Built Jun 30 2026.,static_crystal_polymer,,
2NTA,diffdock,scored,0.93517,gnina v1.3.3 master:6fe1ce2   Built Jun 30 2026.,static_crystal_polymer,,
2NV7,equibind,scored,0.00011,gnina v1.3.3 master:6fe1ce2   Built Jun 30 2026.,static_crystal_polymer,,
2NV7,diffdock,scored,0.68639,gnina v1.3.3 master:6fe1ce2   Built Jun 30 2026.,static_crystal_polymer,,
2MAS,equibind,scored,0.00165,gnina v1.3.3 master:6fe1ce2   Built Jun 30 2026.,static_crystal_polymer,,
2MAS,diffdock,scored,0.66307,gnina v1.3.3 master:6fe1ce2   Built Jun 30 2026.,static_crystal_polymer,,
2O2U,equibind,scored,0.34525,gnina v1.3.3 master:6fe1ce2   Built Jun 30 2026.,static_crystal_polymer,,
2O2U,diffdock,scored,0.95716,gnina v1.3.3 master:6fe1ce2   Built Jun 30 2026.,static_crystal_polymer,,
2NTF,equibind,scored,0.01971,gnina v1.3.3 master:6fe1ce2   Built Jun 30 2026.,static_crystal_polymer,,
2NTF,diffdock,scored,0.87546,gnina v1.3.3 master:6fe1ce2   Built Jun 30 2026.,static_crystal_polymer,,
2NWL,equibind,scored,0.37361,gnina v1.3.3 master:6fe1ce2   Built Jun 30 2026.,static_crystal_polymer,,
2NWL,diffdock,scored,0.32464,gnina v1.3.3 master:6fe1ce2   Built Jun 30 2026.,static_crystal_polymer,,
2O3P,equibind,scored,0.0975,gnina v1.3.3 master:6fe1ce2   Built Jun 30 2026.,static_crystal_polymer,,
2O3P,diffdock,scored,0.50158,gnina v1.3.3 master:6fe1ce2   Built Jun 30 2026.,static_crystal_polymer,,
2O1C,equibind,scored,0.55852,gnina v1.3.3 master:6fe1ce2   Built Jun 30 2026.,static_crystal_polymer,,
2O1C,diffdock,scored,0.56118,gnina v1.3.3 master:6fe1ce2   Built Jun 30 2026.,static_crystal_polymer,,
2O4J,equibind,scored,0.35144,gnina v1.3.3 master:6fe1ce2   Built Jun 30 2026.,static_crystal_polymer,,
2O4J,diffdock,scored,0.94986,gnina v1.3.3 master:6fe1ce2   Built Jun 30 2026.,static_crystal_polymer,,
2O3Z,equibind,scored,0.11321,gnina v1.3.3 master:6fe1ce2   Built Jun 30 2026.,static_crystal_polymer,,
2O3Z,diffdock,scored,0.51195,gnina v1.3.3 master:6fe1ce2   Built Jun 30 2026.,static_crystal_polymer,,
2O4Z,equibind,scored,0.6502,gnina v1.3.3 master:6fe1ce2   Built Jun 30 2026.,static_crystal_polymer,,
2O4Z,diffdock,scored,0.7713,gnina v1.3.3 master:6fe1ce2   Built Jun 30 2026.,static_crystal_polymer,,
2NWW,equibind,scored,0.11052,gnina v1.3.3 master:6fe1ce2   Built Jun 30 2026.,static_crystal_polymer,,
2NWW,diffdock,scored,0.53622,gnina v1.3.3 master:6fe1ce2   Built Jun 30 2026.,static_crystal_polymer,,
2O4R,equibind,scored,0.53255,gnina v1.3.3 master:6fe1ce2   Built Jun 30 2026.,static_crystal_polymer,,
2O4R,diffdock,scored,0.63139,gnina v1.3.3 master:6fe1ce2   Built Jun 30 2026.,static_crystal_polymer,,
2O1V,equibind,scored,0.01646,gnina v1.3.3 master:6fe1ce2   Built Jun 30 2026.,static_crystal_polymer,,
2O1V,diffdock,scored,0.67244,gnina v1.3.3 master:6fe1ce2   Built Jun 30 2026.,static_crystal_polymer,,
2O4H,equibind,scored,0.00638,gnina v1.3.3 master:6fe1ce2   Built Jun 30 2026.,static_crystal_polymer,,
2O4H,diffdock,scored,0.31885,gnina v1.3.3 master:6fe1ce2   Built Jun 30 2026.,static_crystal_polymer,,
2O4S,equibind,scored,0.1846,gnina v1.3.3 master:6fe1ce2   Built Jun 30 2026.,static_crystal_polymer,,
2O4S,diffdock,scored,0.50566,gnina v1.3.3 master:6fe1ce2   Built Jun 30 2026.,static_crystal_polymer,,
2O63,equibind,scored,0.174,gnina v1.3.3 master:6fe1ce2   Built Jun 30 2026.,static_crystal_polymer,,
2O63,diffdock,scored,0.59905,gnina v1.3.3 master:6fe1ce2   Built Jun 30 2026.,static_crystal_polymer,,
2O65,equibind,scored,0.60472,gnina v1.3.3 master:6fe1ce2   Built Jun 30 2026.,static_crystal_polymer,,
2O65,diffdock,scored,0.6765,gnina v1.3.3 master:6fe1ce2   Built Jun 30 2026.,static_crystal_polymer,,
2O9A,equibind,scored,0.35766,gnina v1.3.3 master:6fe1ce2   Built Jun 30 2026.,static_crystal_polymer,,
2O9A,diffdock,scored,0.80272,gnina v1.3.3 master:6fe1ce2   Built Jun 30 2026.,static_crystal_polymer,,
2OBF,equibind,scored,0.0,gnina v1.3.3 master:6fe1ce2   Built Jun 30 2026.,static_crystal_polymer,,
2OBF,diffdock,scored,0.87309,gnina v1.3.3 master:6fe1ce2   Built Jun 30 2026.,static_crystal_polymer,,
2OC0,equibind,scored,0.00422,gnina v1.3.3 master:6fe1ce2   Built Jun 30 2026.,static_crystal_polymer,,
2OC0,diffdock,scored,0.27523,gnina v1.3.3 master:6fe1ce2   Built Jun 30 2026.,static_crystal_polymer,,
2NSX,equibind,scored,0.41774,gnina v1.3.3 master:6fe1ce2   Built Jun 30 2026.,static_crystal_polymer,,
2NSX,diffdock,scored,0.75029,gnina v1.3.3 master:6fe1ce2   Built Jun 30 2026.,static_crystal_polymer,,
2OA0,equibind,scored,0.56711,gnina v1.3.3 master:6fe1ce2   Built Jun 30 2026.,static_crystal_polymer,,
2OA0,diffdock,scored,0.6727,gnina v1.3.3 master:6fe1ce2   Built Jun 30 2026.,static_crystal_polymer,,
2O9J,equibind,scored,0.27938,gnina v1.3.3 master:6fe1ce2   Built Jun 30 2026.,static_crystal_polymer,,
2O9J,diffdock,scored,0.57857,gnina v1.3.3 master:6fe1ce2   Built Jun 30 2026.,static_crystal_polymer,,
2OBO,equibind,scored,0.01514,gnina v1.3.3 master:6fe1ce2   Built Jun 30 2026.,static_crystal_polymer,,
2OBO,diffdock,scored,0.57749,gnina v1.3.3 master:6fe1ce2   Built Jun 30 2026.,static_crystal_polymer,,
2OC1,equibind,scored,0.0006,gnina v1.3.3 master:6fe1ce2   Built Jun 30 2026.,static_crystal_polymer,,
2OC1,diffdock,scored,0.11932,gnina v1.3.3 master:6fe1ce2   Built Jun 30 2026.,static_crystal_polymer,,
2OC4,equibind,scored,0.57213,gnina v1.3.3 master:6fe1ce2   Built Jun 30 2026.,static_crystal_polymer,,
2OC4,diffdock,scored,0.8304,gnina v1.3.3 master:6fe1ce2   Built Jun 30 2026.,static_crystal_polymer,,
2LKO,equibind,scored,0.0,gnina v1.3.3 master:6fe1ce2   Built Jun 30 2026.,static_crystal_polymer,,
2LKO,diffdock,scored,0.12736,gnina v1.3.3 master:6fe1ce2   Built Jun 30 2026.,static_crystal_polymer,,
2OC9,equibind,scored,0.45403,gnina v1.3.3 master:6fe1ce2   Built Jun 30 2026.,static_crystal_polymer,,
2OC9,diffdock,scored,0.93593,gnina v1.3.3 master:6fe1ce2   Built Jun 30 2026.,static_crystal_polymer,,
2OF2,equibind,scored,0.348,gnina v1.3.3 master:6fe1ce2   Built Jun 30 2026.,static_crystal_polymer,,
2OF2,diffdock,scored,0.50293,gnina v1.3.3 master:6fe1ce2   Built Jun 30 2026.,static_crystal_polymer,,
2OC7,equibind,scored,0.00283,gnina v1.3.3 master:6fe1ce2   Built Jun 30 2026.,static_crystal_polymer,,
2OC7,diffdock,scored,0.59897,gnina v1.3.3 master:6fe1ce2   Built Jun 30 2026.,static_crystal_polymer,,
2OHM,equibind,scored,0.40334,gnina v1.3.3 master:6fe1ce2   Built Jun 30 2026.,static_crystal_polymer,,
2OHM,diffdock,scored,0.52191,gnina v1.3.3 master:6fe1ce2   Built Jun 30 2026.,static_crystal_polymer,,
2OHK,equibind,scored,0.62193,gnina v1.3.3 master:6fe1ce2   Built Jun 30 2026.,static_crystal_polymer,,
2OHK,diffdock,scored,0.81346,gnina v1.3.3 master:6fe1ce2   Built Jun 30 2026.,static_crystal_polymer,,
2OGY,equibind,scored,0.00016,gnina v1.3.3 master:6fe1ce2   Built Jun 30 2026.,static_crystal_polymer,,
2OGY,diffdock,scored,0.65292,gnina v1.3.3 master:6fe1ce2   Built Jun 30 2026.,static_crystal_polymer,,
2OAX,equibind,scored,0.04908,gnina v1.3.3 master:6fe1ce2   Built Jun 30 2026.,static_crystal_polymer,,
2OAX,diffdock,scored,0.83163,gnina v1.3.3 master:6fe1ce2   Built Jun 30 2026.,static_crystal_polymer,,
2OHP,equibind,scored,0.00127,gnina v1.3.3 master:6fe1ce2   Built Jun 30 2026.,static_crystal_polymer,,
2OHP,diffdock,scored,0.24231,gnina v1.3.3 master:6fe1ce2   Built Jun 30 2026.,static_crystal_polymer,,
2OFF,equibind,scored,0.00269,gnina v1.3.3 master:6fe1ce2   Built Jun 30 2026.,static_crystal_polymer,,
2OFF,diffdock,scored,0.10941,gnina v1.3.3 master:6fe1ce2   Built Jun 30 2026.,static_crystal_polymer,,
2OHQ,equibind,scored,0.13358,gnina v1.3.3 master:6fe1ce2   Built Jun 30 2026.,static_crystal_polymer,,
2OHQ,diffdock,scored,0.17648,gnina v1.3.3 master:6fe1ce2   Built Jun 30 2026.,static_crystal_polymer,,
2OHT,equibind,scored,0.40662,gnina v1.3.3 master:6fe1ce2   Built Jun 30 2026.,static_crystal_polymer,,
2OHT,diffdock,scored,0.72787,gnina v1.3.3 master:6fe1ce2   Built Jun 30 2026.,static_crystal_polymer,,
2OHV,equibind,scored,0.25982,gnina v1.3.3 master:6fe1ce2   Built Jun 30 2026.,static_crystal_polymer,,
2OHV,diffdock,scored,0.43884,gnina v1.3.3 master:6fe1ce2   Built Jun 30 2026.,static_crystal_polymer,,
2OHU,equibind,scored,0.03393,gnina v1.3.3 master:6fe1ce2   Built Jun 30 2026.,static_crystal_polymer,,
2OHU,diffdock,scored,0.44539,gnina v1.3.3 master:6fe1ce2   Built Jun 30 2026.,static_crystal_polymer,,
2OI0,equibind,scored,0.6667,gnina v1.3.3 master:6fe1ce2   Built Jun 30 2026.,static_crystal_polymer,,
2OI0,diffdock,scored,0.29049,gnina v1.3.3 master:6fe1ce2   Built Jun 30 2026.,static_crystal_polymer,,
2OI2,equibind,scored,0.13864,gnina v1.3.3 master:6fe1ce2   Built Jun 30 2026.,static_crystal_polymer,,
2OI2,diffdock,scored,0.5915,gnina v1.3.3 master:6fe1ce2   Built Jun 30 2026.,static_crystal_polymer,,
2OJ9,equibind,scored,0.30107,gnina v1.3.3 master:6fe1ce2   Built Jun 30 2026.,static_crystal_polymer,,
2OJ9,diffdock,scored,0.78235,gnina v1.3.3 master:6fe1ce2   Built Jun 30 2026.,static_crystal_polymer,,
2NP9,equibind,scored,5e-05,gnina v1.3.3 master:6fe1ce2   Built Jun 30 2026.,static_crystal_polymer,,
2NP9,diffdock,scored,0.24637,gnina v1.3.3 master:6fe1ce2   Built Jun 30 2026.,static_crystal_polymer,,
2OJG,equibind,scored,0.22532,gnina v1.3.3 master:6fe1ce2   Built Jun 30 2026.,static_crystal_polymer,,
2OJG,diffdock,scored,0.99127,gnina v1.3.3 master:6fe1ce2   Built Jun 30 2026.,static_crystal_polymer,,
2OJI,equibind,scored,0.33955,gnina v1.3.3 master:6fe1ce2   Built Jun 30 2026.,static_crystal_polymer,,
2OJI,diffdock,scored,0.76169,gnina v1.3.3 master:6fe1ce2   Built Jun 30 2026.,static_crystal_polymer,,
2OJJ,equibind,scored,0.4957,gnina v1.3.3 master:6fe1ce2   Built Jun 30 2026.,static_crystal_polymer,,
2OJJ,diffdock,scored,0.9127,gnina v1.3.3 master:6fe1ce2   Built Jun 30 2026.,static_crystal_polymer,,
2OIQ,equibind,scored,0.00121,gnina v1.3.3 master:6fe1ce2   Built Jun 30 2026.,static_crystal_polymer,,
2OIQ,diffdock,scored,0.49397,gnina v1.3.3 master:6fe1ce2   Built Jun 30 2026.,static_crystal_polymer,,
2ON6,equibind,scored,0.59651,gnina v1.3.3 master:6fe1ce2   Built Jun 30 2026.,static_crystal_polymer,,
2ON6,diffdock,scored,0.61367,gnina v1.3.3 master:6fe1ce2   Built Jun 30 2026.,static_crystal_polymer,,
2ONB,equibind,scored,0.28404,gnina v1.3.3 master:6fe1ce2   Built Jun 30 2026.,static_crystal_polymer,,
2ONB,diffdock,scored,0.82338,gnina v1.3.3 master:6fe1ce2   Built Jun 30 2026.,static_crystal_polymer,,
2OOZ,equibind,scored,0.46576,gnina v1.3.3 master:6fe1ce2   Built Jun 30 2026.,static_crystal_polymer,,
2OOZ,diffdock,scored,0.8282,gnina v1.3.3 master:6fe1ce2   Built Jun 30 2026.,static_crystal_polymer,,
2ON3,equibind,scored,0.05709,gnina v1.3.3 master:6fe1ce2   Built Jun 30 2026.,static_crystal_polymer,,
2ON3,diffdock,scored,0.24236,gnina v1.3.3 master:6fe1ce2   Built Jun 30 2026.,static_crystal_polymer,,
2OP3,equibind,scored,0.21668,gnina v1.3.3 master:6fe1ce2   Built Jun 30 2026.,static_crystal_polymer,,
2OP3,diffdock,scored,0.40033,gnina v1.3.3 master:6fe1ce2   Built Jun 30 2026.,static_crystal_polymer,,
2OPB,equibind,scored,0.00011,gnina v1.3.3 master:6fe1ce2   Built Jun 30 2026.,static_crystal_polymer,,
2OPB,diffdock,scored,0.65898,gnina v1.3.3 master:6fe1ce2   Built Jun 30 2026.,static_crystal_polymer,,
2OP9,equibind,scored,0.00368,gnina v1.3.3 master:6fe1ce2   Built Jun 30 2026.,static_crystal_polymer,,
2OP9,diffdock,scored,0.37129,gnina v1.3.3 master:6fe1ce2   Built Jun 30 2026.,static_crystal_polymer,,
2OQ6,equibind,scored,0.11397,gnina v1.3.3 master:6fe1ce2   Built Jun 30 2026.,static_crystal_polymer,,
2OQ6,diffdock,scored,0.49712,gnina v1.3.3 master:6fe1ce2   Built Jun 30 2026.,static_crystal_polymer,,
2ORK,equibind,scored,0.86236,gnina v1.3.3 master:6fe1ce2   Built Jun 30 2026.,static_crystal_polymer,,
2ORK,diffdock,scored,0.62105,gnina v1.3.3 master:6fe1ce2   Built Jun 30 2026.,static_crystal_polymer,,
2OSM,equibind,scored,0.67745,gnina v1.3.3 master:6fe1ce2   Built Jun 30 2026.,static_crystal_polymer,,
2OSM,diffdock,scored,0.91667,gnina v1.3.3 master:6fe1ce2   Built Jun 30 2026.,static_crystal_polymer,,
2OS9,equibind,scored,0.94094,gnina v1.3.3 master:6fe1ce2   Built Jun 30 2026.,static_crystal_polymer,,
2OS9,diffdock,scored,0.877,gnina v1.3.3 master:6fe1ce2   Built Jun 30 2026.,static_crystal_polymer,,
2OLE,equibind,scored,0.1835,gnina v1.3.3 master:6fe1ce2   Built Jun 30 2026.,static_crystal_polymer,,
2OLE,diffdock,scored,0.34968,gnina v1.3.3 master:6fe1ce2   Built Jun 30 2026.,static_crystal_polymer,,
2OR4,equibind,scored,0.10216,gnina v1.3.3 master:6fe1ce2   Built Jun 30 2026.,static_crystal_polymer,,
2OR4,diffdock,scored,0.79461,gnina v1.3.3 master:6fe1ce2   Built Jun 30 2026.,static_crystal_polymer,,
2OVV,equibind,scored,0.10301,gnina v1.3.3 master:6fe1ce2   Built Jun 30 2026.,static_crystal_polymer,,
2OVV,diffdock,scored,0.85002,gnina v1.3.3 master:6fe1ce2   Built Jun 30 2026.,static_crystal_polymer,,
2OV4,equibind,scored,0.00942,gnina v1.3.3 master:6fe1ce2   Built Jun 30 2026.,static_crystal_polymer,,
2OV4,diffdock,scored,0.03921,gnina v1.3.3 master:6fe1ce2   Built Jun 30 2026.,static_crystal_polymer,,
2OVY,equibind,scored,0.13942,gnina v1.3.3 master:6fe1ce2   Built Jun 30 2026.,static_crystal_polymer,,
2OVY,diffdock,scored,0.55908,gnina v1.3.3 master:6fe1ce2   Built Jun 30 2026.,static_crystal_polymer,,
2OW2,equibind,scored,0.00023,gnina v1.3.3 master:6fe1ce2   Built Jun 30 2026.,static_crystal_polymer,,
2OW2,diffdock,scored,0.64866,gnina v1.3.3 master:6fe1ce2   Built Jun 30 2026.,static_crystal_polymer,,
2OPH,equibind,scored,0.0018,gnina v1.3.3 master:6fe1ce2   Built Jun 30 2026.,static_crystal_polymer,,
2OPH,diffdock,scored,0.96307,gnina v1.3.3 master:6fe1ce2   Built Jun 30 2026.,static_crystal_polymer,,
2OW9,equibind,scored,1e-05,gnina v1.3.3 master:6fe1ce2   Built Jun 30 2026.,static_crystal_polymer,,
2OW9,diffdock,scored,0.92311,gnina v1.3.3 master:6fe1ce2   Built Jun 30 2026.,static_crystal_polymer,,
2OXD,equibind,scored,0.49951,gnina v1.3.3 master:6fe1ce2   Built Jun 30 2026.,static_crystal_polymer,,
2OXD,diffdock,scored,0.25084,gnina v1.3.3 master:6fe1ce2   Built Jun 30 2026.,static_crystal_polymer,,
2OXN,equibind,scored,0.3602,gnina v1.3.3 master:6fe1ce2   Built Jun 30 2026.,static_crystal_polymer,,
2OXN,diffdock,scored,0.69984,gnina v1.3.3 master:6fe1ce2   Built Jun 30 2026.,static_crystal_polymer,,
2OXX,equibind,scored,0.33208,gnina v1.3.3 master:6fe1ce2   Built Jun 30 2026.,static_crystal_polymer,,
2OXX,diffdock,scored,0.31336,gnina v1.3.3 master:6fe1ce2   Built Jun 30 2026.,static_crystal_polymer,,
2OW6,equibind,scored,0.07527,gnina v1.3.3 master:6fe1ce2   Built Jun 30 2026.,static_crystal_polymer,,
2OW6,diffdock,scored,0.8001,gnina v1.3.3 master:6fe1ce2   Built Jun 30 2026.,static_crystal_polymer,,
2OW7,equibind,scored,0.07489,gnina v1.3.3 master:6fe1ce2   Built Jun 30 2026.,static_crystal_polymer,,
2OW7,diffdock,scored,0.77877,gnina v1.3.3 master:6fe1ce2   Built Jun 30 2026.,static_crystal_polymer,,
2OXY,equibind,scored,0.0066,gnina v1.3.3 master:6fe1ce2   Built Jun 30 2026.,static_crystal_polymer,,
2OXY,diffdock,scored,0.71868,gnina v1.3.3 master:6fe1ce2   Built Jun 30 2026.,static_crystal_polymer,,
2OT1,equibind,scored,0.04828,gnina v1.3.3 master:6fe1ce2   Built Jun 30 2026.,static_crystal_polymer,,
2OT1,diffdock,scored,0.61854,gnina v1.3.3 master:6fe1ce2   Built Jun 30 2026.,static_crystal_polymer,,
2P09,equibind,scored,0.00142,gnina v1.3.3 master:6fe1ce2   Built Jun 30 2026.,static_crystal_polymer,,
2P09,diffdock,scored,0.48594,gnina v1.3.3 master:6fe1ce2   Built Jun 30 2026.,static_crystal_polymer,,
2OZ7,equibind,scored,0.30147,gnina v1.3.3 master:6fe1ce2   Built Jun 30 2026.,static_crystal_polymer,,
2OZ7,diffdock,scored,0.70918,gnina v1.3.3 master:6fe1ce2   Built Jun 30 2026.,static_crystal_polymer,,
2OYK,equibind,scored,0.0,gnina v1.3.3 master:6fe1ce2   Built Jun 30 2026.,static_crystal_polymer,,
2OYK,diffdock,scored,0.1652,gnina v1.3.3 master:6fe1ce2   Built Jun 30 2026.,static_crystal_polymer,,
2P0D,equibind,scored,0.01443,gnina v1.3.3 master:6fe1ce2   Built Jun 30 2026.,static_crystal_polymer,,
2P0D,diffdock,scored,0.15563,gnina v1.3.3 master:6fe1ce2   Built Jun 30 2026.,static_crystal_polymer,,
2OYL,equibind,scored,0.00979,gnina v1.3.3 master:6fe1ce2   Built Jun 30 2026.,static_crystal_polymer,,
2OYL,diffdock,scored,0.50058,gnina v1.3.3 master:6fe1ce2   Built Jun 30 2026.,static_crystal_polymer,,
2OZ2,equibind,scored,0.017,gnina v1.3.3 master:6fe1ce2   Built Jun 30 2026.,static_crystal_polymer,,
2OZ2,diffdock,scored,0.34734,gnina v1.3.3 master:6fe1ce2   Built Jun 30 2026.,static_crystal_polymer,,
2P3G,equibind,scored,0.16846,gnina v1.3.3 master:6fe1ce2   Built Jun 30 2026.,static_crystal_polymer,,
2P3G,diffdock,scored,0.19622,gnina v1.3.3 master:6fe1ce2   Built Jun 30 2026.,static_crystal_polymer,,
2P15,equibind,scored,1e-05,gnina v1.3.3 master:6fe1ce2   Built Jun 30 2026.,static_crystal_polymer,,
2P15,diffdock,scored,0.77299,gnina v1.3.3 master:6fe1ce2   Built Jun 30 2026.,static_crystal_polymer,,
2P3I,equibind,scored,0.00017,gnina v1.3.3 master:6fe1ce2   Built Jun 30 2026.,static_crystal_polymer,,
2P3I,diffdock,scored,0.89211,gnina v1.3.3 master:6fe1ce2   Built Jun 30 2026.,static_crystal_polymer,,
2P2A,equibind,scored,7e-05,gnina v1.3.3 master:6fe1ce2   Built Jun 30 2026.,static_crystal_polymer,,
2P2A,diffdock,scored,0.77723,gnina v1.3.3 master:6fe1ce2   Built Jun 30 2026.,static_crystal_polymer,,
2P4Y,equibind,scored,0.0,gnina v1.3.3 master:6fe1ce2   Built Jun 30 2026.,static_crystal_polymer,,
2P4Y,diffdock,scored,0.696,gnina v1.3.3 master:6fe1ce2   Built Jun 30 2026.,static_crystal_polymer,,
2P7A,equibind,scored,0.52355,gnina v1.3.3 master:6fe1ce2   Built Jun 30 2026.,static_crystal_polymer,,
2P7A,diffdock,scored,0.79062,gnina v1.3.3 master:6fe1ce2   Built Jun 30 2026.,static_crystal_polymer,,
2P3A,equibind,scored,1e-05,gnina v1.3.3 master:6fe1ce2   Built Jun 30 2026.,static_crystal_polymer,,
2P3A,diffdock,scored,0.29291,gnina v1.3.3 master:6fe1ce2   Built Jun 30 2026.,static_crystal_polymer,,
2P4S,equibind,scored,0.02347,gnina v1.3.3 master:6fe1ce2   Built Jun 30 2026.,static_crystal_polymer,,
2P4S,diffdock,scored,0.78079,gnina v1.3.3 master:6fe1ce2   Built Jun 30 2026.,static_crystal_polymer,,
2OQI,equibind,scored,0.69961,gnina v1.3.3 master:6fe1ce2   Built Jun 30 2026.,static_crystal_polymer,,
2OQI,diffdock,scored,0.38196,gnina v1.3.3 master:6fe1ce2   Built Jun 30 2026.,static_crystal_polymer,,
2P3C,equibind,scored,0.00022,gnina v1.3.3 master:6fe1ce2   Built Jun 30 2026.,static_crystal_polymer,,
2P3C,diffdock,scored,0.06219,gnina v1.3.3 master:6fe1ce2   Built Jun 30 2026.,static_crystal_polymer,,
2P7G,equibind,scored,0.21198,gnina v1.3.3 master:6fe1ce2   Built Jun 30 2026.,static_crystal_polymer,,
2P7G,diffdock,scored,0.93027,gnina v1.3.3 master:6fe1ce2   Built Jun 30 2026.,static_crystal_polymer,,
2P93,equibind,scored,0.09627,gnina v1.3.3 master:6fe1ce2   Built Jun 30 2026.,static_crystal_polymer,,
2P93,diffdock,scored,0.67217,gnina v1.3.3 master:6fe1ce2   Built Jun 30 2026.,static_crystal_polymer,,
2P94,equibind,scored,0.69657,gnina v1.3.3 master:6fe1ce2   Built Jun 30 2026.,static_crystal_polymer,,
2P94,diffdock,scored,0.6865,gnina v1.3.3 master:6fe1ce2   Built Jun 30 2026.,static_crystal_polymer,,
2P99,equibind,scored,0.53238,gnina v1.3.3 master:6fe1ce2   Built Jun 30 2026.,static_crystal_polymer,,
2P99,diffdock,scored,0.38461,gnina v1.3.3 master:6fe1ce2   Built Jun 30 2026.,static_crystal_polymer,,
2P53,equibind,scored,0.0007,gnina v1.3.3 master:6fe1ce2   Built Jun 30 2026.,static_crystal_polymer,,
2P53,diffdock,scored,0.34669,gnina v1.3.3 master:6fe1ce2   Built Jun 30 2026.,static_crystal_polymer,,
2P9A,equibind,scored,0.74722,gnina v1.3.3 master:6fe1ce2   Built Jun 30 2026.,static_crystal_polymer,,
2P9A,diffdock,scored,0.82772,gnina v1.3.3 master:6fe1ce2   Built Jun 30 2026.,static_crystal_polymer,,
2PAX,equibind,scored,0.13458,gnina v1.3.3 master:6fe1ce2   Built Jun 30 2026.,static_crystal_polymer,,
2PAX,diffdock,scored,0.9887,gnina v1.3.3 master:6fe1ce2   Built Jun 30 2026.,static_crystal_polymer,,
2PH6,equibind,scored,0.01406,gnina v1.3.3 master:6fe1ce2   Built Jun 30 2026.,static_crystal_polymer,,
2PH6,diffdock,scored,0.86201,gnina v1.3.3 master:6fe1ce2   Built Jun 30 2026.,static_crystal_polymer,,
2P1C,equibind,scored,0.00488,gnina v1.3.3 master:6fe1ce2   Built Jun 30 2026.,static_crystal_polymer,,
2P1C,diffdock,scored,0.87799,gnina v1.3.3 master:6fe1ce2   Built Jun 30 2026.,static_crystal_polymer,,
2PBW,equibind,scored,0.0001,gnina v1.3.3 master:6fe1ce2   Built Jun 30 2026.,static_crystal_polymer,,
2PBW,diffdock,scored,0.70602,gnina v1.3.3 master:6fe1ce2   Built Jun 30 2026.,static_crystal_polymer,,
2PH8,equibind,scored,0.35027,gnina v1.3.3 master:6fe1ce2   Built Jun 30 2026.,static_crystal_polymer,,
2PH8,diffdock,scored,0.55258,gnina v1.3.3 master:6fe1ce2   Built Jun 30 2026.,static_crystal_polymer,,
2PHB,equibind,scored,0.11564,gnina v1.3.3 master:6fe1ce2   Built Jun 30 2026.,static_crystal_polymer,,
2PHB,diffdock,scored,0.99015,gnina v1.3.3 master:6fe1ce2   Built Jun 30 2026.,static_crystal_polymer,,
2PH9,equibind,scored,0.47544,gnina v1.3.3 master:6fe1ce2   Built Jun 30 2026.,static_crystal_polymer,,
2PH9,diffdock,scored,0.55227,gnina v1.3.3 master:6fe1ce2   Built Jun 30 2026.,static_crystal_polymer,,
2PFY,equibind,scored,0.25516,gnina v1.3.3 master:6fe1ce2   Built Jun 30 2026.,static_crystal_polymer,,
2PFY,diffdock,scored,0.96479,gnina v1.3.3 master:6fe1ce2   Built Jun 30 2026.,static_crystal_polymer,,
2P4J,equibind,scored,0.00845,gnina v1.3.3 master:6fe1ce2   Built Jun 30 2026.,static_crystal_polymer,,
2P4J,diffdock,scored,0.75163,gnina v1.3.3 master:6fe1ce2   Built Jun 30 2026.,static_crystal_polymer,,
2PIY,equibind,scored,0.00011,gnina v1.3.3 master:6fe1ce2   Built Jun 30 2026.,static_crystal_polymer,,
2PIY,diffdock,scored,0.46163,gnina v1.3.3 master:6fe1ce2   Built Jun 30 2026.,static_crystal_polymer,,
2PIZ,equibind,scored,3e-05,gnina v1.3.3 master:6fe1ce2   Built Jun 30 2026.,static_crystal_polymer,,
2PIZ,diffdock,scored,0.63018,gnina v1.3.3 master:6fe1ce2   Built Jun 30 2026.,static_crystal_polymer,,
2PJ0,equibind,scored,0.00109,gnina v1.3.3 master:6fe1ce2   Built Jun 30 2026.,static_crystal_polymer,,
2PJ0,diffdock,scored,0.77921,gnina v1.3.3 master:6fe1ce2   Built Jun 30 2026.,static_crystal_polymer,,
2PJ1,equibind,scored,0.00011,gnina v1.3.3 master:6fe1ce2   Built Jun 30 2026.,static_crystal_polymer,,
2PJ1,diffdock,scored,0.69725,gnina v1.3.3 master:6fe1ce2   Built Jun 30 2026.,static_crystal_polymer,,
2PJ2,equibind,scored,0.00233,gnina v1.3.3 master:6fe1ce2   Built Jun 30 2026.,static_crystal_polymer,,
2PJ2,diffdock,scored,0.76043,gnina v1.3.3 master:6fe1ce2   Built Jun 30 2026.,static_crystal_polymer,,
2PJ6,equibind,scored,0.00642,gnina v1.3.3 master:6fe1ce2   Built Jun 30 2026.,static_crystal_polymer,,
2PJ6,diffdock,scored,0.72886,gnina v1.3.3 master:6fe1ce2   Built Jun 30 2026.,static_crystal_polymer,,
2PJ4,equibind,scored,0.00099,gnina v1.3.3 master:6fe1ce2   Built Jun 30 2026.,static_crystal_polymer,,
2PJ4,diffdock,scored,0.70121,gnina v1.3.3 master:6fe1ce2   Built Jun 30 2026.,static_crystal_polymer,,
2PJ9,equibind,scored,0.0407,gnina v1.3.3 master:6fe1ce2   Built Jun 30 2026.,static_crystal_polymer,,
2PJ9,diffdock,scored,0.44049,gnina v1.3.3 master:6fe1ce2   Built Jun 30 2026.,static_crystal_polymer,,
2PJL,equibind,scored,0.00492,gnina v1.3.3 master:6fe1ce2   Built Jun 30 2026.,static_crystal_polymer,,
2PJL,diffdock,scored,0.90344,gnina v1.3.3 master:6fe1ce2   Built Jun 30 2026.,static_crystal_polymer,,
2PJ3,equibind,scored,0.05883,gnina v1.3.3 master:6fe1ce2   Built Jun 30 2026.,static_crystal_polymer,,
2PJ3,diffdock,scored,0.80905,gnina v1.3.3 master:6fe1ce2   Built Jun 30 2026.,static_crystal_polymer,,
2POQ,equibind,scored,0.02231,gnina v1.3.3 master:6fe1ce2   Built Jun 30 2026.,static_crystal_polymer,,
2POQ,diffdock,scored,0.75704,gnina v1.3.3 master:6fe1ce2   Built Jun 30 2026.,static_crystal_polymer,,
2POU,equibind,scored,0.90925,gnina v1.3.3 master:6fe1ce2   Built Jun 30 2026.,static_crystal_polymer,,
2POU,diffdock,scored,0.93365,gnina v1.3.3 master:6fe1ce2   Built Jun 30 2026.,static_crystal_polymer,,
2PJ5,equibind,scored,0.00032,gnina v1.3.3 master:6fe1ce2   Built Jun 30 2026.,static_crystal_polymer,,
2PJ5,diffdock,scored,0.63117,gnina v1.3.3 master:6fe1ce2   Built Jun 30 2026.,static_crystal_polymer,,
2PMK,equibind,scored,0.00098,gnina v1.3.3 master:6fe1ce2   Built Jun 30 2026.,static_crystal_polymer,,
2PMK,diffdock,scored,0.04243,gnina v1.3.3 master:6fe1ce2   Built Jun 30 2026.,static_crystal_polymer,,
2PJ7,equibind,scored,0.00342,gnina v1.3.3 master:6fe1ce2   Built Jun 30 2026.,static_crystal_polymer,,
2PJ7,diffdock,scored,0.54707,gnina v1.3.3 master:6fe1ce2   Built Jun 30 2026.,static_crystal_polymer,,
2PJ8,equibind,scored,0.00017,gnina v1.3.3 master:6fe1ce2   Built Jun 30 2026.,static_crystal_polymer,,
2PJ8,diffdock,scored,0.27763,gnina v1.3.3 master:6fe1ce2   Built Jun 30 2026.,static_crystal_polymer,,
2PJA,equibind,scored,0.00027,gnina v1.3.3 master:6fe1ce2   Built Jun 30 2026.,static_crystal_polymer,,
2PJA,diffdock,scored,0.42303,gnina v1.3.3 master:6fe1ce2   Built Jun 30 2026.,static_crystal_polymer,,
2PQC,equibind,scored,0.04754,gnina v1.3.3 master:6fe1ce2   Built Jun 30 2026.,static_crystal_polymer,,
2PQC,diffdock,scored,0.46049,gnina v1.3.3 master:6fe1ce2   Built Jun 30 2026.,static_crystal_polymer,,
2PQ9,equibind,scored,0.0049,gnina v1.3.3 master:6fe1ce2   Built Jun 30 2026.,static_crystal_polymer,,
2PQ9,diffdock,scored,0.66595,gnina v1.3.3 master:6fe1ce2   Built Jun 30 2026.,static_crystal_polymer,,
2PQL,equibind,scored,0.31807,gnina v1.3.3 master:6fe1ce2   Built Jun 30 2026.,static_crystal_polymer,,
2PQL,diffdock,scored,0.98362,gnina v1.3.3 master:6fe1ce2   Built Jun 30 2026.,static_crystal_polymer,,
2PQJ,equibind,scored,0.01461,gnina v1.3.3 master:6fe1ce2   Built Jun 30 2026.,static_crystal_polymer,,
2PQJ,diffdock,scored,0.9327,gnina v1.3.3 master:6fe1ce2   Built Jun 30 2026.,static_crystal_polymer,,
2PQB,equibind,scored,0.00169,gnina v1.3.3 master:6fe1ce2   Built Jun 30 2026.,static_crystal_polymer,,
2PQB,diffdock,scored,0.76569,gnina v1.3.3 master:6fe1ce2   Built Jun 30 2026.,static_crystal_polymer,,
2PSV,equibind,scored,0.46253,gnina v1.3.3 master:6fe1ce2   Built Jun 30 2026.,static_crystal_polymer,,
2PSV,diffdock,scored,0.675,gnina v1.3.3 master:6fe1ce2   Built Jun 30 2026.,static_crystal_polymer,,
2PJC,equibind,scored,0.00173,gnina v1.3.3 master:6fe1ce2   Built Jun 30 2026.,static_crystal_polymer,,
2PJC,diffdock,scored,0.63176,gnina v1.3.3 master:6fe1ce2   Built Jun 30 2026.,static_crystal_polymer,,
2PTZ,equibind,scored,0.12493,gnina v1.3.3 master:6fe1ce2   Built Jun 30 2026.,static_crystal_polymer,,
2PTZ,diffdock,scored,0.76557,gnina v1.3.3 master:6fe1ce2   Built Jun 30 2026.,static_crystal_polymer,,
2PU1,equibind,scored,0.63743,gnina v1.3.3 master:6fe1ce2   Built Jun 30 2026.,static_crystal_polymer,,
2PU1,diffdock,scored,0.84494,gnina v1.3.3 master:6fe1ce2   Built Jun 30 2026.,static_crystal_polymer,,
2PU0,equibind,scored,0.46742,gnina v1.3.3 master:6fe1ce2   Built Jun 30 2026.,static_crystal_polymer,,
2PU0,diffdock,scored,0.73807,gnina v1.3.3 master:6fe1ce2   Built Jun 30 2026.,static_crystal_polymer,,
2PRI,equibind,scored,0.02322,gnina v1.3.3 master:6fe1ce2   Built Jun 30 2026.,static_crystal_polymer,,
2PRI,diffdock,scored,0.24648,gnina v1.3.3 master:6fe1ce2   Built Jun 30 2026.,static_crystal_polymer,,
2PRJ,equibind,scored,0.78149,gnina v1.3.3 master:6fe1ce2   Built Jun 30 2026.,static_crystal_polymer,,
2PRJ,diffdock,scored,0.90508,gnina v1.3.3 master:6fe1ce2   Built Jun 30 2026.,static_crystal_polymer,,
2PVH,equibind,scored,0.23798,gnina v1.3.3 master:6fe1ce2   Built Jun 30 2026.,static_crystal_polymer,,
2PVH,diffdock,scored,0.8742,gnina v1.3.3 master:6fe1ce2   Built Jun 30 2026.,static_crystal_polymer,,
2PVK,equibind,scored,0.50034,gnina v1.3.3 master:6fe1ce2   Built Jun 30 2026.,static_crystal_polymer,,
2PVK,diffdock,scored,0.71267,gnina v1.3.3 master:6fe1ce2   Built Jun 30 2026.,static_crystal_polymer,,
2PVJ,equibind,scored,0.26919,gnina v1.3.3 master:6fe1ce2   Built Jun 30 2026.,static_crystal_polymer,,
2PVJ,diffdock,scored,0.80706,gnina v1.3.3 master:6fe1ce2   Built Jun 30 2026.,static_crystal_polymer,,
2PVM,equibind,scored,0.46257,gnina v1.3.3 master:6fe1ce2   Built Jun 30 2026.,static_crystal_polymer,,
2PVM,diffdock,scored,0.89189,gnina v1.3.3 master:6fe1ce2   Built Jun 30 2026.,static_crystal_polymer,,
2PVN,equibind,scored,0.00539,gnina v1.3.3 master:6fe1ce2   Built Jun 30 2026.,static_crystal_polymer,,
2PVN,diffdock,scored,0.67299,gnina v1.3.3 master:6fe1ce2   Built Jun 30 2026.,static_crystal_polymer,,
2PVL,equibind,scored,0.30168,gnina v1.3.3 master:6fe1ce2   Built Jun 30 2026.,static_crystal_polymer,,
2PVL,diffdock,scored,0.81133,gnina v1.3.3 master:6fe1ce2   Built Jun 30 2026.,static_crystal_polymer,,
2PU2,equibind,scored,0.00011,gnina v1.3.3 master:6fe1ce2   Built Jun 30 2026.,static_crystal_polymer,,
2PU2,diffdock,scored,0.40102,gnina v1.3.3 master:6fe1ce2   Built Jun 30 2026.,static_crystal_polymer,,
2PVU,equibind,scored,0.00986,gnina v1.3.3 master:6fe1ce2   Built Jun 30 2026.,static_crystal_polymer,,
2PVU,diffdock,scored,0.39797,gnina v1.3.3 master:6fe1ce2   Built Jun 30 2026.,static_crystal_polymer,,
2PY4,equibind,scored,0.00067,gnina v1.3.3 master:6fe1ce2   Built Jun 30 2026.,static_crystal_polymer,,
2PY4,diffdock,scored,0.4207,gnina v1.3.3 master:6fe1ce2   Built Jun 30 2026.,static_crystal_polymer,,
2PYN,equibind,scored,0.0,gnina v1.3.3 master:6fe1ce2   Built Jun 30 2026.,static_crystal_polymer,,
2PYN,diffdock,scored,0.49711,gnina v1.3.3 master:6fe1ce2   Built Jun 30 2026.,static_crystal_polymer,,
2PVV,equibind,scored,0.04287,gnina v1.3.3 master:6fe1ce2   Built Jun 30 2026.,static_crystal_polymer,,
2PVV,diffdock,scored,0.57232,gnina v1.3.3 master:6fe1ce2   Built Jun 30 2026.,static_crystal_polymer,,
2PYI,equibind,scored,0.21126,gnina v1.3.3 master:6fe1ce2   Built Jun 30 2026.,static_crystal_polymer,,
2PYI,diffdock,scored,0.69615,gnina v1.3.3 master:6fe1ce2   Built Jun 30 2026.,static_crystal_polymer,,
2PZE,equibind,scored,0.00068,gnina v1.3.3 master:6fe1ce2   Built Jun 30 2026.,static_crystal_polymer,,
2PZE,diffdock,scored,0.88842,gnina v1.3.3 master:6fe1ce2   Built Jun 30 2026.,static_crystal_polymer,,
2PYY,equibind,scored,0.03586,gnina v1.3.3 master:6fe1ce2   Built Jun 30 2026.,static_crystal_polymer,,
2PYY,diffdock,scored,0.68526,gnina v1.3.3 master:6fe1ce2   Built Jun 30 2026.,static_crystal_polymer,,
2PWD,equibind,scored,0.00013,gnina v1.3.3 master:6fe1ce2   Built Jun 30 2026.,static_crystal_polymer,,
2PWD,diffdock,scored,0.5803,gnina v1.3.3 master:6fe1ce2   Built Jun 30 2026.,static_crystal_polymer,,
2PWG,equibind,scored,0.00037,gnina v1.3.3 master:6fe1ce2   Built Jun 30 2026.,static_crystal_polymer,,
2PWG,diffdock,scored,0.48752,gnina v1.3.3 master:6fe1ce2   Built Jun 30 2026.,static_crystal_polymer,,
2PWR,equibind,scored,0.03467,gnina v1.3.3 master:6fe1ce2   Built Jun 30 2026.,static_crystal_polymer,,
2PWR,diffdock,scored,0.08448,gnina v1.3.3 master:6fe1ce2   Built Jun 30 2026.,static_crystal_polymer,,
2PZI,equibind,scored,0.80157,gnina v1.3.3 master:6fe1ce2   Built Jun 30 2026.,static_crystal_polymer,,
2PZI,diffdock,scored,0.97213,gnina v1.3.3 master:6fe1ce2   Built Jun 30 2026.,static_crystal_polymer,,
2Q2C,equibind,scored,0.00023,gnina v1.3.3 master:6fe1ce2   Built Jun 30 2026.,static_crystal_polymer,,
2Q2C,diffdock,scored,0.45058,gnina v1.3.3 master:6fe1ce2   Built Jun 30 2026.,static_crystal_polymer,,
2Q38,equibind,scored,0.02734,gnina v1.3.3 master:6fe1ce2   Built Jun 30 2026.,static_crystal_polymer,,
2Q38,diffdock,scored,0.92414,gnina v1.3.3 master:6fe1ce2   Built Jun 30 2026.,static_crystal_polymer,,
2Q2Y,equibind,scored,0.00057,gnina v1.3.3 master:6fe1ce2   Built Jun 30 2026.,static_crystal_polymer,,
2Q2Y,diffdock,scored,0.09954,gnina v1.3.3 master:6fe1ce2   Built Jun 30 2026.,static_crystal_polymer,,
2Q2Z,equibind,scored,0.00051,gnina v1.3.3 master:6fe1ce2   Built Jun 30 2026.,static_crystal_polymer,,
2Q2Z,diffdock,scored,0.47473,gnina v1.3.3 master:6fe1ce2   Built Jun 30 2026.,static_crystal_polymer,,
2Q54,equibind,scored,0.39792,gnina v1.3.3 master:6fe1ce2   Built Jun 30 2026.,static_crystal_polymer,,
2Q54,diffdock,scored,0.53116,gnina v1.3.3 master:6fe1ce2   Built Jun 30 2026.,static_crystal_polymer,,
2Q5K,equibind,scored,0.0,gnina v1.3.3 master:6fe1ce2   Built Jun 30 2026.,static_crystal_polymer,,
2Q5K,diffdock,scored,0.60805,gnina v1.3.3 master:6fe1ce2   Built Jun 30 2026.,static_crystal_polymer,,
2Q2A,equibind,scored,0.40416,gnina v1.3.3 master:6fe1ce2   Built Jun 30 2026.,static_crystal_polymer,,
2Q2A,diffdock,scored,0.00101,gnina v1.3.3 master:6fe1ce2   Built Jun 30 2026.,static_crystal_polymer,,
2Q63,equibind,scored,0.00556,gnina v1.3.3 master:6fe1ce2   Built Jun 30 2026.,static_crystal_polymer,,
2Q63,diffdock,scored,0.82202,gnina v1.3.3 master:6fe1ce2   Built Jun 30 2026.,static_crystal_polymer,,
2Q64,equibind,scored,0.0,gnina v1.3.3 master:6fe1ce2   Built Jun 30 2026.,static_crystal_polymer,,
2Q64,diffdock,scored,0.76171,gnina v1.3.3 master:6fe1ce2   Built Jun 30 2026.,static_crystal_polymer,,
2Q7O,equibind,scored,0.02236,gnina v1.3.3 master:6fe1ce2   Built Jun 30 2026.,static_crystal_polymer,,
2Q7O,diffdock,scored,0.74742,gnina v1.3.3 master:6fe1ce2   Built Jun 30 2026.,static_crystal_polymer,,
2Q6H,equibind,scored,0.00023,gnina v1.3.3 master:6fe1ce2   Built Jun 30 2026.,static_crystal_polymer,,
2Q6H,diffdock,scored,0.12508,gnina v1.3.3 master:6fe1ce2   Built Jun 30 2026.,static_crystal_polymer,,
2Q88,equibind,scored,0.00056,gnina v1.3.3 master:6fe1ce2   Built Jun 30 2026.,static_crystal_polymer,,
2Q88,diffdock,scored,0.99226,gnina v1.3.3 master:6fe1ce2   Built Jun 30 2026.,static_crystal_polymer,,
2Q8H,equibind,scored,0.79617,gnina v1.3.3 master:6fe1ce2   Built Jun 30 2026.,static_crystal_polymer,,
2Q8H,diffdock,scored,0.41584,gnina v1.3.3 master:6fe1ce2   Built Jun 30 2026.,static_crystal_polymer,,
2Q89,equibind,scored,0.0001,gnina v1.3.3 master:6fe1ce2   Built Jun 30 2026.,static_crystal_polymer,,
2Q89,diffdock,scored,0.89272,gnina v1.3.3 master:6fe1ce2   Built Jun 30 2026.,static_crystal_polymer,,
2Q72,equibind,scored,0.1189,gnina v1.3.3 master:6fe1ce2   Built Jun 30 2026.,static_crystal_polymer,,
2Q72,diffdock,scored,0.72758,gnina v1.3.3 master:6fe1ce2   Built Jun 30 2026.,static_crystal_polymer,,
2Q7Y,equibind,scored,1e-05,gnina v1.3.3 master:6fe1ce2   Built Jun 30 2026.,static_crystal_polymer,,
2Q7Y,diffdock,scored,0.31874,gnina v1.3.3 master:6fe1ce2   Built Jun 30 2026.,static_crystal_polymer,,
2Q8I,equibind,scored,0.0093,gnina v1.3.3 master:6fe1ce2   Built Jun 30 2026.,static_crystal_polymer,,
2Q8I,diffdock,scored,0.50457,gnina v1.3.3 master:6fe1ce2   Built Jun 30 2026.,static_crystal_polymer,,
2Q93,equibind,scored,0.26096,gnina v1.3.3 master:6fe1ce2   Built Jun 30 2026.,static_crystal_polymer,,
2Q93,diffdock,scored,0.94531,gnina v1.3.3 master:6fe1ce2   Built Jun 30 2026.,static_crystal_polymer,,
2Q7Q,equibind,scored,0.00041,gnina v1.3.3 master:6fe1ce2   Built Jun 30 2026.,static_crystal_polymer,,
2Q7Q,diffdock,scored,0.72662,gnina v1.3.3 master:6fe1ce2   Built Jun 30 2026.,static_crystal_polymer,,
2Q94,equibind,scored,0.02654,gnina v1.3.3 master:6fe1ce2   Built Jun 30 2026.,static_crystal_polymer,,
2Q94,diffdock,scored,0.35282,gnina v1.3.3 master:6fe1ce2   Built Jun 30 2026.,static_crystal_polymer,,
2Q8S,equibind,scored,0.0,gnina v1.3.3 master:6fe1ce2   Built Jun 30 2026.,static_crystal_polymer,,
2Q8S,diffdock,scored,0.94827,gnina v1.3.3 master:6fe1ce2   Built Jun 30 2026.,static_crystal_polymer,,
2Q96,equibind,scored,0.23884,gnina v1.3.3 master:6fe1ce2   Built Jun 30 2026.,static_crystal_polymer,,
2Q96,diffdock,scored,0.34159,gnina v1.3.3 master:6fe1ce2   Built Jun 30 2026.,static_crystal_polymer,,
2Q9N,equibind,scored,0.203,gnina v1.3.3 master:6fe1ce2   Built Jun 30 2026.,static_crystal_polymer,,
2Q9N,diffdock,scored,0.25771,gnina v1.3.3 master:6fe1ce2   Built Jun 30 2026.,static_crystal_polymer,,
2Q8Z,equibind,scored,0.01877,gnina v1.3.3 master:6fe1ce2   Built Jun 30 2026.,static_crystal_polymer,,
2Q8Z,diffdock,scored,0.87403,gnina v1.3.3 master:6fe1ce2   Built Jun 30 2026.,static_crystal_polymer,,
2QBQ,equibind,scored,0.027,gnina v1.3.3 master:6fe1ce2   Built Jun 30 2026.,static_crystal_polymer,,
2QBQ,diffdock,scored,0.68722,gnina v1.3.3 master:6fe1ce2   Built Jun 30 2026.,static_crystal_polymer,,
2QBS,equibind,scored,0.51997,gnina v1.3.3 master:6fe1ce2   Built Jun 30 2026.,static_crystal_polymer,,
2QBS,diffdock,scored,0.93771,gnina v1.3.3 master:6fe1ce2   Built Jun 30 2026.,static_crystal_polymer,,
2QC6,equibind,scored,0.6272,gnina v1.3.3 master:6fe1ce2   Built Jun 30 2026.,static_crystal_polymer,,
2QC6,diffdock,scored,0.87487,gnina v1.3.3 master:6fe1ce2   Built Jun 30 2026.,static_crystal_polymer,,
2Q9Y,equibind,scored,0.11331,gnina v1.3.3 master:6fe1ce2   Built Jun 30 2026.,static_crystal_polymer,,
2Q9Y,diffdock,scored,0.92566,gnina v1.3.3 master:6fe1ce2   Built Jun 30 2026.,static_crystal_polymer,,
2Q1L,equibind,scored,0.56973,gnina v1.3.3 master:6fe1ce2   Built Jun 30 2026.,static_crystal_polymer,,
2Q1L,diffdock,scored,0.86139,gnina v1.3.3 master:6fe1ce2   Built Jun 30 2026.,static_crystal_polymer,,
2QAF,equibind,scored,0.00287,gnina v1.3.3 master:6fe1ce2   Built Jun 30 2026.,static_crystal_polymer,,
2QAF,diffdock,scored,0.54578,gnina v1.3.3 master:6fe1ce2   Built Jun 30 2026.,static_crystal_polymer,,
2QCI,equibind,scored,0.58424,gnina v1.3.3 master:6fe1ce2   Built Jun 30 2026.,static_crystal_polymer,,
2QCI,diffdock,scored,0.46761,gnina v1.3.3 master:6fe1ce2   Built Jun 30 2026.,static_crystal_polymer,,
2QCF,equibind,scored,0.0497,gnina v1.3.3 master:6fe1ce2   Built Jun 30 2026.,static_crystal_polymer,,
2QCF,diffdock,scored,0.79673,gnina v1.3.3 master:6fe1ce2   Built Jun 30 2026.,static_crystal_polymer,,
2QCM,equibind,scored,0.04896,gnina v1.3.3 master:6fe1ce2   Built Jun 30 2026.,static_crystal_polymer,,
2QCM,diffdock,scored,0.85804,gnina v1.3.3 master:6fe1ce2   Built Jun 30 2026.,static_crystal_polymer,,
2QCD,equibind,scored,0.00037,gnina v1.3.3 master:6fe1ce2   Built Jun 30 2026.,static_crystal_polymer,,
2QCD,diffdock,scored,0.95697,gnina v1.3.3 master:6fe1ce2   Built Jun 30 2026.,static_crystal_polymer,,
2QD6,equibind,scored,0.41817,gnina v1.3.3 master:6fe1ce2   Built Jun 30 2026.,static_crystal_polymer,,
2QD6,diffdock,scored,0.3682,gnina v1.3.3 master:6fe1ce2   Built Jun 30 2026.,static_crystal_polymer,,
2QCG,equibind,scored,2e-05,gnina v1.3.3 master:6fe1ce2   Built Jun 30 2026.,static_crystal_polymer,,
2QCG,diffdock,scored,0.94142,gnina v1.3.3 master:6fe1ce2   Built Jun 30 2026.,static_crystal_polymer,,
2QD9,equibind,scored,0.02884,gnina v1.3.3 master:6fe1ce2   Built Jun 30 2026.,static_crystal_polymer,,
2QD9,diffdock,scored,0.97739,gnina v1.3.3 master:6fe1ce2   Built Jun 30 2026.,static_crystal_polymer,,
2QDT,equibind,scored,0.78335,gnina v1.3.3 master:6fe1ce2   Built Jun 30 2026.,static_crystal_polymer,,
2QDT,diffdock,scored,0.93309,gnina v1.3.3 master:6fe1ce2   Built Jun 30 2026.,static_crystal_polymer,,
2QCN,equibind,scored,0.00191,gnina v1.3.3 master:6fe1ce2   Built Jun 30 2026.,static_crystal_polymer,,
2QCN,diffdock,scored,0.54944,gnina v1.3.3 master:6fe1ce2   Built Jun 30 2026.,static_crystal_polymer,,
2QG2,equibind,scored,0.01938,gnina v1.3.3 master:6fe1ce2   Built Jun 30 2026.,static_crystal_polymer,,
2QG2,diffdock,scored,0.58699,gnina v1.3.3 master:6fe1ce2   Built Jun 30 2026.,static_crystal_polymer,,
2QFO,equibind,scored,0.63657,gnina v1.3.3 master:6fe1ce2   Built Jun 30 2026.,static_crystal_polymer,,
2QFO,diffdock,scored,0.82323,gnina v1.3.3 master:6fe1ce2   Built Jun 30 2026.,static_crystal_polymer,,
2QG0,equibind,scored,0.00932,gnina v1.3.3 master:6fe1ce2   Built Jun 30 2026.,static_crystal_polymer,,
2QG0,diffdock,scored,0.65262,gnina v1.3.3 master:6fe1ce2   Built Jun 30 2026.,static_crystal_polymer,,
2QHC,equibind,scored,0.00035,gnina v1.3.3 master:6fe1ce2   Built Jun 30 2026.,static_crystal_polymer,,
2QHC,diffdock,scored,0.52788,gnina v1.3.3 master:6fe1ce2   Built Jun 30 2026.,static_crystal_polymer,,
2QHN,equibind,scored,0.87972,gnina v1.3.3 master:6fe1ce2   Built Jun 30 2026.,static_crystal_polymer,,
2QHN,diffdock,scored,0.49118,gnina v1.3.3 master:6fe1ce2   Built Jun 30 2026.,static_crystal_polymer,,
2QF6,equibind,scored,0.55798,gnina v1.3.3 master:6fe1ce2   Built Jun 30 2026.,static_crystal_polymer,,
2QF6,diffdock,scored,0.76552,gnina v1.3.3 master:6fe1ce2   Built Jun 30 2026.,static_crystal_polymer,,
2QE2,equibind,scored,0.0,gnina v1.3.3 master:6fe1ce2   Built Jun 30 2026.,static_crystal_polymer,,
2QE2,diffdock,scored,0.70386,gnina v1.3.3 master:6fe1ce2   Built Jun 30 2026.,static_crystal_polymer,,
2QHY,equibind,scored,0.01248,gnina v1.3.3 master:6fe1ce2   Built Jun 30 2026.,static_crystal_polymer,,
2QHY,diffdock,scored,0.68042,gnina v1.3.3 master:6fe1ce2   Built Jun 30 2026.,static_crystal_polymer,,
2QH6,equibind,scored,5e-05,gnina v1.3.3 master:6fe1ce2   Built Jun 30 2026.,static_crystal_polymer,,
2QH6,diffdock,scored,0.68116,gnina v1.3.3 master:6fe1ce2   Built Jun 30 2026.,static_crystal_polymer,,
2QI0,equibind,scored,0.58681,gnina v1.3.3 master:6fe1ce2   Built Jun 30 2026.,static_crystal_polymer,,
2QI0,diffdock,scored,0.5521,gnina v1.3.3 master:6fe1ce2   Built Jun 30 2026.,static_crystal_polymer,,
2QI1,equibind,scored,0.6254,gnina v1.3.3 master:6fe1ce2   Built Jun 30 2026.,static_crystal_polymer,,
2QI1,diffdock,scored,0.47473,gnina v1.3.3 master:6fe1ce2   Built Jun 30 2026.,static_crystal_polymer,,
2QHZ,equibind,scored,0.42987,gnina v1.3.3 master:6fe1ce2   Built Jun 30 2026.,static_crystal_polymer,,
2QHZ,diffdock,scored,0.70505,gnina v1.3.3 master:6fe1ce2   Built Jun 30 2026.,static_crystal_polymer,,
2QI3,equibind,scored,0.42573,gnina v1.3.3 master:6fe1ce2   Built Jun 30 2026.,static_crystal_polymer,,
2QI3,diffdock,scored,0.52403,gnina v1.3.3 master:6fe1ce2   Built Jun 30 2026.,static_crystal_polymer,,
2QI5,equibind,scored,0.02581,gnina v1.3.3 master:6fe1ce2   Built Jun 30 2026.,static_crystal_polymer,,
2QI5,diffdock,scored,0.4727,gnina v1.3.3 master:6fe1ce2   Built Jun 30 2026.,static_crystal_polymer,,
2QIQ,equibind,scored,0.00109,gnina v1.3.3 master:6fe1ce2   Built Jun 30 2026.,static_crystal_polymer,,
2QIQ,diffdock,scored,0.77328,gnina v1.3.3 master:6fe1ce2   Built Jun 30 2026.,static_crystal_polymer,,
2QJU,equibind,scored,0.00596,gnina v1.3.3 master:6fe1ce2   Built Jun 30 2026.,static_crystal_polymer,,
2QJU,diffdock,scored,0.34507,gnina v1.3.3 master:6fe1ce2   Built Jun 30 2026.,static_crystal_polymer,,
2QLM,equibind,scored,0.71458,gnina v1.3.3 master:6fe1ce2   Built Jun 30 2026.,static_crystal_polymer,,
2QLM,diffdock,scored,0.70101,gnina v1.3.3 master:6fe1ce2   Built Jun 30 2026.,static_crystal_polymer,,
2QM7,equibind,scored,0.00213,gnina v1.3.3 master:6fe1ce2   Built Jun 30 2026.,static_crystal_polymer,,
2QM7,diffdock,scored,0.87406,gnina v1.3.3 master:6fe1ce2   Built Jun 30 2026.,static_crystal_polymer,,
2QK5,equibind,scored,0.0,gnina v1.3.3 master:6fe1ce2   Built Jun 30 2026.,static_crystal_polymer,,
2QK5,diffdock,scored,0.9329,gnina v1.3.3 master:6fe1ce2   Built Jun 30 2026.,static_crystal_polymer,,
2QLN,equibind,scored,0.02321,gnina v1.3.3 master:6fe1ce2   Built Jun 30 2026.,static_crystal_polymer,,
2QLN,diffdock,scored,0.73434,gnina v1.3.3 master:6fe1ce2   Built Jun 30 2026.,static_crystal_polymer,,
2QN1,equibind,scored,0.00197,gnina v1.3.3 master:6fe1ce2   Built Jun 30 2026.,static_crystal_polymer,,
2QN1,diffdock,scored,0.06454,gnina v1.3.3 master:6fe1ce2   Built Jun 30 2026.,static_crystal_polymer,,
2QN2,equibind,scored,0.03333,gnina v1.3.3 master:6fe1ce2   Built Jun 30 2026.,static_crystal_polymer,,
2QN2,diffdock,scored,0.31618,gnina v1.3.3 master:6fe1ce2   Built Jun 30 2026.,static_crystal_polymer,,
2QMD,equibind,scored,0.0,gnina v1.3.3 master:6fe1ce2   Built Jun 30 2026.,static_crystal_polymer,,
2QMD,diffdock,scored,0.86582,gnina v1.3.3 master:6fe1ce2   Built Jun 30 2026.,static_crystal_polymer,,
2QMF,equibind,scored,7e-05,gnina v1.3.3 master:6fe1ce2   Built Jun 30 2026.,static_crystal_polymer,,
2QMF,diffdock,scored,0.46105,gnina v1.3.3 master:6fe1ce2   Built Jun 30 2026.,static_crystal_polymer,,
2QN3,equibind,scored,0.67159,gnina v1.3.3 master:6fe1ce2   Built Jun 30 2026.,static_crystal_polymer,,
2QN3,diffdock,scored,0.65297,gnina v1.3.3 master:6fe1ce2   Built Jun 30 2026.,static_crystal_polymer,,
2QNX,equibind,scored,0.67321,gnina v1.3.3 master:6fe1ce2   Built Jun 30 2026.,static_crystal_polymer,,
2QNX,diffdock,scored,0.82753,gnina v1.3.3 master:6fe1ce2   Built Jun 30 2026.,static_crystal_polymer,,
2QNZ,equibind,scored,9e-05,gnina v1.3.3 master:6fe1ce2   Built Jun 30 2026.,static_crystal_polymer,,
2QNZ,diffdock,scored,0.22376,gnina v1.3.3 master:6fe1ce2   Built Jun 30 2026.,static_crystal_polymer,,
2QNB,equibind,scored,0.38352,gnina v1.3.3 master:6fe1ce2   Built Jun 30 2026.,static_crystal_polymer,,
2QNB,diffdock,scored,0.57472,gnina v1.3.3 master:6fe1ce2   Built Jun 30 2026.,static_crystal_polymer,,
2QO8,equibind,scored,0.45451,gnina v1.3.3 master:6fe1ce2   Built Jun 30 2026.,static_crystal_polymer,,
2QO8,diffdock,scored,0.92681,gnina v1.3.3 master:6fe1ce2   Built Jun 30 2026.,static_crystal_polymer,,
2QOA,equibind,scored,0.15039,gnina v1.3.3 master:6fe1ce2   Built Jun 30 2026.,static_crystal_polymer,,
2QOA,diffdock,scored,0.9186,gnina v1.3.3 master:6fe1ce2   Built Jun 30 2026.,static_crystal_polymer,,
2QO1,equibind,scored,0.34118,gnina v1.3.3 master:6fe1ce2   Built Jun 30 2026.,static_crystal_polymer,,
2QO1,diffdock,scored,0.35716,gnina v1.3.3 master:6fe1ce2   Built Jun 30 2026.,static_crystal_polymer,,
2Q80,equibind,scored,0.20196,gnina v1.3.3 master:6fe1ce2   Built Jun 30 2026.,static_crystal_polymer,,
2Q80,diffdock,scored,0.43507,gnina v1.3.3 master:6fe1ce2   Built Jun 30 2026.,static_crystal_polymer,,
2QOH,equibind,scored,0.00149,gnina v1.3.3 master:6fe1ce2   Built Jun 30 2026.,static_crystal_polymer,,
2QOH,diffdock,scored,0.45583,gnina v1.3.3 master:6fe1ce2   Built Jun 30 2026.,static_crystal_polymer,,
2QPJ,equibind,scored,0.00352,gnina v1.3.3 master:6fe1ce2   Built Jun 30 2026.,static_crystal_polymer,,
2QPJ,diffdock,scored,0.60667,gnina v1.3.3 master:6fe1ce2   Built Jun 30 2026.,static_crystal_polymer,,
2QP8,equibind,scored,0.0,gnina v1.3.3 master:6fe1ce2   Built Jun 30 2026.,static_crystal_polymer,,
2QP8,diffdock,scored,0.89862,gnina v1.3.3 master:6fe1ce2   Built Jun 30 2026.,static_crystal_polymer,,
2QRK,equibind,scored,0.0003,gnina v1.3.3 master:6fe1ce2   Built Jun 30 2026.,static_crystal_polymer,,
2QRK,diffdock,scored,0.80412,gnina v1.3.3 master:6fe1ce2   Built Jun 30 2026.,static_crystal_polymer,,
2QRL,equibind,scored,0.61873,gnina v1.3.3 master:6fe1ce2   Built Jun 30 2026.,static_crystal_polymer,,
2QRL,diffdock,scored,0.58995,gnina v1.3.3 master:6fe1ce2   Built Jun 30 2026.,static_crystal_polymer,,
2QRH,equibind,scored,0.6049,gnina v1.3.3 master:6fe1ce2   Built Jun 30 2026.,static_crystal_polymer,,
2QRH,diffdock,scored,0.69076,gnina v1.3.3 master:6fe1ce2   Built Jun 30 2026.,static_crystal_polymer,,
2QPQ,equibind,scored,0.57139,gnina v1.3.3 master:6fe1ce2   Built Jun 30 2026.,static_crystal_polymer,,
2QPQ,diffdock,scored,0.2131,gnina v1.3.3 master:6fe1ce2   Built Jun 30 2026.,static_crystal_polymer,,
2QRP,equibind,scored,0.27311,gnina v1.3.3 master:6fe1ce2   Built Jun 30 2026.,static_crystal_polymer,,
2QRP,diffdock,scored,0.75143,gnina v1.3.3 master:6fe1ce2   Built Jun 30 2026.,static_crystal_polymer,,
2QRM,equibind,scored,0.21775,gnina v1.3.3 master:6fe1ce2   Built Jun 30 2026.,static_crystal_polymer,,
2QRM,diffdock,scored,0.61948,gnina v1.3.3 master:6fe1ce2   Built Jun 30 2026.,static_crystal_polymer,,
2QOE,equibind,scored,0.00019,gnina v1.3.3 master:6fe1ce2   Built Jun 30 2026.,static_crystal_polymer,,
2QOE,diffdock,scored,0.63368,gnina v1.3.3 master:6fe1ce2   Built Jun 30 2026.,static_crystal_polymer,,
2QPU,equibind,scored,0.24922,gnina v1.3.3 master:6fe1ce2   Built Jun 30 2026.,static_crystal_polymer,,
2QPU,diffdock,scored,0.55716,gnina v1.3.3 master:6fe1ce2   Built Jun 30 2026.,static_crystal_polymer,,
2QRQ,equibind,scored,0.28967,gnina v1.3.3 master:6fe1ce2   Built Jun 30 2026.,static_crystal_polymer,,
2QRQ,diffdock,scored,0.85881,gnina v1.3.3 master:6fe1ce2   Built Jun 30 2026.,static_crystal_polymer,,
2QTG,equibind,scored,0.00109,gnina v1.3.3 master:6fe1ce2   Built Jun 30 2026.,static_crystal_polymer,,
2QTG,diffdock,scored,0.70503,gnina v1.3.3 master:6fe1ce2   Built Jun 30 2026.,static_crystal_polymer,,
2QV7,equibind,scored,2e-05,gnina v1.3.3 master:6fe1ce2   Built Jun 30 2026.,static_crystal_polymer,,
2QV7,diffdock,scored,0.50272,gnina v1.3.3 master:6fe1ce2   Built Jun 30 2026.,static_crystal_polymer,,
2QKY,equibind,scored,0.68675,gnina v1.3.3 master:6fe1ce2   Built Jun 30 2026.,static_crystal_polymer,,
2QKY,diffdock,scored,0.37231,gnina v1.3.3 master:6fe1ce2   Built Jun 30 2026.,static_crystal_polymer,,
2QTT,equibind,scored,0.01109,gnina v1.3.3 master:6fe1ce2   Built Jun 30 2026.,static_crystal_polymer,,
2QTT,diffdock,scored,0.71755,gnina v1.3.3 master:6fe1ce2   Built Jun 30 2026.,static_crystal_polymer,,
2QW1,equibind,scored,0.02181,gnina v1.3.3 master:6fe1ce2   Built Jun 30 2026.,static_crystal_polymer,,
2QW1,diffdock,scored,0.47644,gnina v1.3.3 master:6fe1ce2   Built Jun 30 2026.,static_crystal_polymer,,
2QWB,equibind,scored,0.00756,gnina v1.3.3 master:6fe1ce2   Built Jun 30 2026.,static_crystal_polymer,,
2QWB,diffdock,scored,0.78453,gnina v1.3.3 master:6fe1ce2   Built Jun 30 2026.,static_crystal_polymer,,
2QU6,equibind,scored,0.00126,gnina v1.3.3 master:6fe1ce2   Built Jun 30 2026.,static_crystal_polymer,,
2QU6,diffdock,scored,0.64056,gnina v1.3.3 master:6fe1ce2   Built Jun 30 2026.,static_crystal_polymer,,
2QWD,equibind,scored,0.38768,gnina v1.3.3 master:6fe1ce2   Built Jun 30 2026.,static_crystal_polymer,,
2QWD,diffdock,scored,0.86285,gnina v1.3.3 master:6fe1ce2   Built Jun 30 2026.,static_crystal_polymer,,
2QWC,equibind,scored,0.49449,gnina v1.3.3 master:6fe1ce2   Built Jun 30 2026.,static_crystal_polymer,,
2QWC,diffdock,scored,0.79103,gnina v1.3.3 master:6fe1ce2   Built Jun 30 2026.,static_crystal_polymer,,
2QWE,equibind,scored,0.05338,gnina v1.3.3 master:6fe1ce2   Built Jun 30 2026.,static_crystal_polymer,,
2QWE,diffdock,scored,0.61214,gnina v1.3.3 master:6fe1ce2   Built Jun 30 2026.,static_crystal_polymer,,
2QWG,equibind,scored,0.73982,gnina v1.3.3 master:6fe1ce2   Built Jun 30 2026.,static_crystal_polymer,,
2QWG,diffdock,scored,0.65368,gnina v1.3.3 master:6fe1ce2   Built Jun 30 2026.,static_crystal_polymer,,
2QWF,equibind,scored,0.07605,gnina v1.3.3 master:6fe1ce2   Built Jun 30 2026.,static_crystal_polymer,,
2QWF,diffdock,scored,0.69962,gnina v1.3.3 master:6fe1ce2   Built Jun 30 2026.,static_crystal_polymer,,
2QT9,equibind,scored,0.03022,gnina v1.3.3 master:6fe1ce2   Built Jun 30 2026.,static_crystal_polymer,,
2QT9,diffdock,scored,0.83181,gnina v1.3.3 master:6fe1ce2   Built Jun 30 2026.,static_crystal_polymer,,
2QTB,equibind,scored,8e-05,gnina v1.3.3 master:6fe1ce2   Built Jun 30 2026.,static_crystal_polymer,,
2QTB,diffdock,scored,0.81046,gnina v1.3.3 master:6fe1ce2   Built Jun 30 2026.,static_crystal_polymer,,
2QVE,equibind,scored,1e-05,gnina v1.3.3 master:6fe1ce2   Built Jun 30 2026.,static_crystal_polymer,,
2QVE,diffdock,scored,0.58498,gnina v1.3.3 master:6fe1ce2   Built Jun 30 2026.,static_crystal_polymer,,
2QX0,equibind,scored,0.04499,gnina v1.3.3 master:6fe1ce2   Built Jun 30 2026.,static_crystal_polymer,,
2QX0,diffdock,scored,0.90917,gnina v1.3.3 master:6fe1ce2   Built Jun 30 2026.,static_crystal_polymer,,
2QZK,equibind,scored,0.00272,gnina v1.3.3 master:6fe1ce2   Built Jun 30 2026.,static_crystal_polymer,,
2QZK,diffdock,scored,0.35975,gnina v1.3.3 master:6fe1ce2   Built Jun 30 2026.,static_crystal_polymer,,
2R0U,equibind,scored,0.68746,gnina v1.3.3 master:6fe1ce2   Built Jun 30 2026.,static_crystal_polymer,,
2R0U,diffdock,scored,0.3891,gnina v1.3.3 master:6fe1ce2   Built Jun 30 2026.,static_crystal_polymer,,
2R3F,equibind,scored,0.32148,gnina v1.3.3 master:6fe1ce2   Built Jun 30 2026.,static_crystal_polymer,,
2R3F,diffdock,scored,0.8306,gnina v1.3.3 master:6fe1ce2   Built Jun 30 2026.,static_crystal_polymer,,
2QZR,equibind,scored,0.06182,gnina v1.3.3 master:6fe1ce2   Built Jun 30 2026.,static_crystal_polymer,,
2QZR,diffdock,scored,0.88991,gnina v1.3.3 master:6fe1ce2   Built Jun 30 2026.,static_crystal_polymer,,
2R3G,equibind,scored,0.21205,gnina v1.3.3 master:6fe1ce2   Built Jun 30 2026.,static_crystal_polymer,,
2R3G,diffdock,scored,0.73039,gnina v1.3.3 master:6fe1ce2   Built Jun 30 2026.,static_crystal_polymer,,
2R3H,equibind,scored,0.3062,gnina v1.3.3 master:6fe1ce2   Built Jun 30 2026.,static_crystal_polymer,,
2R3H,diffdock,scored,0.9295,gnina v1.3.3 master:6fe1ce2   Built Jun 30 2026.,static_crystal_polymer,,
2QZL,equibind,scored,0.02561,gnina v1.3.3 master:6fe1ce2   Built Jun 30 2026.,static_crystal_polymer,,
2QZL,diffdock,scored,0.87527,gnina v1.3.3 master:6fe1ce2   Built Jun 30 2026.,static_crystal_polymer,,
2R3K,equibind,scored,0.46288,gnina v1.3.3 master:6fe1ce2   Built Jun 30 2026.,static_crystal_polymer,,
2R3K,diffdock,scored,0.51219,gnina v1.3.3 master:6fe1ce2   Built Jun 30 2026.,static_crystal_polymer,,
2R3J,equibind,scored,0.09081,gnina v1.3.3 master:6fe1ce2   Built Jun 30 2026.,static_crystal_polymer,,
2R3J,diffdock,scored,0.94488,gnina v1.3.3 master:6fe1ce2   Built Jun 30 2026.,static_crystal_polymer,,
2R3M,equibind,scored,0.74247,gnina v1.3.3 master:6fe1ce2   Built Jun 30 2026.,static_crystal_polymer,,
2R3M,diffdock,scored,0.66623,gnina v1.3.3 master:6fe1ce2   Built Jun 30 2026.,static_crystal_polymer,,
2R3N,equibind,scored,0.6129,gnina v1.3.3 master:6fe1ce2   Built Jun 30 2026.,static_crystal_polymer,,
2R3N,diffdock,scored,0.97874,gnina v1.3.3 master:6fe1ce2   Built Jun 30 2026.,static_crystal_polymer,,
2R3O,equibind,scored,0.40727,gnina v1.3.3 master:6fe1ce2   Built Jun 30 2026.,static_crystal_polymer,,
2R3O,diffdock,scored,0.90304,gnina v1.3.3 master:6fe1ce2   Built Jun 30 2026.,static_crystal_polymer,,
2R3P,equibind,scored,0.50631,gnina v1.3.3 master:6fe1ce2   Built Jun 30 2026.,static_crystal_polymer,,
2R3P,diffdock,scored,0.95102,gnina v1.3.3 master:6fe1ce2   Built Jun 30 2026.,static_crystal_polymer,,
2R58,equibind,scored,0.00338,gnina v1.3.3 master:6fe1ce2   Built Jun 30 2026.,static_crystal_polymer,,
2R58,diffdock,scored,0.57886,gnina v1.3.3 master:6fe1ce2   Built Jun 30 2026.,static_crystal_polymer,,
2R5A,equibind,scored,0.0137,gnina v1.3.3 master:6fe1ce2   Built Jun 30 2026.,static_crystal_polymer,,
2R5A,diffdock,scored,0.87376,gnina v1.3.3 master:6fe1ce2   Built Jun 30 2026.,static_crystal_polymer,,
2R6N,equibind,scored,0.28082,gnina v1.3.3 master:6fe1ce2   Built Jun 30 2026.,static_crystal_polymer,,
2R6N,diffdock,scored,0.33562,gnina v1.3.3 master:6fe1ce2   Built Jun 30 2026.,static_crystal_polymer,,
2R4B,equibind,scored,0.00024,gnina v1.3.3 master:6fe1ce2   Built Jun 30 2026.,static_crystal_polymer,,
2R4B,diffdock,scored,0.67707,gnina v1.3.3 master:6fe1ce2   Built Jun 30 2026.,static_crystal_polymer,,
2R75,equibind,scored,0.00737,gnina v1.3.3 master:6fe1ce2   Built Jun 30 2026.,static_crystal_polymer,,
2R75,diffdock,scored,0.27948,gnina v1.3.3 master:6fe1ce2   Built Jun 30 2026.,static_crystal_polymer,,
2R5Q,equibind,scored,0.0,gnina v1.3.3 master:6fe1ce2   Built Jun 30 2026.,static_crystal_polymer,,
2R5Q,diffdock,scored,0.63714,gnina v1.3.3 master:6fe1ce2   Built Jun 30 2026.,static_crystal_polymer,,
2R6W,equibind,scored,0.0,gnina v1.3.3 master:6fe1ce2   Built Jun 30 2026.,static_crystal_polymer,,
2R6W,diffdock,scored,0.52467,gnina v1.3.3 master:6fe1ce2   Built Jun 30 2026.,static_crystal_polymer,,
2R3T,equibind,scored,0.02507,gnina v1.3.3 master:6fe1ce2   Built Jun 30 2026.,static_crystal_polymer,,
2R3T,diffdock,scored,0.19324,gnina v1.3.3 master:6fe1ce2   Built Jun 30 2026.,static_crystal_polymer,,
2R8Q,equibind,scored,0.05859,gnina v1.3.3 master:6fe1ce2   Built Jun 30 2026.,static_crystal_polymer,,
2R8Q,diffdock,scored,0.92361,gnina v1.3.3 master:6fe1ce2   Built Jun 30 2026.,static_crystal_polymer,,
2R9M,equibind,scored,0.37707,gnina v1.3.3 master:6fe1ce2   Built Jun 30 2026.,static_crystal_polymer,,
2R9M,diffdock,scored,0.85823,gnina v1.3.3 master:6fe1ce2   Built Jun 30 2026.,static_crystal_polymer,,
2RA6,equibind,scored,0.62271,gnina v1.3.3 master:6fe1ce2   Built Jun 30 2026.,static_crystal_polymer,,
2RA6,diffdock,scored,0.36381,gnina v1.3.3 master:6fe1ce2   Built Jun 30 2026.,static_crystal_polymer,,
2RCN,equibind,scored,0.00031,gnina v1.3.3 master:6fe1ce2   Built Jun 30 2026.,static_crystal_polymer,,
2RCN,diffdock,scored,0.84596,gnina v1.3.3 master:6fe1ce2   Built Jun 30 2026.,static_crystal_polymer,,
2RC8,equibind,scored,0.4511,gnina v1.3.3 master:6fe1ce2   Built Jun 30 2026.,static_crystal_polymer,,
2RC8,diffdock,scored,0.97868,gnina v1.3.3 master:6fe1ce2   Built Jun 30 2026.,static_crystal_polymer,,
2RC9,equibind,scored,0.17635,gnina v1.3.3 master:6fe1ce2   Built Jun 30 2026.,static_crystal_polymer,,
2RC9,diffdock,scored,0.9839,gnina v1.3.3 master:6fe1ce2   Built Jun 30 2026.,static_crystal_polymer,,
2RCB,equibind,scored,0.11825,gnina v1.3.3 master:6fe1ce2   Built Jun 30 2026.,static_crystal_polymer,,
2RCB,diffdock,scored,0.96224,gnina v1.3.3 master:6fe1ce2   Built Jun 30 2026.,static_crystal_polymer,,
2RCW,equibind,scored,0.28561,gnina v1.3.3 master:6fe1ce2   Built Jun 30 2026.,static_crystal_polymer,,
2RCW,diffdock,scored,0.95338,gnina v1.3.3 master:6fe1ce2   Built Jun 30 2026.,static_crystal_polymer,,
2REG,equibind,scored,0.33131,gnina v1.3.3 master:6fe1ce2   Built Jun 30 2026.,static_crystal_polymer,,
2REG,diffdock,scored,0.67873,gnina v1.3.3 master:6fe1ce2   Built Jun 30 2026.,static_crystal_polymer,,
2RG5,equibind,scored,0.10712,gnina v1.3.3 master:6fe1ce2   Built Jun 30 2026.,static_crystal_polymer,,
2RG5,diffdock,scored,0.68518,gnina v1.3.3 master:6fe1ce2   Built Jun 30 2026.,static_crystal_polymer,,
2O9I,equibind,scored,0.00049,gnina v1.3.3 master:6fe1ce2   Built Jun 30 2026.,static_crystal_polymer,,
2O9I,diffdock,scored,0.70757,gnina v1.3.3 master:6fe1ce2   Built Jun 30 2026.,static_crystal_polymer,,
2RCX,equibind,scored,0.00031,gnina v1.3.3 master:6fe1ce2   Built Jun 30 2026.,static_crystal_polymer,,
2RCX,diffdock,scored,0.09883,gnina v1.3.3 master:6fe1ce2   Built Jun 30 2026.,static_crystal_polymer,,
2RG6,equibind,scored,0.19,gnina v1.3.3 master:6fe1ce2   Built Jun 30 2026.,static_crystal_polymer,,
2RG6,diffdock,scored,0.55023,gnina v1.3.3 master:6fe1ce2   Built Jun 30 2026.,static_crystal_polymer,,
2R6F,equibind,scored,0.00031,gnina v1.3.3 master:6fe1ce2   Built Jun 30 2026.,static_crystal_polymer,,
2R6F,diffdock,scored,0.60033,gnina v1.3.3 master:6fe1ce2   Built Jun 30 2026.,static_crystal_polymer,,
2RIA,equibind,scored,0.85707,gnina v1.3.3 master:6fe1ce2   Built Jun 30 2026.,static_crystal_polymer,,
2RIA,diffdock,scored,0.77006,gnina v1.3.3 master:6fe1ce2   Built Jun 30 2026.,static_crystal_polymer,,
2RIB,equibind,scored,0.87379,gnina v1.3.3 master:6fe1ce2   Built Jun 30 2026.,static_crystal_polymer,,
2RIB,diffdock,scored,0.58751,gnina v1.3.3 master:6fe1ce2   Built Jun 30 2026.,static_crystal_polymer,,
2R4F,equibind,scored,0.20761,gnina v1.3.3 master:6fe1ce2   Built Jun 30 2026.,static_crystal_polymer,,
2R4F,diffdock,scored,0.85795,gnina v1.3.3 master:6fe1ce2   Built Jun 30 2026.,static_crystal_polymer,,
2RCU,equibind,scored,0.00503,gnina v1.3.3 master:6fe1ce2   Built Jun 30 2026.,static_crystal_polymer,,
2RCU,diffdock,scored,0.82708,gnina v1.3.3 master:6fe1ce2   Built Jun 30 2026.,static_crystal_polymer,,
2RI9,equibind,scored,0.62479,gnina v1.3.3 master:6fe1ce2   Built Jun 30 2026.,static_crystal_polymer,,
2RI9,diffdock,scored,0.7065,gnina v1.3.3 master:6fe1ce2   Built Jun 30 2026.,static_crystal_polymer,,
2RIN,equibind,scored,8e-05,gnina v1.3.3 master:6fe1ce2   Built Jun 30 2026.,static_crystal_polymer,,
2RIN,diffdock,scored,0.67795,gnina v1.3.3 master:6fe1ce2   Built Jun 30 2026.,static_crystal_polymer,,
2RF2,equibind,scored,0.4313,gnina v1.3.3 master:6fe1ce2   Built Jun 30 2026.,static_crystal_polymer,,
2RF2,diffdock,scored,0.28217,gnina v1.3.3 master:6fe1ce2   Built Jun 30 2026.,static_crystal_polymer,,
2RIP,equibind,scored,0.12709,gnina v1.3.3 master:6fe1ce2   Built Jun 30 2026.,static_crystal_polymer,,
2RIP,diffdock,scored,0.79481,gnina v1.3.3 master:6fe1ce2   Built Jun 30 2026.,static_crystal_polymer,,
2RIO,equibind,scored,0.0,gnina v1.3.3 master:6fe1ce2   Built Jun 30 2026.,static_crystal_polymer,,
2RIO,diffdock,scored,0.77408,gnina v1.3.3 master:6fe1ce2   Built Jun 30 2026.,static_crystal_polymer,,
2RJR,equibind,scored,0.00318,gnina v1.3.3 master:6fe1ce2   Built Jun 30 2026.,static_crystal_polymer,,
2RJR,diffdock,scored,0.47005,gnina v1.3.3 master:6fe1ce2   Built Jun 30 2026.,static_crystal_polymer,,
2RJS,equibind,scored,0.00074,gnina v1.3.3 master:6fe1ce2   Built Jun 30 2026.,static_crystal_polymer,,
2RJS,diffdock,scored,0.64317,gnina v1.3.3 master:6fe1ce2   Built Jun 30 2026.,static_crystal_polymer,,
2RKD,equibind,scored,0.18121,gnina v1.3.3 master:6fe1ce2   Built Jun 30 2026.,static_crystal_polymer,,
2RKD,diffdock,scored,0.63504,gnina v1.3.3 master:6fe1ce2   Built Jun 30 2026.,static_crystal_polymer,,
2RGU,equibind,scored,0.2354,gnina v1.3.3 master:6fe1ce2   Built Jun 30 2026.,static_crystal_polymer,,
2RGU,diffdock,scored,0.03042,gnina v1.3.3 master:6fe1ce2   Built Jun 30 2026.,static_crystal_polymer,,
2RKF,equibind,scored,0.00047,gnina v1.3.3 master:6fe1ce2   Built Jun 30 2026.,static_crystal_polymer,,
2RKF,diffdock,scored,0.50396,gnina v1.3.3 master:6fe1ce2   Built Jun 30 2026.,static_crystal_polymer,,
2RKN,equibind,scored,6e-05,gnina v1.3.3 master:6fe1ce2   Built Jun 30 2026.,static_crystal_polymer,,
2RKN,diffdock,scored,0.22834,gnina v1.3.3 master:6fe1ce2   Built Jun 30 2026.,static_crystal_polymer,,
2RKG,equibind,scored,0.0,gnina v1.3.3 master:6fe1ce2   Built Jun 30 2026.,static_crystal_polymer,,
2RKG,diffdock,scored,0.51057,gnina v1.3.3 master:6fe1ce2   Built Jun 30 2026.,static_crystal_polymer,,
2RK7,equibind,scored,0.50839,gnina v1.3.3 master:6fe1ce2   Built Jun 30 2026.,static_crystal_polymer,,
2RK7,diffdock,scored,0.82461,gnina v1.3.3 master:6fe1ce2   Built Jun 30 2026.,static_crystal_polymer,,
2RKU,equibind,scored,0.05126,gnina v1.3.3 master:6fe1ce2   Built Jun 30 2026.,static_crystal_polymer,,
2RKU,diffdock,scored,0.64911,gnina v1.3.3 master:6fe1ce2   Built Jun 30 2026.,static_crystal_polymer,,
2ROX,equibind,scored,0.00139,gnina v1.3.3 master:6fe1ce2   Built Jun 30 2026.,static_crystal_polymer,,
2ROX,diffdock,scored,0.65118,gnina v1.3.3 master:6fe1ce2   Built Jun 30 2026.,static_crystal_polymer,,
2RK8,equibind,scored,0.50106,gnina v1.3.3 master:6fe1ce2   Built Jun 30 2026.,static_crystal_polymer,,
2RK8,diffdock,scored,0.73176,gnina v1.3.3 master:6fe1ce2   Built Jun 30 2026.,static_crystal_polymer,,
2STD,equibind,scored,0.2344,gnina v1.3.3 master:6fe1ce2   Built Jun 30 2026.,static_crystal_polymer,,
2STD,diffdock,scored,0.93733,gnina v1.3.3 master:6fe1ce2   Built Jun 30 2026.,static_crystal_polymer,,
2SIM,equibind,scored,0.04509,gnina v1.3.3 master:6fe1ce2   Built Jun 30 2026.,static_crystal_polymer,,
2SIM,diffdock,scored,0.7322,gnina v1.3.3 master:6fe1ce2   Built Jun 30 2026.,static_crystal_polymer,,
2USN,equibind,scored,1e-05,gnina v1.3.3 master:6fe1ce2   Built Jun 30 2026.,static_crystal_polymer,,
2USN,diffdock,scored,0.1526,gnina v1.3.3 master:6fe1ce2   Built Jun 30 2026.,static_crystal_polymer,,
2SFP,equibind,scored,0.69881,gnina v1.3.3 master:6fe1ce2   Built Jun 30 2026.,static_crystal_polymer,,
2SFP,diffdock,scored,0.39998,gnina v1.3.3 master:6fe1ce2   Built Jun 30 2026.,static_crystal_polymer,,
2SRT,equibind,scored,0.00071,gnina v1.3.3 master:6fe1ce2   Built Jun 30 2026.,static_crystal_polymer,,
2SRT,diffdock,scored,0.40095,gnina v1.3.3 master:6fe1ce2   Built Jun 30 2026.,static_crystal_polymer,,
2RKA,equibind,scored,0.14921,gnina v1.3.3 master:6fe1ce2   Built Jun 30 2026.,static_crystal_polymer,,
2RKA,diffdock,scored,0.56271,gnina v1.3.3 master:6fe1ce2   Built Jun 30 2026.,static_crystal_polymer,,
2UPJ,equibind,scored,0.1262,gnina v1.3.3 master:6fe1ce2   Built Jun 30 2026.,static_crystal_polymer,,
2UPJ,diffdock,scored,0.33428,gnina v1.3.3 master:6fe1ce2   Built Jun 30 2026.,static_crystal_polymer,,
2UUO,equibind,scored,0.43086,gnina v1.3.3 master:6fe1ce2   Built Jun 30 2026.,static_crystal_polymer,,
2UUO,diffdock,scored,0.66618,gnina v1.3.3 master:6fe1ce2   Built Jun 30 2026.,static_crystal_polymer,,
2UW8,equibind,scored,0.26724,gnina v1.3.3 master:6fe1ce2   Built Jun 30 2026.,static_crystal_polymer,,
2UW8,diffdock,scored,0.61965,gnina v1.3.3 master:6fe1ce2   Built Jun 30 2026.,static_crystal_polymer,,
2UUP,equibind,scored,0.01489,gnina v1.3.3 master:6fe1ce2   Built Jun 30 2026.,static_crystal_polymer,,
2UUP,diffdock,scored,0.68298,gnina v1.3.3 master:6fe1ce2   Built Jun 30 2026.,static_crystal_polymer,,
2UWD,equibind,scored,0.21317,gnina v1.3.3 master:6fe1ce2   Built Jun 30 2026.,static_crystal_polymer,,
2UWD,diffdock,scored,0.85449,gnina v1.3.3 master:6fe1ce2   Built Jun 30 2026.,static_crystal_polymer,,
2UWL,equibind,scored,0.06114,gnina v1.3.3 master:6fe1ce2   Built Jun 30 2026.,static_crystal_polymer,,
2UWL,diffdock,scored,0.93704,gnina v1.3.3 master:6fe1ce2   Built Jun 30 2026.,static_crystal_polymer,,
2O7E,equibind,scored,0.42305,gnina v1.3.3 master:6fe1ce2   Built Jun 30 2026.,static_crystal_polymer,,
2UWO,equibind,scored,0.22442,gnina v1.3.3 master:6fe1ce2   Built Jun 30 2026.,static_crystal_polymer,,
2UWO,diffdock,scored,0.86844,gnina v1.3.3 master:6fe1ce2   Built Jun 30 2026.,static_crystal_polymer,,
2UWP,equibind,scored,0.2802,gnina v1.3.3 master:6fe1ce2   Built Jun 30 2026.,static_crystal_polymer,,
2UWP,diffdock,scored,0.32022,gnina v1.3.3 master:6fe1ce2   Built Jun 30 2026.,static_crystal_polymer,,
2UY3,equibind,scored,0.01641,gnina v1.3.3 master:6fe1ce2   Built Jun 30 2026.,static_crystal_polymer,,
2UY3,diffdock,scored,0.94634,gnina v1.3.3 master:6fe1ce2   Built Jun 30 2026.,static_crystal_polymer,,
2UY5,equibind,scored,0.0149,gnina v1.3.3 master:6fe1ce2   Built Jun 30 2026.,static_crystal_polymer,,
2UY5,diffdock,scored,0.85938,gnina v1.3.3 master:6fe1ce2   Built Jun 30 2026.,static_crystal_polymer,,
2UXU,equibind,scored,0.57741,gnina v1.3.3 master:6fe1ce2   Built Jun 30 2026.,static_crystal_polymer,,
2UXU,diffdock,scored,0.3211,gnina v1.3.3 master:6fe1ce2   Built Jun 30 2026.,static_crystal_polymer,,
2UXI,equibind,scored,0.0001,gnina v1.3.3 master:6fe1ce2   Built Jun 30 2026.,static_crystal_polymer,,
2UXI,diffdock,scored,0.60568,gnina v1.3.3 master:6fe1ce2   Built Jun 30 2026.,static_crystal_polymer,,
2UYW,equibind,scored,0.00015,gnina v1.3.3 master:6fe1ce2   Built Jun 30 2026.,static_crystal_polymer,,
2UYW,diffdock,scored,0.97715,gnina v1.3.3 master:6fe1ce2   Built Jun 30 2026.,static_crystal_polymer,,
2TSR,equibind,scored,0.05164,gnina v1.3.3 master:6fe1ce2   Built Jun 30 2026.,static_crystal_polymer,,
2TSR,diffdock,scored,0.85579,gnina v1.3.3 master:6fe1ce2   Built Jun 30 2026.,static_crystal_polymer,,
2UZ9,equibind,scored,0.10949,gnina v1.3.3 master:6fe1ce2   Built Jun 30 2026.,static_crystal_polymer,,
2UZ9,diffdock,scored,0.83517,gnina v1.3.3 master:6fe1ce2   Built Jun 30 2026.,static_crystal_polymer,,
2UYN,equibind,scored,0.67912,gnina v1.3.3 master:6fe1ce2   Built Jun 30 2026.,static_crystal_polymer,,
2UYN,diffdock,scored,0.84193,gnina v1.3.3 master:6fe1ce2   Built Jun 30 2026.,static_crystal_polymer,,
2UYI,equibind,scored,0.2712,gnina v1.3.3 master:6fe1ce2   Built Jun 30 2026.,static_crystal_polymer,,
2UYI,diffdock,scored,0.94507,gnina v1.3.3 master:6fe1ce2   Built Jun 30 2026.,static_crystal_polymer,,
2UYM,equibind,scored,0.05768,gnina v1.3.3 master:6fe1ce2   Built Jun 30 2026.,static_crystal_polymer,,
2UYM,diffdock,scored,0.89122,gnina v1.3.3 master:6fe1ce2   Built Jun 30 2026.,static_crystal_polymer,,
2V00,equibind,scored,0.01483,gnina v1.3.3 master:6fe1ce2   Built Jun 30 2026.,static_crystal_polymer,,
2V00,diffdock,scored,0.57358,gnina v1.3.3 master:6fe1ce2   Built Jun 30 2026.,static_crystal_polymer,,
2UZJ,equibind,scored,0.00549,gnina v1.3.3 master:6fe1ce2   Built Jun 30 2026.,static_crystal_polymer,,
2UZJ,diffdock,scored,0.7215,gnina v1.3.3 master:6fe1ce2   Built Jun 30 2026.,static_crystal_polymer,,
2RJP,equibind,scored,0.00111,gnina v1.3.3 master:6fe1ce2   Built Jun 30 2026.,static_crystal_polymer,,
2RJP,diffdock,scored,0.89092,gnina v1.3.3 master:6fe1ce2   Built Jun 30 2026.,static_crystal_polymer,,
2V0Z,equibind,scored,5e-05,gnina v1.3.3 master:6fe1ce2   Built Jun 30 2026.,static_crystal_polymer,,
2V0Z,diffdock,scored,0.65613,gnina v1.3.3 master:6fe1ce2   Built Jun 30 2026.,static_crystal_polymer,,
2UZD,equibind,scored,0.53374,gnina v1.3.3 master:6fe1ce2   Built Jun 30 2026.,static_crystal_polymer,,
2UZD,diffdock,scored,0.37602,gnina v1.3.3 master:6fe1ce2   Built Jun 30 2026.,static_crystal_polymer,,
2V10,equibind,scored,0.00447,gnina v1.3.3 master:6fe1ce2   Built Jun 30 2026.,static_crystal_polymer,,
2V10,diffdock,scored,0.96643,gnina v1.3.3 master:6fe1ce2   Built Jun 30 2026.,static_crystal_polymer,,
2UZB,equibind,scored,0.25752,gnina v1.3.3 master:6fe1ce2   Built Jun 30 2026.,static_crystal_polymer,,
2UZB,diffdock,scored,0.26034,gnina v1.3.3 master:6fe1ce2   Built Jun 30 2026.,static_crystal_polymer,,
2V11,equibind,scored,0.00128,gnina v1.3.3 master:6fe1ce2   Built Jun 30 2026.,static_crystal_polymer,,
2V11,diffdock,scored,0.64479,gnina v1.3.3 master:6fe1ce2   Built Jun 30 2026.,static_crystal_polymer,,
2UZL,equibind,scored,0.00477,gnina v1.3.3 master:6fe1ce2   Built Jun 30 2026.,static_crystal_polymer,,
2UZL,diffdock,scored,0.09308,gnina v1.3.3 master:6fe1ce2   Built Jun 30 2026.,static_crystal_polymer,,
2V13,equibind,scored,0.00087,gnina v1.3.3 master:6fe1ce2   Built Jun 30 2026.,static_crystal_polymer,,
2V13,diffdock,scored,0.24558,gnina v1.3.3 master:6fe1ce2   Built Jun 30 2026.,static_crystal_polymer,,
2V12,equibind,scored,1e-05,gnina v1.3.3 master:6fe1ce2   Built Jun 30 2026.,static_crystal_polymer,,
2V12,diffdock,scored,0.59537,gnina v1.3.3 master:6fe1ce2   Built Jun 30 2026.,static_crystal_polymer,,
2V2C,equibind,scored,0.8103,gnina v1.3.3 master:6fe1ce2   Built Jun 30 2026.,static_crystal_polymer,,
2V2C,diffdock,scored,0.94985,gnina v1.3.3 master:6fe1ce2   Built Jun 30 2026.,static_crystal_polymer,,
2V25,equibind,scored,0.24192,gnina v1.3.3 master:6fe1ce2   Built Jun 30 2026.,static_crystal_polymer,,
2V25,diffdock,scored,0.01677,gnina v1.3.3 master:6fe1ce2   Built Jun 30 2026.,static_crystal_polymer,,
2V16,equibind,scored,0.00059,gnina v1.3.3 master:6fe1ce2   Built Jun 30 2026.,static_crystal_polymer,,
2V16,diffdock,scored,0.13452,gnina v1.3.3 master:6fe1ce2   Built Jun 30 2026.,static_crystal_polymer,,
2V3U,equibind,scored,0.15451,gnina v1.3.3 master:6fe1ce2   Built Jun 30 2026.,static_crystal_polymer,,
2V3U,diffdock,scored,0.94528,gnina v1.3.3 master:6fe1ce2   Built Jun 30 2026.,static_crystal_polymer,,
2V2Q,equibind,scored,6e-05,gnina v1.3.3 master:6fe1ce2   Built Jun 30 2026.,static_crystal_polymer,,
2V2Q,diffdock,scored,0.31225,gnina v1.3.3 master:6fe1ce2   Built Jun 30 2026.,static_crystal_polymer,,
2V2V,equibind,scored,0.00033,gnina v1.3.3 master:6fe1ce2   Built Jun 30 2026.,static_crystal_polymer,,
2V2V,diffdock,scored,0.1782,gnina v1.3.3 master:6fe1ce2   Built Jun 30 2026.,static_crystal_polymer,,
2V2H,equibind,scored,0.22794,gnina v1.3.3 master:6fe1ce2   Built Jun 30 2026.,static_crystal_polymer,,
2V2H,diffdock,scored,0.98166,gnina v1.3.3 master:6fe1ce2   Built Jun 30 2026.,static_crystal_polymer,,
2V54,equibind,scored,0.0003,gnina v1.3.3 master:6fe1ce2   Built Jun 30 2026.,static_crystal_polymer,,
2V54,diffdock,scored,0.41694,gnina v1.3.3 master:6fe1ce2   Built Jun 30 2026.,static_crystal_polymer,,
2V3D,equibind,scored,0.38091,gnina v1.3.3 master:6fe1ce2   Built Jun 30 2026.,static_crystal_polymer,,
2V3D,diffdock,scored,0.18584,gnina v1.3.3 master:6fe1ce2   Built Jun 30 2026.,static_crystal_polymer,,
2V22,equibind,scored,1e-05,gnina v1.3.3 master:6fe1ce2   Built Jun 30 2026.,static_crystal_polymer,,
2V22,diffdock,scored,0.11863,gnina v1.3.3 master:6fe1ce2   Built Jun 30 2026.,static_crystal_polymer,,
2V3E,equibind,scored,0.44187,gnina v1.3.3 master:6fe1ce2   Built Jun 30 2026.,static_crystal_polymer,,
2V3E,diffdock,scored,0.16182,gnina v1.3.3 master:6fe1ce2   Built Jun 30 2026.,static_crystal_polymer,,
2V57,equibind,scored,0.04797,gnina v1.3.3 master:6fe1ce2   Built Jun 30 2026.,static_crystal_polymer,,
2V57,diffdock,scored,0.51462,gnina v1.3.3 master:6fe1ce2   Built Jun 30 2026.,static_crystal_polymer,,
2V58,equibind,scored,0.43594,gnina v1.3.3 master:6fe1ce2   Built Jun 30 2026.,static_crystal_polymer,,
2V58,diffdock,scored,0.9356,gnina v1.3.3 master:6fe1ce2   Built Jun 30 2026.,static_crystal_polymer,,
2V95,equibind,scored,0.00314,gnina v1.3.3 master:6fe1ce2   Built Jun 30 2026.,static_crystal_polymer,,
2V95,diffdock,scored,0.69756,gnina v1.3.3 master:6fe1ce2   Built Jun 30 2026.,static_crystal_polymer,,
2VA5,equibind,scored,0.06385,gnina v1.3.3 master:6fe1ce2   Built Jun 30 2026.,static_crystal_polymer,,
2VA5,diffdock,scored,0.36179,gnina v1.3.3 master:6fe1ce2   Built Jun 30 2026.,static_crystal_polymer,,
2V59,equibind,scored,0.36349,gnina v1.3.3 master:6fe1ce2   Built Jun 30 2026.,static_crystal_polymer,,
2V59,diffdock,scored,0.81912,gnina v1.3.3 master:6fe1ce2   Built Jun 30 2026.,static_crystal_polymer,,
2VEU,equibind,scored,0.0098,gnina v1.3.3 master:6fe1ce2   Built Jun 30 2026.,static_crystal_polymer,,
2VEU,diffdock,scored,0.62552,gnina v1.3.3 master:6fe1ce2   Built Jun 30 2026.,static_crystal_polymer,,
2V5A,equibind,scored,0.02944,gnina v1.3.3 master:6fe1ce2   Built Jun 30 2026.,static_crystal_polymer,,
2V5A,diffdock,scored,0.8015,gnina v1.3.3 master:6fe1ce2   Built Jun 30 2026.,static_crystal_polymer,,
2VC9,equibind,scored,0.00388,gnina v1.3.3 master:6fe1ce2   Built Jun 30 2026.,static_crystal_polymer,,
2VC9,diffdock,scored,0.70939,gnina v1.3.3 master:6fe1ce2   Built Jun 30 2026.,static_crystal_polymer,,
2VD1,equibind,scored,1e-05,gnina v1.3.3 master:6fe1ce2   Built Jun 30 2026.,static_crystal_polymer,,
2VD1,diffdock,scored,0.86458,gnina v1.3.3 master:6fe1ce2   Built Jun 30 2026.,static_crystal_polymer,,
2VEW,equibind,scored,0.00875,gnina v1.3.3 master:6fe1ce2   Built Jun 30 2026.,static_crystal_polymer,,
2VEW,diffdock,scored,0.65762,gnina v1.3.3 master:6fe1ce2   Built Jun 30 2026.,static_crystal_polymer,,
2VFK,equibind,scored,0.01944,gnina v1.3.3 master:6fe1ce2   Built Jun 30 2026.,static_crystal_polymer,,
2VFK,diffdock,scored,0.73686,gnina v1.3.3 master:6fe1ce2   Built Jun 30 2026.,static_crystal_polymer,,
2VEY,equibind,scored,0.07256,gnina v1.3.3 master:6fe1ce2   Built Jun 30 2026.,static_crystal_polymer,,
2VEY,diffdock,scored,0.54171,gnina v1.3.3 master:6fe1ce2   Built Jun 30 2026.,static_crystal_polymer,,
2VF6,equibind,scored,0.08683,gnina v1.3.3 master:6fe1ce2   Built Jun 30 2026.,static_crystal_polymer,,
2VF6,diffdock,scored,0.8629,gnina v1.3.3 master:6fe1ce2   Built Jun 30 2026.,static_crystal_polymer,,
2VGC,equibind,scored,0.61683,gnina v1.3.3 master:6fe1ce2   Built Jun 30 2026.,static_crystal_polymer,,
2VGC,diffdock,scored,0.39257,gnina v1.3.3 master:6fe1ce2   Built Jun 30 2026.,static_crystal_polymer,,
2VH0,equibind,scored,0.09113,gnina v1.3.3 master:6fe1ce2   Built Jun 30 2026.,static_crystal_polymer,,
2VH0,diffdock,scored,0.73446,gnina v1.3.3 master:6fe1ce2   Built Jun 30 2026.,static_crystal_polymer,,
2VH6,equibind,scored,0.57755,gnina v1.3.3 master:6fe1ce2   Built Jun 30 2026.,static_crystal_polymer,,
2VH6,diffdock,scored,0.74976,gnina v1.3.3 master:6fe1ce2   Built Jun 30 2026.,static_crystal_polymer,,
2VFZ,equibind,scored,0.00014,gnina v1.3.3 master:6fe1ce2   Built Jun 30 2026.,static_crystal_polymer,,
2VFZ,diffdock,scored,0.64673,gnina v1.3.3 master:6fe1ce2   Built Jun 30 2026.,static_crystal_polymer,,
2UVM,equibind,scored,0.00082,gnina v1.3.3 master:6fe1ce2   Built Jun 30 2026.,static_crystal_polymer,,
2UVM,diffdock,scored,0.44312,gnina v1.3.3 master:6fe1ce2   Built Jun 30 2026.,static_crystal_polymer,,
2VIN,equibind,scored,0.64155,gnina v1.3.3 master:6fe1ce2   Built Jun 30 2026.,static_crystal_polymer,,
2VIN,diffdock,scored,0.78298,gnina v1.3.3 master:6fe1ce2   Built Jun 30 2026.,static_crystal_polymer,,
2VIO,equibind,scored,0.00335,gnina v1.3.3 master:6fe1ce2   Built Jun 30 2026.,static_crystal_polymer,,
2VIO,diffdock,scored,0.64477,gnina v1.3.3 master:6fe1ce2   Built Jun 30 2026.,static_crystal_polymer,,
2VIQ,equibind,scored,0.0188,gnina v1.3.3 master:6fe1ce2   Built Jun 30 2026.,static_crystal_polymer,,
2VIQ,diffdock,scored,0.34218,gnina v1.3.3 master:6fe1ce2   Built Jun 30 2026.,static_crystal_polymer,,
2VB8,equibind,scored,0.14813,gnina v1.3.3 master:6fe1ce2   Built Jun 30 2026.,static_crystal_polymer,,
2VB8,diffdock,scored,0.87993,gnina v1.3.3 master:6fe1ce2   Built Jun 30 2026.,static_crystal_polymer,,
2VBA,equibind,scored,0.44437,gnina v1.3.3 master:6fe1ce2   Built Jun 30 2026.,static_crystal_polymer,,
2VBA,diffdock,scored,0.54707,gnina v1.3.3 master:6fe1ce2   Built Jun 30 2026.,static_crystal_polymer,,
2VC7,equibind,scored,0.0,gnina v1.3.3 master:6fe1ce2   Built Jun 30 2026.,static_crystal_polymer,,
2VC7,diffdock,scored,0.5304,gnina v1.3.3 master:6fe1ce2   Built Jun 30 2026.,static_crystal_polymer,,
2VIP,equibind,scored,0.54397,gnina v1.3.3 master:6fe1ce2   Built Jun 30 2026.,static_crystal_polymer,,
2VIP,diffdock,scored,0.37396,gnina v1.3.3 master:6fe1ce2   Built Jun 30 2026.,static_crystal_polymer,,
2VIW,equibind,scored,0.00159,gnina v1.3.3 master:6fe1ce2   Built Jun 30 2026.,static_crystal_polymer,,
2VIW,diffdock,scored,0.21657,gnina v1.3.3 master:6fe1ce2   Built Jun 30 2026.,static_crystal_polymer,,
2VIZ,equibind,scored,0.00183,gnina v1.3.3 master:6fe1ce2   Built Jun 30 2026.,static_crystal_polymer,,
2VIZ,diffdock,scored,0.63824,gnina v1.3.3 master:6fe1ce2   Built Jun 30 2026.,static_crystal_polymer,,
2VJ6,equibind,scored,0.01109,gnina v1.3.3 master:6fe1ce2   Built Jun 30 2026.,static_crystal_polymer,,
2VJ6,diffdock,scored,0.73263,gnina v1.3.3 master:6fe1ce2   Built Jun 30 2026.,static_crystal_polymer,,
2VK2,equibind,scored,0.10671,gnina v1.3.3 master:6fe1ce2   Built Jun 30 2026.,static_crystal_polymer,,
2VK2,diffdock,scored,0.97379,gnina v1.3.3 master:6fe1ce2   Built Jun 30 2026.,static_crystal_polymer,,
2VK6,equibind,scored,0.01219,gnina v1.3.3 master:6fe1ce2   Built Jun 30 2026.,static_crystal_polymer,,
2VK6,diffdock,scored,0.21565,gnina v1.3.3 master:6fe1ce2   Built Jun 30 2026.,static_crystal_polymer,,
2VMC,equibind,scored,0.54805,gnina v1.3.3 master:6fe1ce2   Built Jun 30 2026.,static_crystal_polymer,,
2VMC,diffdock,scored,0.471,gnina v1.3.3 master:6fe1ce2   Built Jun 30 2026.,static_crystal_polymer,,
2VJ8,equibind,scored,0.00093,gnina v1.3.3 master:6fe1ce2   Built Jun 30 2026.,static_crystal_polymer,,
2VJ8,diffdock,scored,0.36988,gnina v1.3.3 master:6fe1ce2   Built Jun 30 2026.,static_crystal_polymer,,
2VMD,equibind,scored,4e-05,gnina v1.3.3 master:6fe1ce2   Built Jun 30 2026.,static_crystal_polymer,,
2VMD,diffdock,scored,0.22743,gnina v1.3.3 master:6fe1ce2   Built Jun 30 2026.,static_crystal_polymer,,
2VCG,equibind,scored,0.12994,gnina v1.3.3 master:6fe1ce2   Built Jun 30 2026.,static_crystal_polymer,,
2VCG,diffdock,scored,0.22624,gnina v1.3.3 master:6fe1ce2   Built Jun 30 2026.,static_crystal_polymer,,
2VNP,equibind,scored,6e-05,gnina v1.3.3 master:6fe1ce2   Built Jun 30 2026.,static_crystal_polymer,,
2VNP,diffdock,scored,0.39094,gnina v1.3.3 master:6fe1ce2   Built Jun 30 2026.,static_crystal_polymer,,
2VO7,equibind,scored,0.0414,gnina v1.3.3 master:6fe1ce2   Built Jun 30 2026.,static_crystal_polymer,,
2VO7,diffdock,scored,0.98163,gnina v1.3.3 master:6fe1ce2   Built Jun 30 2026.,static_crystal_polymer,,
2VPO,equibind,scored,0.32426,gnina v1.3.3 master:6fe1ce2   Built Jun 30 2026.,static_crystal_polymer,,
2VPO,diffdock,scored,0.9781,gnina v1.3.3 master:6fe1ce2   Built Jun 30 2026.,static_crystal_polymer,,
2VPP,equibind,scored,0.0,gnina v1.3.3 master:6fe1ce2   Built Jun 30 2026.,static_crystal_polymer,,
2VPP,diffdock,scored,0.83642,gnina v1.3.3 master:6fe1ce2   Built Jun 30 2026.,static_crystal_polymer,,
2VJX,equibind,scored,0.36784,gnina v1.3.3 master:6fe1ce2   Built Jun 30 2026.,static_crystal_polymer,,
2VJX,diffdock,scored,0.66553,gnina v1.3.3 master:6fe1ce2   Built Jun 30 2026.,static_crystal_polymer,,
2VQM,equibind,scored,0.01694,gnina v1.3.3 master:6fe1ce2   Built Jun 30 2026.,static_crystal_polymer,,
2VQM,diffdock,scored,0.24696,gnina v1.3.3 master:6fe1ce2   Built Jun 30 2026.,static_crystal_polymer,,
2VQJ,equibind,scored,0.00556,gnina v1.3.3 master:6fe1ce2   Built Jun 30 2026.,static_crystal_polymer,,
2VQJ,diffdock,scored,0.25525,gnina v1.3.3 master:6fe1ce2   Built Jun 30 2026.,static_crystal_polymer,,
2VPN,equibind,scored,0.16084,gnina v1.3.3 master:6fe1ce2   Built Jun 30 2026.,static_crystal_polymer,,
2VPN,diffdock,scored,0.98102,gnina v1.3.3 master:6fe1ce2   Built Jun 30 2026.,static_crystal_polymer,,
2VL8,equibind,scored,0.2225,gnina v1.3.3 master:6fe1ce2   Built Jun 30 2026.,static_crystal_polymer,,
2VL8,diffdock,scored,0.55035,gnina v1.3.3 master:6fe1ce2   Built Jun 30 2026.,static_crystal_polymer,,
2VL4,equibind,scored,0.4684,gnina v1.3.3 master:6fe1ce2   Built Jun 30 2026.,static_crystal_polymer,,
2VL4,diffdock,scored,0.85144,gnina v1.3.3 master:6fe1ce2   Built Jun 30 2026.,static_crystal_polymer,,
2VMF,equibind,scored,0.57367,gnina v1.3.3 master:6fe1ce2   Built Jun 30 2026.,static_crystal_polymer,,
2VMF,diffdock,scored,0.91891,gnina v1.3.3 master:6fe1ce2   Built Jun 30 2026.,static_crystal_polymer,,
2VTI,equibind,scored,0.01471,gnina v1.3.3 master:6fe1ce2   Built Jun 30 2026.,static_crystal_polymer,,
2VTI,diffdock,scored,0.79116,gnina v1.3.3 master:6fe1ce2   Built Jun 30 2026.,static_crystal_polymer,,
2VO5,equibind,scored,0.58786,gnina v1.3.3 master:6fe1ce2   Built Jun 30 2026.,static_crystal_polymer,,
2VO5,diffdock,scored,0.61869,gnina v1.3.3 master:6fe1ce2   Built Jun 30 2026.,static_crystal_polymer,,
2VTH,equibind,scored,0.39425,gnina v1.3.3 master:6fe1ce2   Built Jun 30 2026.,static_crystal_polymer,,
2VTH,diffdock,scored,0.53799,gnina v1.3.3 master:6fe1ce2   Built Jun 30 2026.,static_crystal_polymer,,
2VTN,equibind,scored,0.02894,gnina v1.3.3 master:6fe1ce2   Built Jun 30 2026.,static_crystal_polymer,,
2VTN,diffdock,scored,0.44432,gnina v1.3.3 master:6fe1ce2   Built Jun 30 2026.,static_crystal_polymer,,
2VTO,equibind,scored,0.513,gnina v1.3.3 master:6fe1ce2   Built Jun 30 2026.,static_crystal_polymer,,
2VTO,diffdock,scored,0.30839,gnina v1.3.3 master:6fe1ce2   Built Jun 30 2026.,static_crystal_polymer,,
2VT3,equibind,scored,0.00239,gnina v1.3.3 master:6fe1ce2   Built Jun 30 2026.,static_crystal_polymer,,
2VT3,diffdock,scored,0.14368,gnina v1.3.3 master:6fe1ce2   Built Jun 30 2026.,static_crystal_polymer,,
2VTL,equibind,scored,0.83625,gnina v1.3.3 master:6fe1ce2   Built Jun 30 2026.,static_crystal_polymer,,
2VTL,diffdock,scored,0.91834,gnina v1.3.3 master:6fe1ce2   Built Jun 30 2026.,static_crystal_polymer,,
2VTP,equibind,scored,0.2809,gnina v1.3.3 master:6fe1ce2   Built Jun 30 2026.,static_crystal_polymer,,
2VTP,diffdock,scored,0.56015,gnina v1.3.3 master:6fe1ce2   Built Jun 30 2026.,static_crystal_polymer,,
2VTQ,equibind,scored,0.64287,gnina v1.3.3 master:6fe1ce2   Built Jun 30 2026.,static_crystal_polymer,,
2VTQ,diffdock,scored,0.47059,gnina v1.3.3 master:6fe1ce2   Built Jun 30 2026.,static_crystal_polymer,,
2VRJ,equibind,scored,0.00074,gnina v1.3.3 master:6fe1ce2   Built Jun 30 2026.,static_crystal_polymer,,
2VRJ,diffdock,scored,0.41317,gnina v1.3.3 master:6fe1ce2   Built Jun 30 2026.,static_crystal_polymer,,
2VTT,equibind,scored,0.49555,gnina v1.3.3 master:6fe1ce2   Built Jun 30 2026.,static_crystal_polymer,,
2VTT,diffdock,scored,0.5962,gnina v1.3.3 master:6fe1ce2   Built Jun 30 2026.,static_crystal_polymer,,
2VTR,equibind,scored,0.01037,gnina v1.3.3 master:6fe1ce2   Built Jun 30 2026.,static_crystal_polymer,,
2VTR,diffdock,scored,0.45006,gnina v1.3.3 master:6fe1ce2   Built Jun 30 2026.,static_crystal_polymer,,
2VTS,equibind,scored,0.62762,gnina v1.3.3 master:6fe1ce2   Built Jun 30 2026.,static_crystal_polymer,,
2VTS,diffdock,scored,0.67889,gnina v1.3.3 master:6fe1ce2   Built Jun 30 2026.,static_crystal_polymer,,
2VU3,equibind,scored,0.46474,gnina v1.3.3 master:6fe1ce2   Built Jun 30 2026.,static_crystal_polymer,,
2VU3,diffdock,scored,0.53798,gnina v1.3.3 master:6fe1ce2   Built Jun 30 2026.,static_crystal_polymer,,
2VV9,equibind,scored,0.44738,gnina v1.3.3 master:6fe1ce2   Built Jun 30 2026.,static_crystal_polymer,,
2VV9,diffdock,scored,0.44763,gnina v1.3.3 master:6fe1ce2   Built Jun 30 2026.,static_crystal_polymer,,
2VVC,equibind,scored,0.00708,gnina v1.3.3 master:6fe1ce2   Built Jun 30 2026.,static_crystal_polymer,,
2VVC,diffdock,scored,0.62676,gnina v1.3.3 master:6fe1ce2   Built Jun 30 2026.,static_crystal_polymer,,
2VVU,equibind,scored,0.04526,gnina v1.3.3 master:6fe1ce2   Built Jun 30 2026.,static_crystal_polymer,,
2VVU,diffdock,scored,0.54098,gnina v1.3.3 master:6fe1ce2   Built Jun 30 2026.,static_crystal_polymer,,
2VQT,equibind,scored,0.58994,gnina v1.3.3 master:6fe1ce2   Built Jun 30 2026.,static_crystal_polymer,,
2VQT,diffdock,scored,0.81877,gnina v1.3.3 master:6fe1ce2   Built Jun 30 2026.,static_crystal_polymer,,
2VVV,equibind,scored,0.42854,gnina v1.3.3 master:6fe1ce2   Built Jun 30 2026.,static_crystal_polymer,,
2VVV,diffdock,scored,0.92638,gnina v1.3.3 master:6fe1ce2   Built Jun 30 2026.,static_crystal_polymer,,
2VVT,equibind,scored,0.00025,gnina v1.3.3 master:6fe1ce2   Built Jun 30 2026.,static_crystal_polymer,,
2VVT,diffdock,scored,0.58138,gnina v1.3.3 master:6fe1ce2   Built Jun 30 2026.,static_crystal_polymer,,
2VWC,equibind,scored,0.64728,gnina v1.3.3 master:6fe1ce2   Built Jun 30 2026.,static_crystal_polymer,,
2VWC,diffdock,scored,0.62791,gnina v1.3.3 master:6fe1ce2   Built Jun 30 2026.,static_crystal_polymer,,
2VWL,equibind,scored,0.00224,gnina v1.3.3 master:6fe1ce2   Built Jun 30 2026.,static_crystal_polymer,,
2VWL,diffdock,scored,0.55339,gnina v1.3.3 master:6fe1ce2   Built Jun 30 2026.,static_crystal_polymer,,
2VUR,equibind,scored,1e-05,gnina v1.3.3 master:6fe1ce2   Built Jun 30 2026.,static_crystal_polymer,,
2VUR,diffdock,scored,0.84884,gnina v1.3.3 master:6fe1ce2   Built Jun 30 2026.,static_crystal_polymer,,
2VW1,equibind,scored,0.31907,gnina v1.3.3 master:6fe1ce2   Built Jun 30 2026.,static_crystal_polymer,,
2VW1,diffdock,scored,0.93988,gnina v1.3.3 master:6fe1ce2   Built Jun 30 2026.,static_crystal_polymer,,
2VR4,equibind,scored,0.03868,gnina v1.3.3 master:6fe1ce2   Built Jun 30 2026.,static_crystal_polymer,,
2VR4,diffdock,scored,0.65647,gnina v1.3.3 master:6fe1ce2   Built Jun 30 2026.,static_crystal_polymer,,
2VVN,equibind,scored,1e-05,gnina v1.3.3 master:6fe1ce2   Built Jun 30 2026.,static_crystal_polymer,,
2VVN,diffdock,scored,0.98869,gnina v1.3.3 master:6fe1ce2   Built Jun 30 2026.,static_crystal_polymer,,
2VWN,equibind,scored,0.50426,gnina v1.3.3 master:6fe1ce2   Built Jun 30 2026.,static_crystal_polymer,,
2VWN,diffdock,scored,0.78875,gnina v1.3.3 master:6fe1ce2   Built Jun 30 2026.,static_crystal_polymer,,
2VX9,equibind,scored,1e-05,gnina v1.3.3 master:6fe1ce2   Built Jun 30 2026.,static_crystal_polymer,,
2VX9,diffdock,scored,0.2112,gnina v1.3.3 master:6fe1ce2   Built Jun 30 2026.,static_crystal_polymer,,
2VWO,equibind,scored,0.32403,gnina v1.3.3 master:6fe1ce2   Built Jun 30 2026.,static_crystal_polymer,,
2VWO,diffdock,scored,0.89035,gnina v1.3.3 master:6fe1ce2   Built Jun 30 2026.,static_crystal_polymer,,
2VVO,equibind,scored,0.00707,gnina v1.3.3 master:6fe1ce2   Built Jun 30 2026.,static_crystal_polymer,,
2VVO,diffdock,scored,0.7599,gnina v1.3.3 master:6fe1ce2   Built Jun 30 2026.,static_crystal_polymer,,
2VLE,equibind,scored,0.0,gnina v1.3.3 master:6fe1ce2   Built Jun 30 2026.,static_crystal_polymer,,
2VWV,equibind,scored,0.67465,gnina v1.3.3 master:6fe1ce2   Built Jun 30 2026.,static_crystal_polymer,,
2VWV,diffdock,scored,0.7869,gnina v1.3.3 master:6fe1ce2   Built Jun 30 2026.,static_crystal_polymer,,
2VWU,equibind,scored,0.08393,gnina v1.3.3 master:6fe1ce2   Built Jun 30 2026.,static_crystal_polymer,,
2VWU,diffdock,scored,0.95339,gnina v1.3.3 master:6fe1ce2   Built Jun 30 2026.,static_crystal_polymer,,
2VXN,equibind,scored,0.47027,gnina v1.3.3 master:6fe1ce2   Built Jun 30 2026.,static_crystal_polymer,,
2VXN,diffdock,scored,0.74942,gnina v1.3.3 master:6fe1ce2   Built Jun 30 2026.,static_crystal_polymer,,
2VZR,equibind,scored,0.4614,gnina v1.3.3 master:6fe1ce2   Built Jun 30 2026.,static_crystal_polymer,,
2VZR,diffdock,scored,0.48474,gnina v1.3.3 master:6fe1ce2   Built Jun 30 2026.,static_crystal_polymer,,
2VWM,equibind,scored,0.0,gnina v1.3.3 master:6fe1ce2   Built Jun 30 2026.,static_crystal_polymer,,
2VWM,diffdock,scored,0.71968,gnina v1.3.3 master:6fe1ce2   Built Jun 30 2026.,static_crystal_polymer,,
2VYT,equibind,scored,0.00971,gnina v1.3.3 master:6fe1ce2   Built Jun 30 2026.,static_crystal_polymer,,
2VYT,diffdock,scored,0.64672,gnina v1.3.3 master:6fe1ce2   Built Jun 30 2026.,static_crystal_polymer,,
2W12,equibind,scored,0.0267,gnina v1.3.3 master:6fe1ce2   Built Jun 30 2026.,static_crystal_polymer,,
2W12,diffdock,scored,0.90475,gnina v1.3.3 master:6fe1ce2   Built Jun 30 2026.,static_crystal_polymer,,
2W06,equibind,scored,0.15376,gnina v1.3.3 master:6fe1ce2   Built Jun 30 2026.,static_crystal_polymer,,
2W06,diffdock,scored,0.7796,gnina v1.3.3 master:6fe1ce2   Built Jun 30 2026.,static_crystal_polymer,,
2W0X,equibind,scored,0.43695,gnina v1.3.3 master:6fe1ce2   Built Jun 30 2026.,static_crystal_polymer,,
2W0X,diffdock,scored,0.96348,gnina v1.3.3 master:6fe1ce2   Built Jun 30 2026.,static_crystal_polymer,,
2W1H,equibind,scored,0.46814,gnina v1.3.3 master:6fe1ce2   Built Jun 30 2026.,static_crystal_polymer,,
2W1H,diffdock,scored,0.95089,gnina v1.3.3 master:6fe1ce2   Built Jun 30 2026.,static_crystal_polymer,,
2W1G,equibind,scored,0.21276,gnina v1.3.3 master:6fe1ce2   Built Jun 30 2026.,static_crystal_polymer,,
2W1G,diffdock,scored,0.94394,gnina v1.3.3 master:6fe1ce2   Built Jun 30 2026.,static_crystal_polymer,,
2W26,equibind,scored,0.66662,gnina v1.3.3 master:6fe1ce2   Built Jun 30 2026.,static_crystal_polymer,,
2W26,diffdock,scored,0.81459,gnina v1.3.3 master:6fe1ce2   Built Jun 30 2026.,static_crystal_polymer,,
2W0S,equibind,scored,0.36021,gnina v1.3.3 master:6fe1ce2   Built Jun 30 2026.,static_crystal_polymer,,
2W0S,diffdock,scored,0.33594,gnina v1.3.3 master:6fe1ce2   Built Jun 30 2026.,static_crystal_polymer,,
2W3K,equibind,scored,0.34774,gnina v1.3.3 master:6fe1ce2   Built Jun 30 2026.,static_crystal_polymer,,
2W3K,diffdock,scored,0.61558,gnina v1.3.3 master:6fe1ce2   Built Jun 30 2026.,static_crystal_polymer,,
2W1I,equibind,scored,0.01132,gnina v1.3.3 master:6fe1ce2   Built Jun 30 2026.,static_crystal_polymer,,
2W1I,diffdock,scored,0.83003,gnina v1.3.3 master:6fe1ce2   Built Jun 30 2026.,static_crystal_polymer,,
2VW5,equibind,scored,0.00139,gnina v1.3.3 master:6fe1ce2   Built Jun 30 2026.,static_crystal_polymer,,
2VW5,diffdock,scored,0.64089,gnina v1.3.3 master:6fe1ce2   Built Jun 30 2026.,static_crystal_polymer,,
2W5I,equibind,scored,0.0,gnina v1.3.3 master:6fe1ce2   Built Jun 30 2026.,static_crystal_polymer,,
2W5I,diffdock,scored,0.7523,gnina v1.3.3 master:6fe1ce2   Built Jun 30 2026.,static_crystal_polymer,,
2W4X,equibind,scored,0.11794,gnina v1.3.3 master:6fe1ce2   Built Jun 30 2026.,static_crystal_polymer,,
2W4X,diffdock,scored,0.77716,gnina v1.3.3 master:6fe1ce2   Built Jun 30 2026.,static_crystal_polymer,,
2W6C,equibind,scored,0.23155,gnina v1.3.3 master:6fe1ce2   Built Jun 30 2026.,static_crystal_polymer,,
2W6C,diffdock,scored,0.71457,gnina v1.3.3 master:6fe1ce2   Built Jun 30 2026.,static_crystal_polymer,,
2W08,equibind,scored,0.50577,gnina v1.3.3 master:6fe1ce2   Built Jun 30 2026.,static_crystal_polymer,,
2W08,diffdock,scored,0.35329,gnina v1.3.3 master:6fe1ce2   Built Jun 30 2026.,static_crystal_polymer,,
2W6O,equibind,scored,0.0079,gnina v1.3.3 master:6fe1ce2   Built Jun 30 2026.,static_crystal_polymer,,
2W6O,diffdock,scored,0.67646,gnina v1.3.3 master:6fe1ce2   Built Jun 30 2026.,static_crystal_polymer,,
2W4I,equibind,scored,0.0,gnina v1.3.3 master:6fe1ce2   Built Jun 30 2026.,static_crystal_polymer,,
2W4I,diffdock,scored,0.09532,gnina v1.3.3 master:6fe1ce2   Built Jun 30 2026.,static_crystal_polymer,,
2W67,equibind,scored,0.7758,gnina v1.3.3 master:6fe1ce2   Built Jun 30 2026.,static_crystal_polymer,,
2W67,diffdock,scored,0.60745,gnina v1.3.3 master:6fe1ce2   Built Jun 30 2026.,static_crystal_polymer,,
2W87,equibind,scored,0.00534,gnina v1.3.3 master:6fe1ce2   Built Jun 30 2026.,static_crystal_polymer,,
2W87,diffdock,scored,0.78056,gnina v1.3.3 master:6fe1ce2   Built Jun 30 2026.,static_crystal_polymer,,
2W6M,equibind,scored,0.00691,gnina v1.3.3 master:6fe1ce2   Built Jun 30 2026.,static_crystal_polymer,,
2W6M,diffdock,scored,0.95835,gnina v1.3.3 master:6fe1ce2   Built Jun 30 2026.,static_crystal_polymer,,
2W9H,equibind,scored,0.00652,gnina v1.3.3 master:6fe1ce2   Built Jun 30 2026.,static_crystal_polymer,,
2W9H,diffdock,scored,0.9588,gnina v1.3.3 master:6fe1ce2   Built Jun 30 2026.,static_crystal_polymer,,
2W70,equibind,scored,0.04427,gnina v1.3.3 master:6fe1ce2   Built Jun 30 2026.,static_crystal_polymer,,
2W70,diffdock,scored,0.9094,gnina v1.3.3 master:6fe1ce2   Built Jun 30 2026.,static_crystal_polymer,,
2W66,equibind,scored,0.0017,gnina v1.3.3 master:6fe1ce2   Built Jun 30 2026.,static_crystal_polymer,,
2W66,diffdock,scored,0.44631,gnina v1.3.3 master:6fe1ce2   Built Jun 30 2026.,static_crystal_polymer,,
2W8W,equibind,scored,0.00042,gnina v1.3.3 master:6fe1ce2   Built Jun 30 2026.,static_crystal_polymer,,
2W8W,diffdock,scored,0.86429,gnina v1.3.3 master:6fe1ce2   Built Jun 30 2026.,static_crystal_polymer,,
2W8J,equibind,scored,0.00015,gnina v1.3.3 master:6fe1ce2   Built Jun 30 2026.,static_crystal_polymer,,
2W8J,diffdock,scored,0.79535,gnina v1.3.3 master:6fe1ce2   Built Jun 30 2026.,static_crystal_polymer,,
2WA3,equibind,scored,0.13675,gnina v1.3.3 master:6fe1ce2   Built Jun 30 2026.,static_crystal_polymer,,
2WA3,diffdock,scored,0.82759,gnina v1.3.3 master:6fe1ce2   Built Jun 30 2026.,static_crystal_polymer,,
2W92,equibind,scored,0.35253,gnina v1.3.3 master:6fe1ce2   Built Jun 30 2026.,static_crystal_polymer,,
2W92,diffdock,scored,0.33334,gnina v1.3.3 master:6fe1ce2   Built Jun 30 2026.,static_crystal_polymer,,
2WA4,equibind,scored,0.59305,gnina v1.3.3 master:6fe1ce2   Built Jun 30 2026.,static_crystal_polymer,,
2WA4,diffdock,scored,0.33627,gnina v1.3.3 master:6fe1ce2   Built Jun 30 2026.,static_crystal_polymer,,
2WD3,equibind,scored,0.02955,gnina v1.3.3 master:6fe1ce2   Built Jun 30 2026.,static_crystal_polymer,,
2WD3,diffdock,scored,0.80093,gnina v1.3.3 master:6fe1ce2   Built Jun 30 2026.,static_crystal_polymer,,
2WCA,equibind,scored,0.03005,gnina v1.3.3 master:6fe1ce2   Built Jun 30 2026.,static_crystal_polymer,,
2WCA,diffdock,scored,0.61427,gnina v1.3.3 master:6fe1ce2   Built Jun 30 2026.,static_crystal_polymer,,
2WB5,equibind,scored,0.00169,gnina v1.3.3 master:6fe1ce2   Built Jun 30 2026.,static_crystal_polymer,,
2WB5,diffdock,scored,0.65594,gnina v1.3.3 master:6fe1ce2   Built Jun 30 2026.,static_crystal_polymer,,
2WEG,equibind,scored,0.28082,gnina v1.3.3 master:6fe1ce2   Built Jun 30 2026.,static_crystal_polymer,,
2WEG,diffdock,scored,0.81413,gnina v1.3.3 master:6fe1ce2   Built Jun 30 2026.,static_crystal_polymer,,
2WCG,equibind,scored,0.34752,gnina v1.3.3 master:6fe1ce2   Built Jun 30 2026.,static_crystal_polymer,,
2WCG,diffdock,scored,0.96207,gnina v1.3.3 master:6fe1ce2   Built Jun 30 2026.,static_crystal_polymer,,
2WEH,equibind,scored,0.29634,gnina v1.3.3 master:6fe1ce2   Built Jun 30 2026.,static_crystal_polymer,,
2WEH,diffdock,scored,0.92063,gnina v1.3.3 master:6fe1ce2   Built Jun 30 2026.,static_crystal_polymer,,
2WC3,equibind,scored,3e-05,gnina v1.3.3 master:6fe1ce2   Built Jun 30 2026.,static_crystal_polymer,,
2WC3,diffdock,scored,0.46176,gnina v1.3.3 master:6fe1ce2   Built Jun 30 2026.,static_crystal_polymer,,
2W8F,equibind,scored,0.48006,gnina v1.3.3 master:6fe1ce2   Built Jun 30 2026.,static_crystal_polymer,,
2W8F,diffdock,scored,0.49747,gnina v1.3.3 master:6fe1ce2   Built Jun 30 2026.,static_crystal_polymer,,
2WE3,equibind,scored,0.00191,gnina v1.3.3 master:6fe1ce2   Built Jun 30 2026.,static_crystal_polymer,,
2WE3,diffdock,scored,0.03775,gnina v1.3.3 master:6fe1ce2   Built Jun 30 2026.,static_crystal_polymer,,
2WEJ,equibind,scored,0.62873,gnina v1.3.3 master:6fe1ce2   Built Jun 30 2026.,static_crystal_polymer,,
2WEJ,diffdock,scored,0.91339,gnina v1.3.3 master:6fe1ce2   Built Jun 30 2026.,static_crystal_polymer,,
2WEO,equibind,scored,0.6434,gnina v1.3.3 master:6fe1ce2   Built Jun 30 2026.,static_crystal_polymer,,
2WEO,diffdock,scored,0.92347,gnina v1.3.3 master:6fe1ce2   Built Jun 30 2026.,static_crystal_polymer,,
2WEQ,equibind,scored,0.59996,gnina v1.3.3 master:6fe1ce2   Built Jun 30 2026.,static_crystal_polymer,,
2WEQ,diffdock,scored,0.67213,gnina v1.3.3 master:6fe1ce2   Built Jun 30 2026.,static_crystal_polymer,,
2WF1,equibind,scored,0.04996,gnina v1.3.3 master:6fe1ce2   Built Jun 30 2026.,static_crystal_polymer,,
2WF1,diffdock,scored,0.55589,gnina v1.3.3 master:6fe1ce2   Built Jun 30 2026.,static_crystal_polymer,,
2WBG,equibind,scored,0.90405,gnina v1.3.3 master:6fe1ce2   Built Jun 30 2026.,static_crystal_polymer,,
2WBG,diffdock,scored,0.88177,gnina v1.3.3 master:6fe1ce2   Built Jun 30 2026.,static_crystal_polymer,,
2WD7,equibind,scored,0.03132,gnina v1.3.3 master:6fe1ce2   Built Jun 30 2026.,static_crystal_polymer,,
2WD7,diffdock,scored,0.65276,gnina v1.3.3 master:6fe1ce2   Built Jun 30 2026.,static_crystal_polymer,,
2WC4,equibind,scored,0.92601,gnina v1.3.3 master:6fe1ce2   Built Jun 30 2026.,static_crystal_polymer,,
2WC4,diffdock,scored,0.98537,gnina v1.3.3 master:6fe1ce2   Built Jun 30 2026.,static_crystal_polymer,,
2WF2,equibind,scored,0.00998,gnina v1.3.3 master:6fe1ce2   Built Jun 30 2026.,static_crystal_polymer,,
2WF2,diffdock,scored,0.73625,gnina v1.3.3 master:6fe1ce2   Built Jun 30 2026.,static_crystal_polymer,,
2WEY,equibind,scored,0.00904,gnina v1.3.3 master:6fe1ce2   Built Jun 30 2026.,static_crystal_polymer,,
2WEY,diffdock,scored,0.65386,gnina v1.3.3 master:6fe1ce2   Built Jun 30 2026.,static_crystal_polymer,,
2WF5,equibind,scored,0.16681,gnina v1.3.3 master:6fe1ce2   Built Jun 30 2026.,static_crystal_polymer,,
2WF5,diffdock,scored,0.76624,gnina v1.3.3 master:6fe1ce2   Built Jun 30 2026.,static_crystal_polymer,,
2WF3,equibind,scored,0.00119,gnina v1.3.3 master:6fe1ce2   Built Jun 30 2026.,static_crystal_polymer,,
2WF3,diffdock,scored,0.47673,gnina v1.3.3 master:6fe1ce2   Built Jun 30 2026.,static_crystal_polymer,,
2WI1,equibind,scored,0.22609,gnina v1.3.3 master:6fe1ce2   Built Jun 30 2026.,static_crystal_polymer,,
2WI1,diffdock,scored,0.72153,gnina v1.3.3 master:6fe1ce2   Built Jun 30 2026.,static_crystal_polymer,,
2WF4,equibind,scored,0.00012,gnina v1.3.3 master:6fe1ce2   Built Jun 30 2026.,static_crystal_polymer,,
2WF4,diffdock,scored,0.82535,gnina v1.3.3 master:6fe1ce2   Built Jun 30 2026.,static_crystal_polymer,,
2WI4,equibind,scored,0.59529,gnina v1.3.3 master:6fe1ce2   Built Jun 30 2026.,static_crystal_polymer,,
2WI4,diffdock,scored,0.72516,gnina v1.3.3 master:6fe1ce2   Built Jun 30 2026.,static_crystal_polymer,,
2WGJ,equibind,scored,0.17069,gnina v1.3.3 master:6fe1ce2   Built Jun 30 2026.,static_crystal_polymer,,
2WGJ,diffdock,scored,0.67592,gnina v1.3.3 master:6fe1ce2   Built Jun 30 2026.,static_crystal_polymer,,
2WGI,equibind,scored,0.03326,gnina v1.3.3 master:6fe1ce2   Built Jun 30 2026.,static_crystal_polymer,,
2WGI,diffdock,scored,0.43367,gnina v1.3.3 master:6fe1ce2   Built Jun 30 2026.,static_crystal_polymer,,
2WI7,equibind,scored,0.23709,gnina v1.3.3 master:6fe1ce2   Built Jun 30 2026.,static_crystal_polymer,,
2WI7,diffdock,scored,0.64919,gnina v1.3.3 master:6fe1ce2   Built Jun 30 2026.,static_crystal_polymer,,
2WIC,equibind,scored,0.13797,gnina v1.3.3 master:6fe1ce2   Built Jun 30 2026.,static_crystal_polymer,,
2WIC,diffdock,scored,0.44674,gnina v1.3.3 master:6fe1ce2   Built Jun 30 2026.,static_crystal_polymer,,
2WIB,equibind,scored,0.0128,gnina v1.3.3 master:6fe1ce2   Built Jun 30 2026.,static_crystal_polymer,,
2WIB,diffdock,scored,0.75715,gnina v1.3.3 master:6fe1ce2   Built Jun 30 2026.,static_crystal_polymer,,
2WJG,equibind,scored,0.0001,gnina v1.3.3 master:6fe1ce2   Built Jun 30 2026.,static_crystal_polymer,,
2WJG,diffdock,scored,0.70906,gnina v1.3.3 master:6fe1ce2   Built Jun 30 2026.,static_crystal_polymer,,
2WBB,equibind,scored,0.00155,gnina v1.3.3 master:6fe1ce2   Built Jun 30 2026.,static_crystal_polymer,,
2WBB,diffdock,scored,0.7301,gnina v1.3.3 master:6fe1ce2   Built Jun 30 2026.,static_crystal_polymer,,
2WJI,equibind,scored,0.00388,gnina v1.3.3 master:6fe1ce2   Built Jun 30 2026.,static_crystal_polymer,,
2WJI,diffdock,scored,0.22253,gnina v1.3.3 master:6fe1ce2   Built Jun 30 2026.,static_crystal_polymer,,
2WHO,equibind,scored,0.00592,gnina v1.3.3 master:6fe1ce2   Built Jun 30 2026.,static_crystal_polymer,,
2WHO,diffdock,scored,0.72014,gnina v1.3.3 master:6fe1ce2   Built Jun 30 2026.,static_crystal_polymer,,
2WK6,equibind,scored,0.00144,gnina v1.3.3 master:6fe1ce2   Built Jun 30 2026.,static_crystal_polymer,,
2WK6,diffdock,scored,0.63691,gnina v1.3.3 master:6fe1ce2   Built Jun 30 2026.,static_crystal_polymer,,
2WMR,equibind,scored,0.41295,gnina v1.3.3 master:6fe1ce2   Built Jun 30 2026.,static_crystal_polymer,,
2WMR,diffdock,scored,0.68401,gnina v1.3.3 master:6fe1ce2   Built Jun 30 2026.,static_crystal_polymer,,
2WMW,equibind,scored,0.06389,gnina v1.3.3 master:6fe1ce2   Built Jun 30 2026.,static_crystal_polymer,,
2WMW,diffdock,scored,0.96861,gnina v1.3.3 master:6fe1ce2   Built Jun 30 2026.,static_crystal_polymer,,
2WBD,equibind,scored,7e-05,gnina v1.3.3 master:6fe1ce2   Built Jun 30 2026.,static_crystal_polymer,,
2WBD,diffdock,scored,0.94333,gnina v1.3.3 master:6fe1ce2   Built Jun 30 2026.,static_crystal_polymer,,
2WKY,equibind,scored,0.00377,gnina v1.3.3 master:6fe1ce2   Built Jun 30 2026.,static_crystal_polymer,,
2WKY,diffdock,scored,0.97612,gnina v1.3.3 master:6fe1ce2   Built Jun 30 2026.,static_crystal_polymer,,
2WJ2,equibind,scored,0.00013,gnina v1.3.3 master:6fe1ce2   Built Jun 30 2026.,static_crystal_polymer,,
2WJ2,diffdock,scored,0.48412,gnina v1.3.3 master:6fe1ce2   Built Jun 30 2026.,static_crystal_polymer,,
2WO8,equibind,scored,0.00098,gnina v1.3.3 master:6fe1ce2   Built Jun 30 2026.,static_crystal_polymer,,
2WO8,diffdock,scored,0.87725,gnina v1.3.3 master:6fe1ce2   Built Jun 30 2026.,static_crystal_polymer,,
2WOQ,equibind,scored,0.03875,gnina v1.3.3 master:6fe1ce2   Built Jun 30 2026.,static_crystal_polymer,,
2WOQ,diffdock,scored,0.75759,gnina v1.3.3 master:6fe1ce2   Built Jun 30 2026.,static_crystal_polymer,,
2VI5,equibind,scored,0.37557,gnina v1.3.3 master:6fe1ce2   Built Jun 30 2026.,static_crystal_polymer,,
2VI5,diffdock,scored,0.76338,gnina v1.3.3 master:6fe1ce2   Built Jun 30 2026.,static_crystal_polymer,,
2WON,equibind,scored,0.01949,gnina v1.3.3 master:6fe1ce2   Built Jun 30 2026.,static_crystal_polymer,,
2WON,diffdock,scored,0.89194,gnina v1.3.3 master:6fe1ce2   Built Jun 30 2026.,static_crystal_polymer,,
2WN9,equibind,scored,0.58671,gnina v1.3.3 master:6fe1ce2   Built Jun 30 2026.,static_crystal_polymer,,
2WN9,diffdock,scored,0.86267,gnina v1.3.3 master:6fe1ce2   Built Jun 30 2026.,static_crystal_polymer,,
2WPA,equibind,scored,0.00212,gnina v1.3.3 master:6fe1ce2   Built Jun 30 2026.,static_crystal_polymer,,
2WPA,diffdock,scored,0.959,gnina v1.3.3 master:6fe1ce2   Built Jun 30 2026.,static_crystal_polymer,,
2WQ4,equibind,scored,0.10683,gnina v1.3.3 master:6fe1ce2   Built Jun 30 2026.,static_crystal_polymer,,
2WQ4,diffdock,scored,0.44937,gnina v1.3.3 master:6fe1ce2   Built Jun 30 2026.,static_crystal_polymer,,
2WR8,equibind,scored,7e-05,gnina v1.3.3 master:6fe1ce2   Built Jun 30 2026.,static_crystal_polymer,,
2WR8,diffdock,scored,0.03253,gnina v1.3.3 master:6fe1ce2   Built Jun 30 2026.,static_crystal_polymer,,
2WNJ,equibind,scored,0.41495,gnina v1.3.3 master:6fe1ce2   Built Jun 30 2026.,static_crystal_polymer,,
2WNJ,diffdock,scored,0.61211,gnina v1.3.3 master:6fe1ce2   Built Jun 30 2026.,static_crystal_polymer,,
2WQP,equibind,scored,0.03068,gnina v1.3.3 master:6fe1ce2   Built Jun 30 2026.,static_crystal_polymer,,
2WQP,diffdock,scored,0.74198,gnina v1.3.3 master:6fe1ce2   Built Jun 30 2026.,static_crystal_polymer,,
2WTC,equibind,scored,0.65982,gnina v1.3.3 master:6fe1ce2   Built Jun 30 2026.,static_crystal_polymer,,
2WTC,diffdock,scored,0.63687,gnina v1.3.3 master:6fe1ce2   Built Jun 30 2026.,static_crystal_polymer,,
2WTJ,equibind,scored,0.58886,gnina v1.3.3 master:6fe1ce2   Built Jun 30 2026.,static_crystal_polymer,,
2WTJ,diffdock,scored,0.8394,gnina v1.3.3 master:6fe1ce2   Built Jun 30 2026.,static_crystal_polymer,,
2WPB,equibind,scored,0.02712,gnina v1.3.3 master:6fe1ce2   Built Jun 30 2026.,static_crystal_polymer,,
2WPB,diffdock,scored,0.27057,gnina v1.3.3 master:6fe1ce2   Built Jun 30 2026.,static_crystal_polymer,,
2WUF,equibind,scored,0.00011,gnina v1.3.3 master:6fe1ce2   Built Jun 30 2026.,static_crystal_polymer,,
2WUF,diffdock,scored,0.69496,gnina v1.3.3 master:6fe1ce2   Built Jun 30 2026.,static_crystal_polymer,,
2WUU,equibind,scored,0.0012,gnina v1.3.3 master:6fe1ce2   Built Jun 30 2026.,static_crystal_polymer,,
2WUU,diffdock,scored,0.08218,gnina v1.3.3 master:6fe1ce2   Built Jun 30 2026.,static_crystal_polymer,,
2WVT,equibind,scored,0.36221,gnina v1.3.3 master:6fe1ce2   Built Jun 30 2026.,static_crystal_polymer,,
2WVT,diffdock,scored,0.86839,gnina v1.3.3 master:6fe1ce2   Built Jun 30 2026.,static_crystal_polymer,,
2WWJ,equibind,scored,0.00022,gnina v1.3.3 master:6fe1ce2   Built Jun 30 2026.,static_crystal_polymer,,
2WWJ,diffdock,scored,0.18624,gnina v1.3.3 master:6fe1ce2   Built Jun 30 2026.,static_crystal_polymer,,
2WSX,equibind,scored,0.28983,gnina v1.3.3 master:6fe1ce2   Built Jun 30 2026.,static_crystal_polymer,,
2WSX,diffdock,scored,0.68947,gnina v1.3.3 master:6fe1ce2   Built Jun 30 2026.,static_crystal_polymer,,
2WNL,equibind,scored,0.00086,gnina v1.3.3 master:6fe1ce2   Built Jun 30 2026.,static_crystal_polymer,,
2WNL,diffdock,scored,0.26629,gnina v1.3.3 master:6fe1ce2   Built Jun 30 2026.,static_crystal_polymer,,
2WXJ,equibind,scored,0.20562,gnina v1.3.3 master:6fe1ce2   Built Jun 30 2026.,static_crystal_polymer,,
2WXJ,diffdock,scored,0.61707,gnina v1.3.3 master:6fe1ce2   Built Jun 30 2026.,static_crystal_polymer,,
2WTX,equibind,scored,0.07601,gnina v1.3.3 master:6fe1ce2   Built Jun 30 2026.,static_crystal_polymer,,
2WTX,diffdock,scored,0.66151,gnina v1.3.3 master:6fe1ce2   Built Jun 30 2026.,static_crystal_polymer,,
2WXK,equibind,scored,0.01578,gnina v1.3.3 master:6fe1ce2   Built Jun 30 2026.,static_crystal_polymer,,
2WXK,diffdock,scored,0.63265,gnina v1.3.3 master:6fe1ce2   Built Jun 30 2026.,static_crystal_polymer,,
2WXN,equibind,scored,0.43579,gnina v1.3.3 master:6fe1ce2   Built Jun 30 2026.,static_crystal_polymer,,
2WXN,diffdock,scored,0.45316,gnina v1.3.3 master:6fe1ce2   Built Jun 30 2026.,static_crystal_polymer,,
2WYG,equibind,scored,0.00214,gnina v1.3.3 master:6fe1ce2   Built Jun 30 2026.,static_crystal_polymer,,
2WYG,diffdock,scored,0.69249,gnina v1.3.3 master:6fe1ce2   Built Jun 30 2026.,static_crystal_polymer,,
2WW2,equibind,scored,0.09281,gnina v1.3.3 master:6fe1ce2   Built Jun 30 2026.,static_crystal_polymer,,
2WW2,diffdock,scored,0.85593,gnina v1.3.3 master:6fe1ce2   Built Jun 30 2026.,static_crystal_polymer,,
2WYJ,equibind,scored,0.00114,gnina v1.3.3 master:6fe1ce2   Built Jun 30 2026.,static_crystal_polymer,,
2WYJ,diffdock,scored,0.68638,gnina v1.3.3 master:6fe1ce2   Built Jun 30 2026.,static_crystal_polymer,,
2WZF,equibind,scored,0.00409,gnina v1.3.3 master:6fe1ce2   Built Jun 30 2026.,static_crystal_polymer,,
2WZF,diffdock,scored,0.47564,gnina v1.3.3 master:6fe1ce2   Built Jun 30 2026.,static_crystal_polymer,,
2WXV,equibind,scored,0.00483,gnina v1.3.3 master:6fe1ce2   Built Jun 30 2026.,static_crystal_polymer,,
2WXV,diffdock,scored,0.81765,gnina v1.3.3 master:6fe1ce2   Built Jun 30 2026.,static_crystal_polymer,,
2WL5,equibind,scored,0.00061,gnina v1.3.3 master:6fe1ce2   Built Jun 30 2026.,static_crystal_polymer,,
2WL5,diffdock,scored,0.75376,gnina v1.3.3 master:6fe1ce2   Built Jun 30 2026.,static_crystal_polymer,,
2WZM,equibind,scored,0.00063,gnina v1.3.3 master:6fe1ce2   Built Jun 30 2026.,static_crystal_polymer,,
2WZM,diffdock,scored,0.65282,gnina v1.3.3 master:6fe1ce2   Built Jun 30 2026.,static_crystal_polymer,,
2X2K,equibind,scored,0.64531,gnina v1.3.3 master:6fe1ce2   Built Jun 30 2026.,static_crystal_polymer,,
2X2K,diffdock,scored,0.73133,gnina v1.3.3 master:6fe1ce2   Built Jun 30 2026.,static_crystal_polymer,,
2X2L,equibind,scored,0.62338,gnina v1.3.3 master:6fe1ce2   Built Jun 30 2026.,static_crystal_polymer,,
2X2L,diffdock,scored,0.41227,gnina v1.3.3 master:6fe1ce2   Built Jun 30 2026.,static_crystal_polymer,,
2X39,equibind,scored,0.00978,gnina v1.3.3 master:6fe1ce2   Built Jun 30 2026.,static_crystal_polymer,,
2X39,diffdock,scored,0.51106,gnina v1.3.3 master:6fe1ce2   Built Jun 30 2026.,static_crystal_polymer,,
2WVZ,equibind,scored,0.00659,gnina v1.3.3 master:6fe1ce2   Built Jun 30 2026.,static_crystal_polymer,,
2WVZ,diffdock,scored,0.77774,gnina v1.3.3 master:6fe1ce2   Built Jun 30 2026.,static_crystal_polymer,,
2X2R,equibind,scored,0.26242,gnina v1.3.3 master:6fe1ce2   Built Jun 30 2026.,static_crystal_polymer,,
2X2R,diffdock,scored,0.92523,gnina v1.3.3 master:6fe1ce2   Built Jun 30 2026.,static_crystal_polymer,,
2WYI,equibind,scored,0.05945,gnina v1.3.3 master:6fe1ce2   Built Jun 30 2026.,static_crystal_polymer,,
2WYI,diffdock,scored,0.92,gnina v1.3.3 master:6fe1ce2   Built Jun 30 2026.,static_crystal_polymer,,
2X4Z,equibind,scored,0.28179,gnina v1.3.3 master:6fe1ce2   Built Jun 30 2026.,static_crystal_polymer,,
2X4Z,diffdock,scored,0.65637,gnina v1.3.3 master:6fe1ce2   Built Jun 30 2026.,static_crystal_polymer,,
2X00,equibind,scored,0.3888,gnina v1.3.3 master:6fe1ce2   Built Jun 30 2026.,static_crystal_polymer,,
2X00,diffdock,scored,0.2423,gnina v1.3.3 master:6fe1ce2   Built Jun 30 2026.,static_crystal_polymer,,
2X3T,equibind,scored,0.66579,gnina v1.3.3 master:6fe1ce2   Built Jun 30 2026.,static_crystal_polymer,,
2X3T,diffdock,scored,0.45312,gnina v1.3.3 master:6fe1ce2   Built Jun 30 2026.,static_crystal_polymer,,
2X09,equibind,scored,0.64005,gnina v1.3.3 master:6fe1ce2   Built Jun 30 2026.,static_crystal_polymer,,
2X09,diffdock,scored,0.71536,gnina v1.3.3 master:6fe1ce2   Built Jun 30 2026.,static_crystal_polymer,,
2X52,equibind,scored,0.00015,gnina v1.3.3 master:6fe1ce2   Built Jun 30 2026.,static_crystal_polymer,,
2X52,diffdock,scored,0.49665,gnina v1.3.3 master:6fe1ce2   Built Jun 30 2026.,static_crystal_polymer,,
2X6E,equibind,scored,0.37616,gnina v1.3.3 master:6fe1ce2   Built Jun 30 2026.,static_crystal_polymer,,
2X6E,diffdock,scored,0.74271,gnina v1.3.3 master:6fe1ce2   Built Jun 30 2026.,static_crystal_polymer,,
2X7C,equibind,scored,0.0103,gnina v1.3.3 master:6fe1ce2   Built Jun 30 2026.,static_crystal_polymer,,
2X7C,diffdock,scored,0.77583,gnina v1.3.3 master:6fe1ce2   Built Jun 30 2026.,static_crystal_polymer,,
2X6F,equibind,scored,0.00015,gnina v1.3.3 master:6fe1ce2   Built Jun 30 2026.,static_crystal_polymer,,
2X6F,diffdock,scored,0.51683,gnina v1.3.3 master:6fe1ce2   Built Jun 30 2026.,static_crystal_polymer,,
2X7S,equibind,scored,0.34769,gnina v1.3.3 master:6fe1ce2   Built Jun 30 2026.,static_crystal_polymer,,
2X7S,diffdock,scored,0.71584,gnina v1.3.3 master:6fe1ce2   Built Jun 30 2026.,static_crystal_polymer,,
2X6I,equibind,scored,0.00295,gnina v1.3.3 master:6fe1ce2   Built Jun 30 2026.,static_crystal_polymer,,
2X6I,diffdock,scored,0.7084,gnina v1.3.3 master:6fe1ce2   Built Jun 30 2026.,static_crystal_polymer,,
2X7T,equibind,scored,0.08254,gnina v1.3.3 master:6fe1ce2   Built Jun 30 2026.,static_crystal_polymer,,
2X7T,diffdock,scored,0.71468,gnina v1.3.3 master:6fe1ce2   Built Jun 30 2026.,static_crystal_polymer,,
2WVA,equibind,scored,0.00437,gnina v1.3.3 master:6fe1ce2   Built Jun 30 2026.,static_crystal_polymer,,
2X6J,equibind,scored,0.00034,gnina v1.3.3 master:6fe1ce2   Built Jun 30 2026.,static_crystal_polymer,,
2X6J,diffdock,scored,0.48386,gnina v1.3.3 master:6fe1ce2   Built Jun 30 2026.,static_crystal_polymer,,
2X81,equibind,scored,0.00405,gnina v1.3.3 master:6fe1ce2   Built Jun 30 2026.,static_crystal_polymer,,
2X81,diffdock,scored,0.33356,gnina v1.3.3 master:6fe1ce2   Built Jun 30 2026.,static_crystal_polymer,,
2X7D,equibind,scored,0.5591,gnina v1.3.3 master:6fe1ce2   Built Jun 30 2026.,static_crystal_polymer,,
2X7D,diffdock,scored,0.65802,gnina v1.3.3 master:6fe1ce2   Built Jun 30 2026.,static_crystal_polymer,,
2X8D,equibind,scored,0.25709,gnina v1.3.3 master:6fe1ce2   Built Jun 30 2026.,static_crystal_polymer,,
2X8D,diffdock,scored,0.9552,gnina v1.3.3 master:6fe1ce2   Built Jun 30 2026.,static_crystal_polymer,,
2X7X,equibind,scored,0.00014,gnina v1.3.3 master:6fe1ce2   Built Jun 30 2026.,static_crystal_polymer,,
2X7X,diffdock,scored,0.7314,gnina v1.3.3 master:6fe1ce2   Built Jun 30 2026.,static_crystal_polymer,,
2X8E,equibind,scored,0.1599,gnina v1.3.3 master:6fe1ce2   Built Jun 30 2026.,static_crystal_polymer,,
2X8E,diffdock,scored,0.60902,gnina v1.3.3 master:6fe1ce2   Built Jun 30 2026.,static_crystal_polymer,,
2X8I,equibind,scored,0.21422,gnina v1.3.3 master:6fe1ce2   Built Jun 30 2026.,static_crystal_polymer,,
2X8I,diffdock,scored,0.79871,gnina v1.3.3 master:6fe1ce2   Built Jun 30 2026.,static_crystal_polymer,,
2X8Z,equibind,scored,0.1784,gnina v1.3.3 master:6fe1ce2   Built Jun 30 2026.,static_crystal_polymer,,
2X8Z,diffdock,scored,0.83686,gnina v1.3.3 master:6fe1ce2   Built Jun 30 2026.,static_crystal_polymer,,
2X9E,equibind,scored,0.07777,gnina v1.3.3 master:6fe1ce2   Built Jun 30 2026.,static_crystal_polymer,,
2X9E,diffdock,scored,0.58856,gnina v1.3.3 master:6fe1ce2   Built Jun 30 2026.,static_crystal_polymer,,
2XAB,equibind,scored,0.00635,gnina v1.3.3 master:6fe1ce2   Built Jun 30 2026.,static_crystal_polymer,,
2XAB,diffdock,scored,0.71264,gnina v1.3.3 master:6fe1ce2   Built Jun 30 2026.,static_crystal_polymer,,
2X97,equibind,scored,0.00583,gnina v1.3.3 master:6fe1ce2   Built Jun 30 2026.,static_crystal_polymer,,
2X97,diffdock,scored,0.30957,gnina v1.3.3 master:6fe1ce2   Built Jun 30 2026.,static_crystal_polymer,,
2XB8,equibind,scored,0.09961,gnina v1.3.3 master:6fe1ce2   Built Jun 30 2026.,static_crystal_polymer,,
2XB8,diffdock,scored,0.78023,gnina v1.3.3 master:6fe1ce2   Built Jun 30 2026.,static_crystal_polymer,,
2XB7,equibind,scored,0.0607,gnina v1.3.3 master:6fe1ce2   Built Jun 30 2026.,static_crystal_polymer,,
2XB7,diffdock,scored,0.92315,gnina v1.3.3 master:6fe1ce2   Built Jun 30 2026.,static_crystal_polymer,,
2XBJ,equibind,scored,0.58691,gnina v1.3.3 master:6fe1ce2   Built Jun 30 2026.,static_crystal_polymer,,
2XBJ,diffdock,scored,0.44905,gnina v1.3.3 master:6fe1ce2   Built Jun 30 2026.,static_crystal_polymer,,
2XBX,equibind,scored,0.70725,gnina v1.3.3 master:6fe1ce2   Built Jun 30 2026.,static_crystal_polymer,,
2XBX,diffdock,scored,0.76323,gnina v1.3.3 master:6fe1ce2   Built Jun 30 2026.,static_crystal_polymer,,
2XC0,equibind,scored,0.09217,gnina v1.3.3 master:6fe1ce2   Built Jun 30 2026.,static_crystal_polymer,,
2XC0,diffdock,scored,0.79684,gnina v1.3.3 master:6fe1ce2   Built Jun 30 2026.,static_crystal_polymer,,
2XC4,equibind,scored,0.02134,gnina v1.3.3 master:6fe1ce2   Built Jun 30 2026.,static_crystal_polymer,,
2XC4,diffdock,scored,0.94641,gnina v1.3.3 master:6fe1ce2   Built Jun 30 2026.,static_crystal_polymer,,
2XCH,equibind,scored,0.089,gnina v1.3.3 master:6fe1ce2   Built Jun 30 2026.,static_crystal_polymer,,
2XCH,diffdock,scored,0.178,gnina v1.3.3 master:6fe1ce2   Built Jun 30 2026.,static_crystal_polymer,,
2XB9,equibind,scored,0.0005,gnina v1.3.3 master:6fe1ce2   Built Jun 30 2026.,static_crystal_polymer,,
2XB9,diffdock,scored,0.83558,gnina v1.3.3 master:6fe1ce2   Built Jun 30 2026.,static_crystal_polymer,,
2XD6,equibind,scored,0.71932,gnina v1.3.3 master:6fe1ce2   Built Jun 30 2026.,static_crystal_polymer,,
2XD6,diffdock,scored,0.60021,gnina v1.3.3 master:6fe1ce2   Built Jun 30 2026.,static_crystal_polymer,,
2XDK,equibind,scored,0.49771,gnina v1.3.3 master:6fe1ce2   Built Jun 30 2026.,static_crystal_polymer,,
2XDK,diffdock,scored,0.70566,gnina v1.3.3 master:6fe1ce2   Built Jun 30 2026.,static_crystal_polymer,,
2XDA,equibind,scored,0.33918,gnina v1.3.3 master:6fe1ce2   Built Jun 30 2026.,static_crystal_polymer,,
2XDA,diffdock,scored,0.88368,gnina v1.3.3 master:6fe1ce2   Built Jun 30 2026.,static_crystal_polymer,,
2XAE,equibind,scored,0.23401,gnina v1.3.3 master:6fe1ce2   Built Jun 30 2026.,static_crystal_polymer,,
2XAE,diffdock,scored,0.83234,gnina v1.3.3 master:6fe1ce2   Built Jun 30 2026.,static_crystal_polymer,,
2XCN,equibind,scored,0.0,gnina v1.3.3 master:6fe1ce2   Built Jun 30 2026.,static_crystal_polymer,,
2XCN,diffdock,scored,0.82576,gnina v1.3.3 master:6fe1ce2   Built Jun 30 2026.,static_crystal_polymer,,
2XDL,equibind,scored,0.66675,gnina v1.3.3 master:6fe1ce2   Built Jun 30 2026.,static_crystal_polymer,,
2XDL,diffdock,scored,0.63248,gnina v1.3.3 master:6fe1ce2   Built Jun 30 2026.,static_crystal_polymer,,
2XD9,equibind,scored,0.0039,gnina v1.3.3 master:6fe1ce2   Built Jun 30 2026.,static_crystal_polymer,,
2XD9,diffdock,scored,0.96012,gnina v1.3.3 master:6fe1ce2   Built Jun 30 2026.,static_crystal_polymer,,
2XEZ,equibind,scored,0.08443,gnina v1.3.3 master:6fe1ce2   Built Jun 30 2026.,static_crystal_polymer,,
2XEZ,diffdock,scored,0.26405,gnina v1.3.3 master:6fe1ce2   Built Jun 30 2026.,static_crystal_polymer,,
2XF0,equibind,scored,0.06443,gnina v1.3.3 master:6fe1ce2   Built Jun 30 2026.,static_crystal_polymer,,
2XF0,diffdock,scored,0.25273,gnina v1.3.3 master:6fe1ce2   Built Jun 30 2026.,static_crystal_polymer,,
2WKT,equibind,scored,0.26037,gnina v1.3.3 master:6fe1ce2   Built Jun 30 2026.,static_crystal_polymer,,
2WKT,diffdock,scored,0.4994,gnina v1.3.3 master:6fe1ce2   Built Jun 30 2026.,static_crystal_polymer,,
2XEL,equibind,scored,1e-05,gnina v1.3.3 master:6fe1ce2   Built Jun 30 2026.,static_crystal_polymer,,
2XEL,diffdock,scored,0.07949,gnina v1.3.3 master:6fe1ce2   Built Jun 30 2026.,static_crystal_polymer,,
2XFJ,equibind,scored,0.00207,gnina v1.3.3 master:6fe1ce2   Built Jun 30 2026.,static_crystal_polymer,,
2XFJ,diffdock,scored,0.77943,gnina v1.3.3 master:6fe1ce2   Built Jun 30 2026.,static_crystal_polymer,,
2XFI,equibind,scored,0.00012,gnina v1.3.3 master:6fe1ce2   Built Jun 30 2026.,static_crystal_polymer,,
2XFI,diffdock,scored,0.72967,gnina v1.3.3 master:6fe1ce2   Built Jun 30 2026.,static_crystal_polymer,,
2XEJ,equibind,scored,4e-05,gnina v1.3.3 master:6fe1ce2   Built Jun 30 2026.,static_crystal_polymer,,
2XEJ,diffdock,scored,0.55238,gnina v1.3.3 master:6fe1ce2   Built Jun 30 2026.,static_crystal_polymer,,
2XG5,equibind,scored,0.00393,gnina v1.3.3 master:6fe1ce2   Built Jun 30 2026.,static_crystal_polymer,,
2XG5,diffdock,scored,0.01451,gnina v1.3.3 master:6fe1ce2   Built Jun 30 2026.,static_crystal_polymer,,
2XH5,equibind,scored,0.19695,gnina v1.3.3 master:6fe1ce2   Built Jun 30 2026.,static_crystal_polymer,,
2XH5,diffdock,scored,0.57734,gnina v1.3.3 master:6fe1ce2   Built Jun 30 2026.,static_crystal_polymer,,
2XHR,equibind,scored,0.58624,gnina v1.3.3 master:6fe1ce2   Built Jun 30 2026.,static_crystal_polymer,,
2XHR,diffdock,scored,0.61707,gnina v1.3.3 master:6fe1ce2   Built Jun 30 2026.,static_crystal_polymer,,
2XHT,equibind,scored,0.26077,gnina v1.3.3 master:6fe1ce2   Built Jun 30 2026.,static_crystal_polymer,,
2XHT,diffdock,scored,0.48222,gnina v1.3.3 master:6fe1ce2   Built Jun 30 2026.,static_crystal_polymer,,
2XHM,equibind,scored,3e-05,gnina v1.3.3 master:6fe1ce2   Built Jun 30 2026.,static_crystal_polymer,,
2XHM,diffdock,scored,0.55275,gnina v1.3.3 master:6fe1ce2   Built Jun 30 2026.,static_crystal_polymer,,
2XCS,equibind,scored,0.00044,gnina v1.3.3 master:6fe1ce2   Built Jun 30 2026.,static_crystal_polymer,,
2XCS,diffdock,scored,0.13309,gnina v1.3.3 master:6fe1ce2   Built Jun 30 2026.,static_crystal_polymer,,
2WW0,equibind,scored,0.00194,gnina v1.3.3 master:6fe1ce2   Built Jun 30 2026.,static_crystal_polymer,,
2XDM,equibind,scored,0.00858,gnina v1.3.3 master:6fe1ce2   Built Jun 30 2026.,static_crystal_polymer,,
2XDM,diffdock,scored,0.53021,gnina v1.3.3 master:6fe1ce2   Built Jun 30 2026.,static_crystal_polymer,,
2XGM,equibind,scored,0.50945,gnina v1.3.3 master:6fe1ce2   Built Jun 30 2026.,static_crystal_polymer,,
2XGM,diffdock,scored,0.83678,gnina v1.3.3 master:6fe1ce2   Built Jun 30 2026.,static_crystal_polymer,,
2XHX,equibind,scored,0.40484,gnina v1.3.3 master:6fe1ce2   Built Jun 30 2026.,static_crystal_polymer,,
2XHX,diffdock,scored,0.54578,gnina v1.3.3 master:6fe1ce2   Built Jun 30 2026.,static_crystal_polymer,,
2WZY,equibind,scored,0.00083,gnina v1.3.3 master:6fe1ce2   Built Jun 30 2026.,static_crystal_polymer,,
2WZY,diffdock,scored,0.05392,gnina v1.3.3 master:6fe1ce2   Built Jun 30 2026.,static_crystal_polymer,,
2XGO,equibind,scored,0.00096,gnina v1.3.3 master:6fe1ce2   Built Jun 30 2026.,static_crystal_polymer,,
2XGO,diffdock,scored,0.33767,gnina v1.3.3 master:6fe1ce2   Built Jun 30 2026.,static_crystal_polymer,,
2XGS,equibind,scored,0.0516,gnina v1.3.3 master:6fe1ce2   Built Jun 30 2026.,static_crystal_polymer,,
2XGS,diffdock,scored,0.89836,gnina v1.3.3 master:6fe1ce2   Built Jun 30 2026.,static_crystal_polymer,,
2XIX,equibind,scored,0.7356,gnina v1.3.3 master:6fe1ce2   Built Jun 30 2026.,static_crystal_polymer,,
2XIX,diffdock,scored,0.79776,gnina v1.3.3 master:6fe1ce2   Built Jun 30 2026.,static_crystal_polymer,,
2XIZ,equibind,scored,0.71878,gnina v1.3.3 master:6fe1ce2   Built Jun 30 2026.,static_crystal_polymer,,
2XIZ,diffdock,scored,0.80403,gnina v1.3.3 master:6fe1ce2   Built Jun 30 2026.,static_crystal_polymer,,
2XJ1,equibind,scored,0.3593,gnina v1.3.3 master:6fe1ce2   Built Jun 30 2026.,static_crystal_polymer,,
2XJ1,diffdock,scored,0.89152,gnina v1.3.3 master:6fe1ce2   Built Jun 30 2026.,static_crystal_polymer,,
2XJ2,equibind,scored,0.69799,gnina v1.3.3 master:6fe1ce2   Built Jun 30 2026.,static_crystal_polymer,,
2XJ2,diffdock,scored,0.64423,gnina v1.3.3 master:6fe1ce2   Built Jun 30 2026.,static_crystal_polymer,,
2XJG,equibind,scored,0.59685,gnina v1.3.3 master:6fe1ce2   Built Jun 30 2026.,static_crystal_polymer,,
2XJG,diffdock,scored,0.81925,gnina v1.3.3 master:6fe1ce2   Built Jun 30 2026.,static_crystal_polymer,,
2XI7,equibind,scored,0.56892,gnina v1.3.3 master:6fe1ce2   Built Jun 30 2026.,static_crystal_polymer,,
2XI7,diffdock,scored,0.69317,gnina v1.3.3 master:6fe1ce2   Built Jun 30 2026.,static_crystal_polymer,,
2XK3,equibind,scored,0.59379,gnina v1.3.3 master:6fe1ce2   Built Jun 30 2026.,static_crystal_polymer,,
2XK3,diffdock,scored,0.73664,gnina v1.3.3 master:6fe1ce2   Built Jun 30 2026.,static_crystal_polymer,,
2XK7,equibind,scored,0.98253,gnina v1.3.3 master:6fe1ce2   Built Jun 30 2026.,static_crystal_polymer,,
2XK7,diffdock,scored,0.91038,gnina v1.3.3 master:6fe1ce2   Built Jun 30 2026.,static_crystal_polymer,,
2XJJ,equibind,scored,0.03351,gnina v1.3.3 master:6fe1ce2   Built Jun 30 2026.,static_crystal_polymer,,
2XJJ,diffdock,scored,0.22976,gnina v1.3.3 master:6fe1ce2   Built Jun 30 2026.,static_crystal_polymer,,
2XK4,equibind,scored,0.61099,gnina v1.3.3 master:6fe1ce2   Built Jun 30 2026.,static_crystal_polymer,,
2XK4,diffdock,scored,0.76648,gnina v1.3.3 master:6fe1ce2   Built Jun 30 2026.,static_crystal_polymer,,
2XII,equibind,scored,0.00331,gnina v1.3.3 master:6fe1ce2   Built Jun 30 2026.,static_crystal_polymer,,
2XII,diffdock,scored,0.8684,gnina v1.3.3 master:6fe1ce2   Built Jun 30 2026.,static_crystal_polymer,,
2XK8,equibind,scored,0.42918,gnina v1.3.3 master:6fe1ce2   Built Jun 30 2026.,static_crystal_polymer,,
2XK8,diffdock,scored,0.92741,gnina v1.3.3 master:6fe1ce2   Built Jun 30 2026.,static_crystal_polymer,,
2XKC,equibind,scored,0.66105,gnina v1.3.3 master:6fe1ce2   Built Jun 30 2026.,static_crystal_polymer,,
2XKC,diffdock,scored,0.98423,gnina v1.3.3 master:6fe1ce2   Built Jun 30 2026.,static_crystal_polymer,,
2XN3,equibind,scored,1e-05,gnina v1.3.3 master:6fe1ce2   Built Jun 30 2026.,static_crystal_polymer,,
2XN3,diffdock,scored,0.70016,gnina v1.3.3 master:6fe1ce2   Built Jun 30 2026.,static_crystal_polymer,,
2XJ7,equibind,scored,0.70953,gnina v1.3.3 master:6fe1ce2   Built Jun 30 2026.,static_crystal_polymer,,
2XJ7,diffdock,scored,0.81929,gnina v1.3.3 master:6fe1ce2   Built Jun 30 2026.,static_crystal_polymer,,
2XNB,equibind,scored,0.45288,gnina v1.3.3 master:6fe1ce2   Built Jun 30 2026.,static_crystal_polymer,,
2XNB,diffdock,scored,0.85411,gnina v1.3.3 master:6fe1ce2   Built Jun 30 2026.,static_crystal_polymer,,
2XNE,equibind,scored,0.12586,gnina v1.3.3 master:6fe1ce2   Built Jun 30 2026.,static_crystal_polymer,,
2XNE,diffdock,scored,0.72797,gnina v1.3.3 master:6fe1ce2   Built Jun 30 2026.,static_crystal_polymer,,
2XML,equibind,scored,0.10002,gnina v1.3.3 master:6fe1ce2   Built Jun 30 2026.,static_crystal_polymer,,
2XML,diffdock,scored,0.73704,gnina v1.3.3 master:6fe1ce2   Built Jun 30 2026.,static_crystal_polymer,,
2XIB,equibind,scored,0.60507,gnina v1.3.3 master:6fe1ce2   Built Jun 30 2026.,static_crystal_polymer,,
2XIB,diffdock,scored,0.98151,gnina v1.3.3 master:6fe1ce2   Built Jun 30 2026.,static_crystal_polymer,,
2XNI,equibind,scored,1e-05,gnina v1.3.3 master:6fe1ce2   Built Jun 30 2026.,static_crystal_polymer,,
2XNI,diffdock,scored,0.13053,gnina v1.3.3 master:6fe1ce2   Built Jun 30 2026.,static_crystal_polymer,,
2XM1,equibind,scored,4e-05,gnina v1.3.3 master:6fe1ce2   Built Jun 30 2026.,static_crystal_polymer,,
2XM1,diffdock,scored,0.87019,gnina v1.3.3 master:6fe1ce2   Built Jun 30 2026.,static_crystal_polymer,,
2XNM,equibind,scored,0.43181,gnina v1.3.3 master:6fe1ce2   Built Jun 30 2026.,static_crystal_polymer,,
2XNM,diffdock,scored,0.43309,gnina v1.3.3 master:6fe1ce2   Built Jun 30 2026.,static_crystal_polymer,,
2XNO,equibind,scored,0.38137,gnina v1.3.3 master:6fe1ce2   Built Jun 30 2026.,static_crystal_polymer,,
2XNO,diffdock,scored,0.62957,gnina v1.3.3 master:6fe1ce2   Built Jun 30 2026.,static_crystal_polymer,,
2XP3,equibind,scored,0.41516,gnina v1.3.3 master:6fe1ce2   Built Jun 30 2026.,static_crystal_polymer,,
2XP3,diffdock,scored,0.68729,gnina v1.3.3 master:6fe1ce2   Built Jun 30 2026.,static_crystal_polymer,,
2XOW,equibind,scored,0.16652,gnina v1.3.3 master:6fe1ce2   Built Jun 30 2026.,static_crystal_polymer,,
2XOW,diffdock,scored,0.63373,gnina v1.3.3 master:6fe1ce2   Built Jun 30 2026.,static_crystal_polymer,,
2XNP,equibind,scored,0.39738,gnina v1.3.3 master:6fe1ce2   Built Jun 30 2026.,static_crystal_polymer,,
2XNP,diffdock,scored,0.78138,gnina v1.3.3 master:6fe1ce2   Built Jun 30 2026.,static_crystal_polymer,,
2XP4,equibind,scored,0.18354,gnina v1.3.3 master:6fe1ce2   Built Jun 30 2026.,static_crystal_polymer,,
2XP4,diffdock,scored,0.57608,gnina v1.3.3 master:6fe1ce2   Built Jun 30 2026.,static_crystal_polymer,,
2XP2,equibind,scored,0.56001,gnina v1.3.3 master:6fe1ce2   Built Jun 30 2026.,static_crystal_polymer,,
2XP2,diffdock,scored,0.36043,gnina v1.3.3 master:6fe1ce2   Built Jun 30 2026.,static_crystal_polymer,,
2XM2,equibind,scored,2e-05,gnina v1.3.3 master:6fe1ce2   Built Jun 30 2026.,static_crystal_polymer,,
2XM2,diffdock,scored,0.84604,gnina v1.3.3 master:6fe1ce2   Built Jun 30 2026.,static_crystal_polymer,,
2WZS,equibind,scored,3e-05,gnina v1.3.3 master:6fe1ce2   Built Jun 30 2026.,static_crystal_polymer,,
2XP5,equibind,scored,0.1159,gnina v1.3.3 master:6fe1ce2   Built Jun 30 2026.,static_crystal_polymer,,
2XP5,diffdock,scored,0.57399,gnina v1.3.3 master:6fe1ce2   Built Jun 30 2026.,static_crystal_polymer,,
2XP6,equibind,scored,0.08532,gnina v1.3.3 master:6fe1ce2   Built Jun 30 2026.,static_crystal_polymer,,
2XP6,diffdock,scored,0.74506,gnina v1.3.3 master:6fe1ce2   Built Jun 30 2026.,static_crystal_polymer,,
2XPA,equibind,scored,0.12211,gnina v1.3.3 master:6fe1ce2   Built Jun 30 2026.,static_crystal_polymer,,
2XPA,diffdock,scored,0.38081,gnina v1.3.3 master:6fe1ce2   Built Jun 30 2026.,static_crystal_polymer,,
2XP8,equibind,scored,0.10663,gnina v1.3.3 master:6fe1ce2   Built Jun 30 2026.,static_crystal_polymer,,
2XP8,diffdock,scored,0.44012,gnina v1.3.3 master:6fe1ce2   Built Jun 30 2026.,static_crystal_polymer,,
2XK1,equibind,scored,0.03463,gnina v1.3.3 master:6fe1ce2   Built Jun 30 2026.,static_crystal_polymer,,
2XK1,diffdock,scored,0.16764,gnina v1.3.3 master:6fe1ce2   Built Jun 30 2026.,static_crystal_polymer,,
2XPB,equibind,scored,0.09529,gnina v1.3.3 master:6fe1ce2   Built Jun 30 2026.,static_crystal_polymer,,
2XPB,diffdock,scored,0.87054,gnina v1.3.3 master:6fe1ce2   Built Jun 30 2026.,static_crystal_polymer,,
2XSB,equibind,scored,0.48314,gnina v1.3.3 master:6fe1ce2   Built Jun 30 2026.,static_crystal_polymer,,
2XSB,diffdock,scored,0.88261,gnina v1.3.3 master:6fe1ce2   Built Jun 30 2026.,static_crystal_polymer,,
2XTN,equibind,scored,0.01952,gnina v1.3.3 master:6fe1ce2   Built Jun 30 2026.,static_crystal_polymer,,
2XTN,diffdock,scored,0.67347,gnina v1.3.3 master:6fe1ce2   Built Jun 30 2026.,static_crystal_polymer,,
2XU3,equibind,scored,0.28877,gnina v1.3.3 master:6fe1ce2   Built Jun 30 2026.,static_crystal_polymer,,
2XU3,diffdock,scored,0.62318,gnina v1.3.3 master:6fe1ce2   Built Jun 30 2026.,static_crystal_polymer,,
2XPC,equibind,scored,0.01265,gnina v1.3.3 master:6fe1ce2   Built Jun 30 2026.,static_crystal_polymer,,
2XPC,diffdock,scored,0.50017,gnina v1.3.3 master:6fe1ce2   Built Jun 30 2026.,static_crystal_polymer,,
2XU4,equibind,scored,0.02138,gnina v1.3.3 master:6fe1ce2   Built Jun 30 2026.,static_crystal_polymer,,
2XU4,diffdock,scored,0.40384,gnina v1.3.3 master:6fe1ce2   Built Jun 30 2026.,static_crystal_polymer,,
2XLN,equibind,scored,0.75328,gnina v1.3.3 master:6fe1ce2   Built Jun 30 2026.,static_crystal_polymer,,
2XLN,diffdock,scored,0.56341,gnina v1.3.3 master:6fe1ce2   Built Jun 30 2026.,static_crystal_polymer,,
2XU5,equibind,scored,0.03587,gnina v1.3.3 master:6fe1ce2   Built Jun 30 2026.,static_crystal_polymer,,
2XU5,diffdock,scored,0.20879,gnina v1.3.3 master:6fe1ce2   Built Jun 30 2026.,static_crystal_polymer,,
2XTO,equibind,scored,2e-05,gnina v1.3.3 master:6fe1ce2   Built Jun 30 2026.,static_crystal_polymer,,
2XTO,diffdock,scored,0.5023,gnina v1.3.3 master:6fe1ce2   Built Jun 30 2026.,static_crystal_polymer,,
2XV1,equibind,scored,2e-05,gnina v1.3.3 master:6fe1ce2   Built Jun 30 2026.,static_crystal_polymer,,
2XV1,diffdock,scored,0.12241,gnina v1.3.3 master:6fe1ce2   Built Jun 30 2026.,static_crystal_polymer,,
2XX4,equibind,scored,0.59017,gnina v1.3.3 master:6fe1ce2   Built Jun 30 2026.,static_crystal_polymer,,
2XX4,diffdock,scored,0.58486,gnina v1.3.3 master:6fe1ce2   Built Jun 30 2026.,static_crystal_polymer,,
2XUZ,equibind,scored,0.0,gnina v1.3.3 master:6fe1ce2   Built Jun 30 2026.,static_crystal_polymer,,
2XUZ,diffdock,scored,0.07267,gnina v1.3.3 master:6fe1ce2   Built Jun 30 2026.,static_crystal_polymer,,
2XXR,equibind,scored,0.19212,gnina v1.3.3 master:6fe1ce2   Built Jun 30 2026.,static_crystal_polymer,,
2XXR,diffdock,scored,0.25554,gnina v1.3.3 master:6fe1ce2   Built Jun 30 2026.,static_crystal_polymer,,
2XWD,equibind,scored,0.30925,gnina v1.3.3 master:6fe1ce2   Built Jun 30 2026.,static_crystal_polymer,,
2XWD,diffdock,scored,0.93638,gnina v1.3.3 master:6fe1ce2   Built Jun 30 2026.,static_crystal_polymer,,
2XWE,equibind,scored,0.09427,gnina v1.3.3 master:6fe1ce2   Built Jun 30 2026.,static_crystal_polymer,,
2XWE,diffdock,scored,0.81073,gnina v1.3.3 master:6fe1ce2   Built Jun 30 2026.,static_crystal_polymer,,
2XXT,equibind,scored,0.00861,gnina v1.3.3 master:6fe1ce2   Built Jun 30 2026.,static_crystal_polymer,,
2XXT,diffdock,scored,0.9447,gnina v1.3.3 master:6fe1ce2   Built Jun 30 2026.,static_crystal_polymer,,
2XUP,equibind,scored,0.00112,gnina v1.3.3 master:6fe1ce2   Built Jun 30 2026.,static_crystal_polymer,,
2XUP,diffdock,scored,0.19509,gnina v1.3.3 master:6fe1ce2   Built Jun 30 2026.,static_crystal_polymer,,
2XXW,equibind,scored,0.30705,gnina v1.3.3 master:6fe1ce2   Built Jun 30 2026.,static_crystal_polymer,,
2XXW,diffdock,scored,0.39555,gnina v1.3.3 master:6fe1ce2   Built Jun 30 2026.,static_crystal_polymer,,
2XYU,equibind,scored,0.04795,gnina v1.3.3 master:6fe1ce2   Built Jun 30 2026.,static_crystal_polymer,,
2XYU,diffdock,scored,0.39672,gnina v1.3.3 master:6fe1ce2   Built Jun 30 2026.,static_crystal_polymer,,
2XX2,equibind,scored,0.00059,gnina v1.3.3 master:6fe1ce2   Built Jun 30 2026.,static_crystal_polymer,,
2XX2,diffdock,scored,0.3923,gnina v1.3.3 master:6fe1ce2   Built Jun 30 2026.,static_crystal_polymer,,
2XU1,equibind,scored,0.01187,gnina v1.3.3 master:6fe1ce2   Built Jun 30 2026.,static_crystal_polymer,,
2XU1,diffdock,scored,0.61084,gnina v1.3.3 master:6fe1ce2   Built Jun 30 2026.,static_crystal_polymer,,
2XXX,equibind,scored,0.16197,gnina v1.3.3 master:6fe1ce2   Built Jun 30 2026.,static_crystal_polymer,,
2XXX,diffdock,scored,0.70525,gnina v1.3.3 master:6fe1ce2   Built Jun 30 2026.,static_crystal_polymer,,
2XY9,equibind,scored,4e-05,gnina v1.3.3 master:6fe1ce2   Built Jun 30 2026.,static_crystal_polymer,,
2XY9,diffdock,scored,0.43334,gnina v1.3.3 master:6fe1ce2   Built Jun 30 2026.,static_crystal_polymer,,
2XXY,equibind,scored,0.0538,gnina v1.3.3 master:6fe1ce2   Built Jun 30 2026.,static_crystal_polymer,,
2XXY,diffdock,scored,0.85443,gnina v1.3.3 master:6fe1ce2   Built Jun 30 2026.,static_crystal_polymer,,
2Y2J,equibind,scored,0.00255,gnina v1.3.3 master:6fe1ce2   Built Jun 30 2026.,static_crystal_polymer,,
2Y2J,diffdock,scored,0.65941,gnina v1.3.3 master:6fe1ce2   Built Jun 30 2026.,static_crystal_polymer,,
2Y2K,equibind,scored,0.00431,gnina v1.3.3 master:6fe1ce2   Built Jun 30 2026.,static_crystal_polymer,,
2Y2K,diffdock,scored,0.49488,gnina v1.3.3 master:6fe1ce2   Built Jun 30 2026.,static_crystal_polymer,,
2Y2P,equibind,scored,0.00012,gnina v1.3.3 master:6fe1ce2   Built Jun 30 2026.,static_crystal_polymer,,
2Y2P,diffdock,scored,0.2609,gnina v1.3.3 master:6fe1ce2   Built Jun 30 2026.,static_crystal_polymer,,
2Y2H,equibind,scored,0.1269,gnina v1.3.3 master:6fe1ce2   Built Jun 30 2026.,static_crystal_polymer,,
2Y2H,diffdock,scored,0.49648,gnina v1.3.3 master:6fe1ce2   Built Jun 30 2026.,static_crystal_polymer,,
2XYD,equibind,scored,8e-05,gnina v1.3.3 master:6fe1ce2   Built Jun 30 2026.,static_crystal_polymer,,
2XYD,diffdock,scored,0.68407,gnina v1.3.3 master:6fe1ce2   Built Jun 30 2026.,static_crystal_polymer,,
2Y4K,equibind,scored,0.00041,gnina v1.3.3 master:6fe1ce2   Built Jun 30 2026.,static_crystal_polymer,,
2Y4K,diffdock,scored,0.22798,gnina v1.3.3 master:6fe1ce2   Built Jun 30 2026.,static_crystal_polymer,,
2XZW,equibind,scored,0.65265,gnina v1.3.3 master:6fe1ce2   Built Jun 30 2026.,static_crystal_polymer,,
2XZW,diffdock,scored,0.21033,gnina v1.3.3 master:6fe1ce2   Built Jun 30 2026.,static_crystal_polymer,,
2Y4L,equibind,scored,0.00052,gnina v1.3.3 master:6fe1ce2   Built Jun 30 2026.,static_crystal_polymer,,
2Y4L,diffdock,scored,0.45334,gnina v1.3.3 master:6fe1ce2   Built Jun 30 2026.,static_crystal_polymer,,
2Y1X,equibind,scored,0.02371,gnina v1.3.3 master:6fe1ce2   Built Jun 30 2026.,static_crystal_polymer,,
2Y1X,diffdock,scored,0.51352,gnina v1.3.3 master:6fe1ce2   Built Jun 30 2026.,static_crystal_polymer,,
2XZ5,equibind,scored,0.89678,gnina v1.3.3 master:6fe1ce2   Built Jun 30 2026.,static_crystal_polymer,,
2XZ5,diffdock,scored,0.9437,gnina v1.3.3 master:6fe1ce2   Built Jun 30 2026.,static_crystal_polymer,,
2Y4M,equibind,scored,2e-05,gnina v1.3.3 master:6fe1ce2   Built Jun 30 2026.,static_crystal_polymer,,
2Y4M,diffdock,scored,0.6099,gnina v1.3.3 master:6fe1ce2   Built Jun 30 2026.,static_crystal_polymer,,
2Y5F,equibind,scored,2e-05,gnina v1.3.3 master:6fe1ce2   Built Jun 30 2026.,static_crystal_polymer,,
2Y5F,diffdock,scored,0.49981,gnina v1.3.3 master:6fe1ce2   Built Jun 30 2026.,static_crystal_polymer,,
2Y5G,equibind,scored,0.00068,gnina v1.3.3 master:6fe1ce2   Built Jun 30 2026.,static_crystal_polymer,,
2Y5G,diffdock,scored,0.95467,gnina v1.3.3 master:6fe1ce2   Built Jun 30 2026.,static_crystal_polymer,,
2Y5H,equibind,scored,0.00022,gnina v1.3.3 master:6fe1ce2   Built Jun 30 2026.,static_crystal_polymer,,
2Y5H,diffdock,scored,0.91319,gnina v1.3.3 master:6fe1ce2   Built Jun 30 2026.,static_crystal_polymer,,
2Y6D,equibind,scored,0.22733,gnina v1.3.3 master:6fe1ce2   Built Jun 30 2026.,static_crystal_polymer,,
2Y6D,diffdock,scored,0.63171,gnina v1.3.3 master:6fe1ce2   Built Jun 30 2026.,static_crystal_polymer,,
2Y76,equibind,scored,0.00036,gnina v1.3.3 master:6fe1ce2   Built Jun 30 2026.,static_crystal_polymer,,
2Y76,diffdock,scored,0.44104,gnina v1.3.3 master:6fe1ce2   Built Jun 30 2026.,static_crystal_polymer,,
2Y6O,equibind,scored,0.17997,gnina v1.3.3 master:6fe1ce2   Built Jun 30 2026.,static_crystal_polymer,,
2Y6O,diffdock,scored,0.4691,gnina v1.3.3 master:6fe1ce2   Built Jun 30 2026.,static_crystal_polymer,,
2Y7I,equibind,scored,0.00868,gnina v1.3.3 master:6fe1ce2   Built Jun 30 2026.,static_crystal_polymer,,
2Y7I,diffdock,scored,0.72559,gnina v1.3.3 master:6fe1ce2   Built Jun 30 2026.,static_crystal_polymer,,
2Y7P,equibind,scored,0.053,gnina v1.3.3 master:6fe1ce2   Built Jun 30 2026.,static_crystal_polymer,,
2Y7P,diffdock,scored,0.80265,gnina v1.3.3 master:6fe1ce2   Built Jun 30 2026.,static_crystal_polymer,,
2Y54,equibind,scored,0.48959,gnina v1.3.3 master:6fe1ce2   Built Jun 30 2026.,static_crystal_polymer,,
2Y54,diffdock,scored,0.69287,gnina v1.3.3 master:6fe1ce2   Built Jun 30 2026.,static_crystal_polymer,,
2Y56,equibind,scored,0.573,gnina v1.3.3 master:6fe1ce2   Built Jun 30 2026.,static_crystal_polymer,,
2Y56,diffdock,scored,0.71195,gnina v1.3.3 master:6fe1ce2   Built Jun 30 2026.,static_crystal_polymer,,
2Y7K,equibind,scored,0.04858,gnina v1.3.3 master:6fe1ce2   Built Jun 30 2026.,static_crystal_polymer,,
2Y7K,diffdock,scored,0.6816,gnina v1.3.3 master:6fe1ce2   Built Jun 30 2026.,static_crystal_polymer,,
2Y7Z,equibind,scored,0.0021,gnina v1.3.3 master:6fe1ce2   Built Jun 30 2026.,static_crystal_polymer,,
2Y7Z,diffdock,scored,0.61039,gnina v1.3.3 master:6fe1ce2   Built Jun 30 2026.,static_crystal_polymer,,
2Y7X,equibind,scored,0.06727,gnina v1.3.3 master:6fe1ce2   Built Jun 30 2026.,static_crystal_polymer,,
2Y7X,diffdock,scored,0.82155,gnina v1.3.3 master:6fe1ce2   Built Jun 30 2026.,static_crystal_polymer,,
2Y7W,equibind,scored,0.03603,gnina v1.3.3 master:6fe1ce2   Built Jun 30 2026.,static_crystal_polymer,,
2Y7W,diffdock,scored,0.6852,gnina v1.3.3 master:6fe1ce2   Built Jun 30 2026.,static_crystal_polymer,,
2Y5K,equibind,scored,0.01021,gnina v1.3.3 master:6fe1ce2   Built Jun 30 2026.,static_crystal_polymer,,
2Y5K,diffdock,scored,0.61034,gnina v1.3.3 master:6fe1ce2   Built Jun 30 2026.,static_crystal_polymer,,
2Y80,equibind,scored,0.00394,gnina v1.3.3 master:6fe1ce2   Built Jun 30 2026.,static_crystal_polymer,,
2Y80,diffdock,scored,0.57747,gnina v1.3.3 master:6fe1ce2   Built Jun 30 2026.,static_crystal_polymer,,
2Y82,equibind,scored,0.00717,gnina v1.3.3 master:6fe1ce2   Built Jun 30 2026.,static_crystal_polymer,,
2Y82,diffdock,scored,0.67808,gnina v1.3.3 master:6fe1ce2   Built Jun 30 2026.,static_crystal_polymer,,
2Y57,equibind,scored,0.36208,gnina v1.3.3 master:6fe1ce2   Built Jun 30 2026.,static_crystal_polymer,,
2Y57,diffdock,scored,0.73445,gnina v1.3.3 master:6fe1ce2   Built Jun 30 2026.,static_crystal_polymer,,
2Y8I,equibind,scored,0.00452,gnina v1.3.3 master:6fe1ce2   Built Jun 30 2026.,static_crystal_polymer,,
2Y8I,diffdock,scored,0.07988,gnina v1.3.3 master:6fe1ce2   Built Jun 30 2026.,static_crystal_polymer,,
2Y8Q,equibind,scored,0.00157,gnina v1.3.3 master:6fe1ce2   Built Jun 30 2026.,static_crystal_polymer,,
2Y8Q,diffdock,scored,0.81753,gnina v1.3.3 master:6fe1ce2   Built Jun 30 2026.,static_crystal_polymer,,
2YAC,equibind,scored,0.3644,gnina v1.3.3 master:6fe1ce2   Built Jun 30 2026.,static_crystal_polymer,,
2YAC,diffdock,scored,0.56853,gnina v1.3.3 master:6fe1ce2   Built Jun 30 2026.,static_crystal_polymer,,
2Y8L,equibind,scored,0.00208,gnina v1.3.3 master:6fe1ce2   Built Jun 30 2026.,static_crystal_polymer,,
2Y8L,diffdock,scored,0.21044,gnina v1.3.3 master:6fe1ce2   Built Jun 30 2026.,static_crystal_polymer,,
2YAY,equibind,scored,0.00247,gnina v1.3.3 master:6fe1ce2   Built Jun 30 2026.,static_crystal_polymer,,
2YAY,diffdock,scored,0.0412,gnina v1.3.3 master:6fe1ce2   Built Jun 30 2026.,static_crystal_polymer,,
2YA6,equibind,scored,0.00071,gnina v1.3.3 master:6fe1ce2   Built Jun 30 2026.,static_crystal_polymer,,
2YA6,diffdock,scored,0.87628,gnina v1.3.3 master:6fe1ce2   Built Jun 30 2026.,static_crystal_polymer,,
2YA8,equibind,scored,0.0227,gnina v1.3.3 master:6fe1ce2   Built Jun 30 2026.,static_crystal_polymer,,
2YA8,diffdock,scored,0.58853,gnina v1.3.3 master:6fe1ce2   Built Jun 30 2026.,static_crystal_polymer,,
2YBP,equibind,scored,0.36071,gnina v1.3.3 master:6fe1ce2   Built Jun 30 2026.,static_crystal_polymer,,
2YBP,diffdock,scored,0.85649,gnina v1.3.3 master:6fe1ce2   Built Jun 30 2026.,static_crystal_polymer,,
2YB9,equibind,scored,0.00032,gnina v1.3.3 master:6fe1ce2   Built Jun 30 2026.,static_crystal_polymer,,
2YB9,diffdock,scored,0.58231,gnina v1.3.3 master:6fe1ce2   Built Jun 30 2026.,static_crystal_polymer,,
2YBS,equibind,scored,0.00022,gnina v1.3.3 master:6fe1ce2   Built Jun 30 2026.,static_crystal_polymer,,
2YBS,diffdock,scored,0.90876,gnina v1.3.3 master:6fe1ce2   Built Jun 30 2026.,static_crystal_polymer,,
2YC5,equibind,scored,0.00239,gnina v1.3.3 master:6fe1ce2   Built Jun 30 2026.,static_crystal_polymer,,
2YC5,diffdock,scored,0.67402,gnina v1.3.3 master:6fe1ce2   Built Jun 30 2026.,static_crystal_polymer,,
2YC3,equibind,scored,0.0001,gnina v1.3.3 master:6fe1ce2   Built Jun 30 2026.,static_crystal_polymer,,
2YC3,diffdock,scored,0.80563,gnina v1.3.3 master:6fe1ce2   Built Jun 30 2026.,static_crystal_polymer,,
2YC0,equibind,scored,0.7246,gnina v1.3.3 master:6fe1ce2   Built Jun 30 2026.,static_crystal_polymer,,
2YC0,diffdock,scored,0.95071,gnina v1.3.3 master:6fe1ce2   Built Jun 30 2026.,static_crystal_polymer,,
2Y8C,equibind,scored,2e-05,gnina v1.3.3 master:6fe1ce2   Built Jun 30 2026.,static_crystal_polymer,,
2Y8C,diffdock,scored,0.15279,gnina v1.3.3 master:6fe1ce2   Built Jun 30 2026.,static_crystal_polymer,,
2YDI,equibind,scored,0.32844,gnina v1.3.3 master:6fe1ce2   Built Jun 30 2026.,static_crystal_polymer,,
2YDI,diffdock,scored,0.52851,gnina v1.3.3 master:6fe1ce2   Built Jun 30 2026.,static_crystal_polymer,,
2YDE,equibind,scored,0.71633,gnina v1.3.3 master:6fe1ce2   Built Jun 30 2026.,static_crystal_polymer,,
2YDE,diffdock,scored,0.96543,gnina v1.3.3 master:6fe1ce2   Built Jun 30 2026.,static_crystal_polymer,,
2YCH,equibind,scored,0.004,gnina v1.3.3 master:6fe1ce2   Built Jun 30 2026.,static_crystal_polymer,,
2YCH,diffdock,scored,0.60903,gnina v1.3.3 master:6fe1ce2   Built Jun 30 2026.,static_crystal_polymer,,
2YDK,equibind,scored,0.91637,gnina v1.3.3 master:6fe1ce2   Built Jun 30 2026.,static_crystal_polymer,,
2YDK,diffdock,scored,0.97195,gnina v1.3.3 master:6fe1ce2   Built Jun 30 2026.,static_crystal_polymer,,
2YDV,equibind,scored,0.08471,gnina v1.3.3 master:6fe1ce2   Built Jun 30 2026.,static_crystal_polymer,,
2YDV,diffdock,scored,0.77069,gnina v1.3.3 master:6fe1ce2   Built Jun 30 2026.,static_crystal_polymer,,
2YDJ,equibind,scored,0.00032,gnina v1.3.3 master:6fe1ce2   Built Jun 30 2026.,static_crystal_polymer,,
2YDJ,diffdock,scored,0.77951,gnina v1.3.3 master:6fe1ce2   Built Jun 30 2026.,static_crystal_polymer,,
2YB0,equibind,scored,0.13524,gnina v1.3.3 master:6fe1ce2   Built Jun 30 2026.,static_crystal_polymer,,
2YB0,diffdock,scored,0.98757,gnina v1.3.3 master:6fe1ce2   Built Jun 30 2026.,static_crystal_polymer,,
2XYT,equibind,scored,0.0,gnina v1.3.3 master:6fe1ce2   Built Jun 30 2026.,static_crystal_polymer,,
2XYT,diffdock,scored,0.54725,gnina v1.3.3 master:6fe1ce2   Built Jun 30 2026.,static_crystal_polymer,,
2YDO,equibind,scored,0.21983,gnina v1.3.3 master:6fe1ce2   Built Jun 30 2026.,static_crystal_polymer,,
2YDO,diffdock,scored,0.75826,gnina v1.3.3 master:6fe1ce2   Built Jun 30 2026.,static_crystal_polymer,,
2YAZ,equibind,scored,0.00021,gnina v1.3.3 master:6fe1ce2   Built Jun 30 2026.,static_crystal_polymer,,
2YAZ,diffdock,scored,0.92725,gnina v1.3.3 master:6fe1ce2   Built Jun 30 2026.,static_crystal_polymer,,
2YDM,equibind,scored,0.42987,gnina v1.3.3 master:6fe1ce2   Built Jun 30 2026.,static_crystal_polymer,,
2YDM,diffdock,scored,0.57617,gnina v1.3.3 master:6fe1ce2   Built Jun 30 2026.,static_crystal_polymer,,
2Y5L,equibind,scored,0.00015,gnina v1.3.3 master:6fe1ce2   Built Jun 30 2026.,static_crystal_polymer,,
2Y5L,diffdock,scored,0.76982,gnina v1.3.3 master:6fe1ce2   Built Jun 30 2026.,static_crystal_polymer,,
2YEM,equibind,scored,0.00151,gnina v1.3.3 master:6fe1ce2   Built Jun 30 2026.,static_crystal_polymer,,
2YEM,diffdock,scored,0.20528,gnina v1.3.3 master:6fe1ce2   Built Jun 30 2026.,static_crystal_polymer,,
2YER,equibind,scored,0.59121,gnina v1.3.3 master:6fe1ce2   Built Jun 30 2026.,static_crystal_polymer,,
2YER,diffdock,scored,0.79668,gnina v1.3.3 master:6fe1ce2   Built Jun 30 2026.,static_crystal_polymer,,
2YFX,equibind,scored,0.65472,gnina v1.3.3 master:6fe1ce2   Built Jun 30 2026.,static_crystal_polymer,,
2YFX,diffdock,scored,0.59653,gnina v1.3.3 master:6fe1ce2   Built Jun 30 2026.,static_crystal_polymer,,
2YEX,equibind,scored,0.81131,gnina v1.3.3 master:6fe1ce2   Built Jun 30 2026.,static_crystal_polymer,,
2YEX,diffdock,scored,0.40883,gnina v1.3.3 master:6fe1ce2   Built Jun 30 2026.,static_crystal_polymer,,
2YDW,equibind,scored,0.01755,gnina v1.3.3 master:6fe1ce2   Built Jun 30 2026.,static_crystal_polymer,,
2YDW,diffdock,scored,0.25017,gnina v1.3.3 master:6fe1ce2   Built Jun 30 2026.,static_crystal_polymer,,
2YGE,equibind,scored,0.30422,gnina v1.3.3 master:6fe1ce2   Built Jun 30 2026.,static_crystal_polymer,,
2YGE,diffdock,scored,0.62737,gnina v1.3.3 master:6fe1ce2   Built Jun 30 2026.,static_crystal_polymer,,
2YGF,equibind,scored,0.01329,gnina v1.3.3 master:6fe1ce2   Built Jun 30 2026.,static_crystal_polymer,,
2YGF,diffdock,scored,0.66228,gnina v1.3.3 master:6fe1ce2   Built Jun 30 2026.,static_crystal_polymer,,
2YGA,equibind,scored,0.60447,gnina v1.3.3 master:6fe1ce2   Built Jun 30 2026.,static_crystal_polymer,,
2YGA,diffdock,scored,0.6822,gnina v1.3.3 master:6fe1ce2   Built Jun 30 2026.,static_crystal_polymer,,
2YHD,equibind,scored,0.0628,gnina v1.3.3 master:6fe1ce2   Built Jun 30 2026.,static_crystal_polymer,,
2YHD,diffdock,scored,0.25749,gnina v1.3.3 master:6fe1ce2   Built Jun 30 2026.,static_crystal_polymer,,
2YFA,equibind,scored,0.51922,gnina v1.3.3 master:6fe1ce2   Built Jun 30 2026.,static_crystal_polymer,,
2YFA,diffdock,scored,0.74141,gnina v1.3.3 master:6fe1ce2   Built Jun 30 2026.,static_crystal_polymer,,
2YHY,equibind,scored,0.00516,gnina v1.3.3 master:6fe1ce2   Built Jun 30 2026.,static_crystal_polymer,,
2YHY,diffdock,scored,0.63209,gnina v1.3.3 master:6fe1ce2   Built Jun 30 2026.,static_crystal_polymer,,
2YHW,equibind,scored,0.02189,gnina v1.3.3 master:6fe1ce2   Built Jun 30 2026.,static_crystal_polymer,,
2YHW,diffdock,scored,0.59295,gnina v1.3.3 master:6fe1ce2   Built Jun 30 2026.,static_crystal_polymer,,
2YJC,equibind,scored,0.1986,gnina v1.3.3 master:6fe1ce2   Built Jun 30 2026.,static_crystal_polymer,,
2YJC,diffdock,scored,0.02777,gnina v1.3.3 master:6fe1ce2   Built Jun 30 2026.,static_crystal_polymer,,
2YI5,equibind,scored,0.71736,gnina v1.3.3 master:6fe1ce2   Built Jun 30 2026.,static_crystal_polymer,,
2YI5,diffdock,scored,0.87426,gnina v1.3.3 master:6fe1ce2   Built Jun 30 2026.,static_crystal_polymer,,
2YIQ,equibind,scored,0.27203,gnina v1.3.3 master:6fe1ce2   Built Jun 30 2026.,static_crystal_polymer,,
2YIQ,diffdock,scored,0.77364,gnina v1.3.3 master:6fe1ce2   Built Jun 30 2026.,static_crystal_polymer,,
2YJW,equibind,scored,0.84362,gnina v1.3.3 master:6fe1ce2   Built Jun 30 2026.,static_crystal_polymer,,
2YJW,diffdock,scored,0.95733,gnina v1.3.3 master:6fe1ce2   Built Jun 30 2026.,static_crystal_polymer,,
2YIG,equibind,scored,0.33097,gnina v1.3.3 master:6fe1ce2   Built Jun 30 2026.,static_crystal_polymer,,
2YIG,diffdock,scored,0.61137,gnina v1.3.3 master:6fe1ce2   Built Jun 30 2026.,static_crystal_polymer,,
2YIV,equibind,scored,0.28308,gnina v1.3.3 master:6fe1ce2   Built Jun 30 2026.,static_crystal_polymer,,
2YIV,diffdock,scored,0.3053,gnina v1.3.3 master:6fe1ce2   Built Jun 30 2026.,static_crystal_polymer,,
2YJ9,equibind,scored,0.31805,gnina v1.3.3 master:6fe1ce2   Built Jun 30 2026.,static_crystal_polymer,,
2YJ9,diffdock,scored,0.68569,gnina v1.3.3 master:6fe1ce2   Built Jun 30 2026.,static_crystal_polymer,,
2YJB,equibind,scored,0.00114,gnina v1.3.3 master:6fe1ce2   Built Jun 30 2026.,static_crystal_polymer,,
2YJB,diffdock,scored,0.11431,gnina v1.3.3 master:6fe1ce2   Built Jun 30 2026.,static_crystal_polymer,,
2YJX,equibind,scored,0.30137,gnina v1.3.3 master:6fe1ce2   Built Jun 30 2026.,static_crystal_polymer,,
2YJX,diffdock,scored,0.45232,gnina v1.3.3 master:6fe1ce2   Built Jun 30 2026.,static_crystal_polymer,,
2YK9,equibind,scored,0.0275,gnina v1.3.3 master:6fe1ce2   Built Jun 30 2026.,static_crystal_polymer,,
2YK9,diffdock,scored,0.76305,gnina v1.3.3 master:6fe1ce2   Built Jun 30 2026.,static_crystal_polymer,,
2YKB,equibind,scored,0.00712,gnina v1.3.3 master:6fe1ce2   Built Jun 30 2026.,static_crystal_polymer,,
2YKB,diffdock,scored,0.75749,gnina v1.3.3 master:6fe1ce2   Built Jun 30 2026.,static_crystal_polymer,,
2YK1,equibind,scored,0.0103,gnina v1.3.3 master:6fe1ce2   Built Jun 30 2026.,static_crystal_polymer,,
2YK1,diffdock,scored,0.54434,gnina v1.3.3 master:6fe1ce2   Built Jun 30 2026.,static_crystal_polymer,,
2YKI,equibind,scored,0.06904,gnina v1.3.3 master:6fe1ce2   Built Jun 30 2026.,static_crystal_polymer,,
2YKI,diffdock,scored,0.62663,gnina v1.3.3 master:6fe1ce2   Built Jun 30 2026.,static_crystal_polymer,,
2YKE,equibind,scored,0.07587,gnina v1.3.3 master:6fe1ce2   Built Jun 30 2026.,static_crystal_polymer,,
2YKE,diffdock,scored,0.8215,gnina v1.3.3 master:6fe1ce2   Built Jun 30 2026.,static_crystal_polymer,,
2YGU,equibind,scored,0.94297,gnina v1.3.3 master:6fe1ce2   Built Jun 30 2026.,static_crystal_polymer,,
2YGU,diffdock,scored,0.48073,gnina v1.3.3 master:6fe1ce2   Built Jun 30 2026.,static_crystal_polymer,,
2YKJ,equibind,scored,0.00197,gnina v1.3.3 master:6fe1ce2   Built Jun 30 2026.,static_crystal_polymer,,
2YKJ,diffdock,scored,0.48852,gnina v1.3.3 master:6fe1ce2   Built Jun 30 2026.,static_crystal_polymer,,
2YLO,equibind,scored,0.00034,gnina v1.3.3 master:6fe1ce2   Built Jun 30 2026.,static_crystal_polymer,,
2YLO,diffdock,scored,0.23148,gnina v1.3.3 master:6fe1ce2   Built Jun 30 2026.,static_crystal_polymer,,
2YLP,equibind,scored,0.00106,gnina v1.3.3 master:6fe1ce2   Built Jun 30 2026.,static_crystal_polymer,,
2YLP,diffdock,scored,0.65871,gnina v1.3.3 master:6fe1ce2   Built Jun 30 2026.,static_crystal_polymer,,
2YLN,equibind,scored,0.00178,gnina v1.3.3 master:6fe1ce2   Built Jun 30 2026.,static_crystal_polymer,,
2YLN,diffdock,scored,0.70303,gnina v1.3.3 master:6fe1ce2   Built Jun 30 2026.,static_crystal_polymer,,
2YM4,equibind,scored,0.85209,gnina v1.3.3 master:6fe1ce2   Built Jun 30 2026.,static_crystal_polymer,,
2YM4,diffdock,scored,0.97544,gnina v1.3.3 master:6fe1ce2   Built Jun 30 2026.,static_crystal_polymer,,
2YM6,equibind,scored,0.11919,gnina v1.3.3 master:6fe1ce2   Built Jun 30 2026.,static_crystal_polymer,,
2YM6,diffdock,scored,0.76528,gnina v1.3.3 master:6fe1ce2   Built Jun 30 2026.,static_crystal_polymer,,
2YM8,equibind,scored,0.4271,gnina v1.3.3 master:6fe1ce2   Built Jun 30 2026.,static_crystal_polymer,,
2YM8,diffdock,scored,0.57682,gnina v1.3.3 master:6fe1ce2   Built Jun 30 2026.,static_crystal_polymer,,
2YOL,equibind,scored,8e-05,gnina v1.3.3 master:6fe1ce2   Built Jun 30 2026.,static_crystal_polymer,,
2YOL,diffdock,scored,0.28393,gnina v1.3.3 master:6fe1ce2   Built Jun 30 2026.,static_crystal_polymer,,
2YOG,equibind,scored,0.00262,gnina v1.3.3 master:6fe1ce2   Built Jun 30 2026.,static_crystal_polymer,,
2YOG,diffdock,scored,0.17943,gnina v1.3.3 master:6fe1ce2   Built Jun 30 2026.,static_crystal_polymer,,
2YPI,equibind,scored,0.20012,gnina v1.3.3 master:6fe1ce2   Built Jun 30 2026.,static_crystal_polymer,,
2YPI,diffdock,scored,0.98063,gnina v1.3.3 master:6fe1ce2   Built Jun 30 2026.,static_crystal_polymer,,
2YOF,equibind,scored,0.00022,gnina v1.3.3 master:6fe1ce2   Built Jun 30 2026.,static_crystal_polymer,,
2YOF,diffdock,scored,0.27058,gnina v1.3.3 master:6fe1ce2   Built Jun 30 2026.,static_crystal_polymer,,
2YZ3,equibind,scored,0.07565,gnina v1.3.3 master:6fe1ce2   Built Jun 30 2026.,static_crystal_polymer,,
2YZ3,diffdock,scored,0.88686,gnina v1.3.3 master:6fe1ce2   Built Jun 30 2026.,static_crystal_polymer,,
2Z1W,equibind,scored,0.7278,gnina v1.3.3 master:6fe1ce2   Built Jun 30 2026.,static_crystal_polymer,,
2Z1W,diffdock,scored,0.94737,gnina v1.3.3 master:6fe1ce2   Built Jun 30 2026.,static_crystal_polymer,,
2YPO,equibind,scored,0.00184,gnina v1.3.3 master:6fe1ce2   Built Jun 30 2026.,static_crystal_polymer,,
2YPO,diffdock,scored,0.58095,gnina v1.3.3 master:6fe1ce2   Built Jun 30 2026.,static_crystal_polymer,,
2YOJ,equibind,scored,0.0,gnina v1.3.3 master:6fe1ce2   Built Jun 30 2026.,static_crystal_polymer,,
2YOJ,diffdock,scored,0.83287,gnina v1.3.3 master:6fe1ce2   Built Jun 30 2026.,static_crystal_polymer,,
2YPP,equibind,scored,0.00692,gnina v1.3.3 master:6fe1ce2   Built Jun 30 2026.,static_crystal_polymer,,
2YPP,diffdock,scored,0.68874,gnina v1.3.3 master:6fe1ce2   Built Jun 30 2026.,static_crystal_polymer,,
2Z60,equibind,scored,0.67479,gnina v1.3.3 master:6fe1ce2   Built Jun 30 2026.,static_crystal_polymer,,
2Z60,diffdock,scored,0.73285,gnina v1.3.3 master:6fe1ce2   Built Jun 30 2026.,static_crystal_polymer,,
2Z3Z,equibind,scored,0.02315,gnina v1.3.3 master:6fe1ce2   Built Jun 30 2026.,static_crystal_polymer,,
2Z3Z,diffdock,scored,0.5415,gnina v1.3.3 master:6fe1ce2   Built Jun 30 2026.,static_crystal_polymer,,
2Z4R,equibind,scored,0.00089,gnina v1.3.3 master:6fe1ce2   Built Jun 30 2026.,static_crystal_polymer,,
2Z4R,diffdock,scored,0.80188,gnina v1.3.3 master:6fe1ce2   Built Jun 30 2026.,static_crystal_polymer,,
2YND,equibind,scored,7e-05,gnina v1.3.3 master:6fe1ce2   Built Jun 30 2026.,static_crystal_polymer,,
2YND,diffdock,scored,0.69631,gnina v1.3.3 master:6fe1ce2   Built Jun 30 2026.,static_crystal_polymer,,
2Z50,equibind,scored,0.00218,gnina v1.3.3 master:6fe1ce2   Built Jun 30 2026.,static_crystal_polymer,,
2Z50,diffdock,scored,0.55721,gnina v1.3.3 master:6fe1ce2   Built Jun 30 2026.,static_crystal_polymer,,
2Z4Y,equibind,scored,0.00083,gnina v1.3.3 master:6fe1ce2   Built Jun 30 2026.,static_crystal_polymer,,
2Z4Y,diffdock,scored,0.62938,gnina v1.3.3 master:6fe1ce2   Built Jun 30 2026.,static_crystal_polymer,,
2Z52,equibind,scored,0.0043,gnina v1.3.3 master:6fe1ce2   Built Jun 30 2026.,static_crystal_polymer,,
2Z52,diffdock,scored,0.77271,gnina v1.3.3 master:6fe1ce2   Built Jun 30 2026.,static_crystal_polymer,,
2Z8E,equibind,scored,0.00093,gnina v1.3.3 master:6fe1ce2   Built Jun 30 2026.,static_crystal_polymer,,
2Z8E,diffdock,scored,0.13588,gnina v1.3.3 master:6fe1ce2   Built Jun 30 2026.,static_crystal_polymer,,
2Z92,equibind,scored,0.01034,gnina v1.3.3 master:6fe1ce2   Built Jun 30 2026.,static_crystal_polymer,,
2Z92,diffdock,scored,0.27805,gnina v1.3.3 master:6fe1ce2   Built Jun 30 2026.,static_crystal_polymer,,
2Z9G,equibind,scored,0.64441,gnina v1.3.3 master:6fe1ce2   Built Jun 30 2026.,static_crystal_polymer,,
2Z9G,diffdock,scored,0.68755,gnina v1.3.3 master:6fe1ce2   Built Jun 30 2026.,static_crystal_polymer,,
2Z94,equibind,scored,0.75947,gnina v1.3.3 master:6fe1ce2   Built Jun 30 2026.,static_crystal_polymer,,
2Z94,diffdock,scored,0.89582,gnina v1.3.3 master:6fe1ce2   Built Jun 30 2026.,static_crystal_polymer,,
2Z4Z,equibind,scored,0.00019,gnina v1.3.3 master:6fe1ce2   Built Jun 30 2026.,static_crystal_polymer,,
2Z4Z,diffdock,scored,0.80632,gnina v1.3.3 master:6fe1ce2   Built Jun 30 2026.,static_crystal_polymer,,
2ZAS,equibind,scored,0.60783,gnina v1.3.3 master:6fe1ce2   Built Jun 30 2026.,static_crystal_polymer,,
2ZAS,diffdock,scored,0.85331,gnina v1.3.3 master:6fe1ce2   Built Jun 30 2026.,static_crystal_polymer,,
2ZAZ,equibind,scored,0.0542,gnina v1.3.3 master:6fe1ce2   Built Jun 30 2026.,static_crystal_polymer,,
2ZAZ,diffdock,scored,0.58651,gnina v1.3.3 master:6fe1ce2   Built Jun 30 2026.,static_crystal_polymer,,
2ZA3,equibind,scored,0.00025,gnina v1.3.3 master:6fe1ce2   Built Jun 30 2026.,static_crystal_polymer,,
2ZA3,diffdock,scored,0.72291,gnina v1.3.3 master:6fe1ce2   Built Jun 30 2026.,static_crystal_polymer,,
2ZC9,equibind,scored,0.21207,gnina v1.3.3 master:6fe1ce2   Built Jun 30 2026.,static_crystal_polymer,,
2ZC9,diffdock,scored,0.04778,gnina v1.3.3 master:6fe1ce2   Built Jun 30 2026.,static_crystal_polymer,,
2Z4W,diffdock,scored,0.3084,gnina v1.3.3 master:6fe1ce2   Built Jun 30 2026.,static_crystal_polymer,,
2Z7H,equibind,scored,0.00332,gnina v1.3.3 master:6fe1ce2   Built Jun 30 2026.,static_crystal_polymer,,
2Z7H,diffdock,scored,0.70148,gnina v1.3.3 master:6fe1ce2   Built Jun 30 2026.,static_crystal_polymer,,
2ZDT,equibind,scored,0.26362,gnina v1.3.3 master:6fe1ce2   Built Jun 30 2026.,static_crystal_polymer,,
2ZDT,diffdock,scored,0.98432,gnina v1.3.3 master:6fe1ce2   Built Jun 30 2026.,static_crystal_polymer,,
2ZCQ,equibind,scored,0.04216,gnina v1.3.3 master:6fe1ce2   Built Jun 30 2026.,static_crystal_polymer,,
2ZCQ,diffdock,scored,0.50896,gnina v1.3.3 master:6fe1ce2   Built Jun 30 2026.,static_crystal_polymer,,
2Z7I,equibind,scored,0.00156,gnina v1.3.3 master:6fe1ce2   Built Jun 30 2026.,static_crystal_polymer,,
2Z7I,diffdock,scored,0.51573,gnina v1.3.3 master:6fe1ce2   Built Jun 30 2026.,static_crystal_polymer,,
2ZG3,equibind,scored,0.00115,gnina v1.3.3 master:6fe1ce2   Built Jun 30 2026.,static_crystal_polymer,,
2ZG3,diffdock,scored,0.4256,gnina v1.3.3 master:6fe1ce2   Built Jun 30 2026.,static_crystal_polymer,,
2ZG1,equibind,scored,0.01422,gnina v1.3.3 master:6fe1ce2   Built Jun 30 2026.,static_crystal_polymer,,
2ZG1,diffdock,scored,0.35819,gnina v1.3.3 master:6fe1ce2   Built Jun 30 2026.,static_crystal_polymer,,
2ZFP,equibind,scored,0.20867,gnina v1.3.3 master:6fe1ce2   Built Jun 30 2026.,static_crystal_polymer,,
2ZFP,diffdock,scored,0.65772,gnina v1.3.3 master:6fe1ce2   Built Jun 30 2026.,static_crystal_polymer,,
2ZGA,equibind,scored,0.13333,gnina v1.3.3 master:6fe1ce2   Built Jun 30 2026.,static_crystal_polymer,,
2ZGA,diffdock,scored,0.74053,gnina v1.3.3 master:6fe1ce2   Built Jun 30 2026.,static_crystal_polymer,,
2ZJW,equibind,scored,0.00774,gnina v1.3.3 master:6fe1ce2   Built Jun 30 2026.,static_crystal_polymer,,
2ZJW,diffdock,scored,0.54922,gnina v1.3.3 master:6fe1ce2   Built Jun 30 2026.,static_crystal_polymer,,
2ZDX,equibind,scored,0.01684,gnina v1.3.3 master:6fe1ce2   Built Jun 30 2026.,static_crystal_polymer,,
2ZDX,diffdock,scored,0.93535,gnina v1.3.3 master:6fe1ce2   Built Jun 30 2026.,static_crystal_polymer,,
2ZMM,equibind,scored,0.00869,gnina v1.3.3 master:6fe1ce2   Built Jun 30 2026.,static_crystal_polymer,,
2ZMM,diffdock,scored,0.85209,gnina v1.3.3 master:6fe1ce2   Built Jun 30 2026.,static_crystal_polymer,,
2ZA5,equibind,scored,0.00823,gnina v1.3.3 master:6fe1ce2   Built Jun 30 2026.,static_crystal_polymer,,
2ZA5,diffdock,scored,0.41422,gnina v1.3.3 master:6fe1ce2   Built Jun 30 2026.,static_crystal_polymer,,
2ZMJ,equibind,scored,0.00678,gnina v1.3.3 master:6fe1ce2   Built Jun 30 2026.,static_crystal_polymer,,
2ZMJ,diffdock,scored,0.95023,gnina v1.3.3 master:6fe1ce2   Built Jun 30 2026.,static_crystal_polymer,,
2ZN7,equibind,scored,0.4888,gnina v1.3.3 master:6fe1ce2   Built Jun 30 2026.,static_crystal_polymer,,
2ZN7,diffdock,scored,0.37237,gnina v1.3.3 master:6fe1ce2   Built Jun 30 2026.,static_crystal_polymer,,
2ZNS,equibind,scored,0.21029,gnina v1.3.3 master:6fe1ce2   Built Jun 30 2026.,static_crystal_polymer,,
2ZNS,diffdock,scored,0.6996,gnina v1.3.3 master:6fe1ce2   Built Jun 30 2026.,static_crystal_polymer,,
2ZU3,equibind,scored,0.01899,gnina v1.3.3 master:6fe1ce2   Built Jun 30 2026.,static_crystal_polymer,,
2ZU3,diffdock,scored,0.30327,gnina v1.3.3 master:6fe1ce2   Built Jun 30 2026.,static_crystal_polymer,,
2ZNT,equibind,scored,0.00669,gnina v1.3.3 master:6fe1ce2   Built Jun 30 2026.,static_crystal_polymer,,
2ZNT,diffdock,scored,0.96637,gnina v1.3.3 master:6fe1ce2   Built Jun 30 2026.,static_crystal_polymer,,
2ZKJ,equibind,scored,0.00083,gnina v1.3.3 master:6fe1ce2   Built Jun 30 2026.,static_crystal_polymer,,
2ZKJ,diffdock,scored,0.40242,gnina v1.3.3 master:6fe1ce2   Built Jun 30 2026.,static_crystal_polymer,,
2ZU4,equibind,scored,0.00335,gnina v1.3.3 master:6fe1ce2   Built Jun 30 2026.,static_crystal_polymer,,
2ZU4,diffdock,scored,0.85985,gnina v1.3.3 master:6fe1ce2   Built Jun 30 2026.,static_crystal_polymer,,
2ZSC,equibind,scored,0.00218,gnina v1.3.3 master:6fe1ce2   Built Jun 30 2026.,static_crystal_polymer,,
2ZSC,diffdock,scored,0.93351,gnina v1.3.3 master:6fe1ce2   Built Jun 30 2026.,static_crystal_polymer,,
2ZVJ,equibind,scored,0.00179,gnina v1.3.3 master:6fe1ce2   Built Jun 30 2026.,static_crystal_polymer,,
2ZVJ,diffdock,scored,0.91372,gnina v1.3.3 master:6fe1ce2   Built Jun 30 2026.,static_crystal_polymer,,
2ZVA,equibind,scored,0.47304,gnina v1.3.3 master:6fe1ce2   Built Jun 30 2026.,static_crystal_polymer,,
2ZVA,diffdock,scored,0.30611,gnina v1.3.3 master:6fe1ce2   Built Jun 30 2026.,static_crystal_polymer,,
2ZU5,equibind,scored,0.00088,gnina v1.3.3 master:6fe1ce2   Built Jun 30 2026.,static_crystal_polymer,,
2ZU5,diffdock,scored,0.72507,gnina v1.3.3 master:6fe1ce2   Built Jun 30 2026.,static_crystal_polymer,,
2ZOF,equibind,scored,0.00145,gnina v1.3.3 master:6fe1ce2   Built Jun 30 2026.,static_crystal_polymer,,
2ZOF,diffdock,scored,0.97347,gnina v1.3.3 master:6fe1ce2   Built Jun 30 2026.,static_crystal_polymer,,
2ZWZ,equibind,scored,0.00018,gnina v1.3.3 master:6fe1ce2   Built Jun 30 2026.,static_crystal_polymer,,
2ZWZ,diffdock,scored,0.91461,gnina v1.3.3 master:6fe1ce2   Built Jun 30 2026.,static_crystal_polymer,,
2ZX7,equibind,scored,1e-05,gnina v1.3.3 master:6fe1ce2   Built Jun 30 2026.,static_crystal_polymer,,
2ZX7,diffdock,scored,0.86222,gnina v1.3.3 master:6fe1ce2   Built Jun 30 2026.,static_crystal_polymer,,
2ZXB,equibind,scored,0.00173,gnina v1.3.3 master:6fe1ce2   Built Jun 30 2026.,static_crystal_polymer,,
2ZXB,diffdock,scored,0.87642,gnina v1.3.3 master:6fe1ce2   Built Jun 30 2026.,static_crystal_polymer,,
2ZXA,equibind,scored,0.00028,gnina v1.3.3 master:6fe1ce2   Built Jun 30 2026.,static_crystal_polymer,,
2ZXA,diffdock,scored,0.95518,gnina v1.3.3 master:6fe1ce2   Built Jun 30 2026.,static_crystal_polymer,,
2ZY1,equibind,scored,0.00982,gnina v1.3.3 master:6fe1ce2   Built Jun 30 2026.,static_crystal_polymer,,
2ZY1,diffdock,scored,0.57411,gnina v1.3.3 master:6fe1ce2   Built Jun 30 2026.,static_crystal_polymer,,
2ZIT,equibind,scored,1e-05,gnina v1.3.3 master:6fe1ce2   Built Jun 30 2026.,static_crystal_polymer,,
2ZX9,equibind,scored,2e-05,gnina v1.3.3 master:6fe1ce2   Built Jun 30 2026.,static_crystal_polymer,,
2ZX9,diffdock,scored,0.87934,gnina v1.3.3 master:6fe1ce2   Built Jun 30 2026.,static_crystal_polymer,,
2YMD,equibind,scored,0.47144,gnina v1.3.3 master:6fe1ce2   Built Jun 30 2026.,static_crystal_polymer,,
2YMD,diffdock,scored,0.8935,gnina v1.3.3 master:6fe1ce2   Built Jun 30 2026.,static_crystal_polymer,,
2ZXD,equibind,scored,0.0087,gnina v1.3.3 master:6fe1ce2   Built Jun 30 2026.,static_crystal_polymer,,
2ZXD,diffdock,scored,0.95225,gnina v1.3.3 master:6fe1ce2   Built Jun 30 2026.,static_crystal_polymer,,
2ZZ1,equibind,scored,0.28722,gnina v1.3.3 master:6fe1ce2   Built Jun 30 2026.,static_crystal_polymer,,
2ZZ1,diffdock,scored,0.95294,gnina v1.3.3 master:6fe1ce2   Built Jun 30 2026.,static_crystal_polymer,,
2ZZ2,equibind,scored,0.00995,gnina v1.3.3 master:6fe1ce2   Built Jun 30 2026.,static_crystal_polymer,,
2ZZ2,diffdock,scored,0.65881,gnina v1.3.3 master:6fe1ce2   Built Jun 30 2026.,static_crystal_polymer,,
3A1T,equibind,scored,0.00016,gnina v1.3.3 master:6fe1ce2   Built Jun 30 2026.,static_crystal_polymer,,
3A1T,diffdock,scored,0.85155,gnina v1.3.3 master:6fe1ce2   Built Jun 30 2026.,static_crystal_polymer,,
2ZZ6,equibind,scored,0.00042,gnina v1.3.3 master:6fe1ce2   Built Jun 30 2026.,static_crystal_polymer,,
2ZZ6,diffdock,scored,0.56643,gnina v1.3.3 master:6fe1ce2   Built Jun 30 2026.,static_crystal_polymer,,
2ZXG,equibind,scored,0.03599,gnina v1.3.3 master:6fe1ce2   Built Jun 30 2026.,static_crystal_polymer,,
2ZXG,diffdock,scored,0.4971,gnina v1.3.3 master:6fe1ce2   Built Jun 30 2026.,static_crystal_polymer,,
3A1C,equibind,scored,0.00057,gnina v1.3.3 master:6fe1ce2   Built Jun 30 2026.,static_crystal_polymer,,
3A1C,diffdock,scored,0.87221,gnina v1.3.3 master:6fe1ce2   Built Jun 30 2026.,static_crystal_polymer,,
3A1D,equibind,scored,5e-05,gnina v1.3.3 master:6fe1ce2   Built Jun 30 2026.,static_crystal_polymer,,
3A1D,diffdock,scored,0.43761,gnina v1.3.3 master:6fe1ce2   Built Jun 30 2026.,static_crystal_polymer,,
3A2O,equibind,scored,0.00031,gnina v1.3.3 master:6fe1ce2   Built Jun 30 2026.,static_crystal_polymer,,
3A2O,diffdock,scored,0.14293,gnina v1.3.3 master:6fe1ce2   Built Jun 30 2026.,static_crystal_polymer,,
3A4P,equibind,scored,0.1737,gnina v1.3.3 master:6fe1ce2   Built Jun 30 2026.,static_crystal_polymer,,
3A4P,diffdock,scored,0.17398,gnina v1.3.3 master:6fe1ce2   Built Jun 30 2026.,static_crystal_polymer,,
3A1E,equibind,scored,0.00011,gnina v1.3.3 master:6fe1ce2   Built Jun 30 2026.,static_crystal_polymer,,
3A1E,diffdock,scored,0.27415,gnina v1.3.3 master:6fe1ce2   Built Jun 30 2026.,static_crystal_polymer,,
3A1S,equibind,scored,7e-05,gnina v1.3.3 master:6fe1ce2   Built Jun 30 2026.,static_crystal_polymer,,
3A1S,diffdock,scored,0.68959,gnina v1.3.3 master:6fe1ce2   Built Jun 30 2026.,static_crystal_polymer,,
3A6T,equibind,scored,0.24863,gnina v1.3.3 master:6fe1ce2   Built Jun 30 2026.,static_crystal_polymer,,
3A6T,diffdock,scored,0.92584,gnina v1.3.3 master:6fe1ce2   Built Jun 30 2026.,static_crystal_polymer,,
3A9I,equibind,scored,0.00189,gnina v1.3.3 master:6fe1ce2   Built Jun 30 2026.,static_crystal_polymer,,
3A9I,diffdock,scored,0.62659,gnina v1.3.3 master:6fe1ce2   Built Jun 30 2026.,static_crystal_polymer,,
3ADV,equibind,scored,0.00043,gnina v1.3.3 master:6fe1ce2   Built Jun 30 2026.,static_crystal_polymer,,
3ADV,diffdock,scored,0.09913,gnina v1.3.3 master:6fe1ce2   Built Jun 30 2026.,static_crystal_polymer,,
3ABT,equibind,scored,1e-05,gnina v1.3.3 master:6fe1ce2   Built Jun 30 2026.,static_crystal_polymer,,
3ABT,diffdock,scored,0.68166,gnina v1.3.3 master:6fe1ce2   Built Jun 30 2026.,static_crystal_polymer,,
3ABU,equibind,scored,7e-05,gnina v1.3.3 master:6fe1ce2   Built Jun 30 2026.,static_crystal_polymer,,
3ABU,diffdock,scored,0.1037,gnina v1.3.3 master:6fe1ce2   Built Jun 30 2026.,static_crystal_polymer,,
3AIG,equibind,scored,0.05995,gnina v1.3.3 master:6fe1ce2   Built Jun 30 2026.,static_crystal_polymer,,
3AIG,diffdock,scored,0.61858,gnina v1.3.3 master:6fe1ce2   Built Jun 30 2026.,static_crystal_polymer,,
3AJE,equibind,scored,0.34176,gnina v1.3.3 master:6fe1ce2   Built Jun 30 2026.,static_crystal_polymer,,
3AJE,diffdock,scored,0.87768,gnina v1.3.3 master:6fe1ce2   Built Jun 30 2026.,static_crystal_polymer,,
3AID,equibind,scored,0.0635,gnina v1.3.3 master:6fe1ce2   Built Jun 30 2026.,static_crystal_polymer,,
3AID,diffdock,scored,0.56944,gnina v1.3.3 master:6fe1ce2   Built Jun 30 2026.,static_crystal_polymer,,
3A3Y,equibind,scored,0.03203,gnina v1.3.3 master:6fe1ce2   Built Jun 30 2026.,static_crystal_polymer,,
3A3Y,diffdock,scored,0.56726,gnina v1.3.3 master:6fe1ce2   Built Jun 30 2026.,static_crystal_polymer,,
3AMB,equibind,scored,0.67927,gnina v1.3.3 master:6fe1ce2   Built Jun 30 2026.,static_crystal_polymer,,
3AMB,diffdock,scored,0.59368,gnina v1.3.3 master:6fe1ce2   Built Jun 30 2026.,static_crystal_polymer,,
3AO1,equibind,scored,0.81122,gnina v1.3.3 master:6fe1ce2   Built Jun 30 2026.,static_crystal_polymer,,
3AO1,diffdock,scored,0.898,gnina v1.3.3 master:6fe1ce2   Built Jun 30 2026.,static_crystal_polymer,,
3A29,equibind,scored,0.01421,gnina v1.3.3 master:6fe1ce2   Built Jun 30 2026.,static_crystal_polymer,,
3A29,diffdock,scored,0.62234,gnina v1.3.3 master:6fe1ce2   Built Jun 30 2026.,static_crystal_polymer,,
3AHO,equibind,scored,7e-05,gnina v1.3.3 master:6fe1ce2   Built Jun 30 2026.,static_crystal_polymer,,
3AHO,diffdock,scored,0.26106,gnina v1.3.3 master:6fe1ce2   Built Jun 30 2026.,static_crystal_polymer,,
3AHN,equibind,scored,0.00254,gnina v1.3.3 master:6fe1ce2   Built Jun 30 2026.,static_crystal_polymer,,
3AHN,diffdock,scored,0.31347,gnina v1.3.3 master:6fe1ce2   Built Jun 30 2026.,static_crystal_polymer,,
3AMV,equibind,scored,0.00101,gnina v1.3.3 master:6fe1ce2   Built Jun 30 2026.,static_crystal_polymer,,
3AMV,diffdock,scored,0.21616,gnina v1.3.3 master:6fe1ce2   Built Jun 30 2026.,static_crystal_polymer,,
3AO2,equibind,scored,0.00344,gnina v1.3.3 master:6fe1ce2   Built Jun 30 2026.,static_crystal_polymer,,
3AO2,diffdock,scored,0.1732,gnina v1.3.3 master:6fe1ce2   Built Jun 30 2026.,static_crystal_polymer,,
3ANS,equibind,scored,0.00197,gnina v1.3.3 master:6fe1ce2   Built Jun 30 2026.,static_crystal_polymer,,
3ANS,diffdock,scored,0.88445,gnina v1.3.3 master:6fe1ce2   Built Jun 30 2026.,static_crystal_polymer,,
3AO4,equibind,scored,0.00395,gnina v1.3.3 master:6fe1ce2   Built Jun 30 2026.,static_crystal_polymer,,
3AO4,diffdock,scored,0.87258,gnina v1.3.3 master:6fe1ce2   Built Jun 30 2026.,static_crystal_polymer,,
3ANT,equibind,scored,0.00146,gnina v1.3.3 master:6fe1ce2   Built Jun 30 2026.,static_crystal_polymer,,
3ANT,diffdock,scored,0.52433,gnina v1.3.3 master:6fe1ce2   Built Jun 30 2026.,static_crystal_polymer,,
3AO5,equibind,scored,0.00981,gnina v1.3.3 master:6fe1ce2   Built Jun 30 2026.,static_crystal_polymer,,
3AO5,diffdock,scored,0.19796,gnina v1.3.3 master:6fe1ce2   Built Jun 30 2026.,static_crystal_polymer,,
3AOX,equibind,scored,0.057,gnina v1.3.3 master:6fe1ce2   Built Jun 30 2026.,static_crystal_polymer,,
3AOX,diffdock,scored,0.60757,gnina v1.3.3 master:6fe1ce2   Built Jun 30 2026.,static_crystal_polymer,,
3AQT,equibind,scored,0.00989,gnina v1.3.3 master:6fe1ce2   Built Jun 30 2026.,static_crystal_polymer,,
3AQT,diffdock,scored,0.83743,gnina v1.3.3 master:6fe1ce2   Built Jun 30 2026.,static_crystal_polymer,,
3ARB,equibind,scored,1e-05,gnina v1.3.3 master:6fe1ce2   Built Jun 30 2026.,static_crystal_polymer,,
3ARB,diffdock,scored,0.66406,gnina v1.3.3 master:6fe1ce2   Built Jun 30 2026.,static_crystal_polymer,,
3ARD,equibind,scored,0.00485,gnina v1.3.3 master:6fe1ce2   Built Jun 30 2026.,static_crystal_polymer,,
3ARD,diffdock,scored,0.51443,gnina v1.3.3 master:6fe1ce2   Built Jun 30 2026.,static_crystal_polymer,,
3ANQ,equibind,scored,0.00109,gnina v1.3.3 master:6fe1ce2   Built Jun 30 2026.,static_crystal_polymer,,
3ANQ,diffdock,scored,0.37317,gnina v1.3.3 master:6fe1ce2   Built Jun 30 2026.,static_crystal_polymer,,
3ARE,equibind,scored,0.00674,gnina v1.3.3 master:6fe1ce2   Built Jun 30 2026.,static_crystal_polymer,,
3ARE,diffdock,scored,0.19487,gnina v1.3.3 master:6fe1ce2   Built Jun 30 2026.,static_crystal_polymer,,
3ANR,equibind,scored,0.59768,gnina v1.3.3 master:6fe1ce2   Built Jun 30 2026.,static_crystal_polymer,,
3ANR,diffdock,scored,0.67998,gnina v1.3.3 master:6fe1ce2   Built Jun 30 2026.,static_crystal_polymer,,
3ARA,equibind,scored,0.014,gnina v1.3.3 master:6fe1ce2   Built Jun 30 2026.,static_crystal_polymer,,
3ARA,diffdock,scored,0.66339,gnina v1.3.3 master:6fe1ce2   Built Jun 30 2026.,static_crystal_polymer,,
3ARF,equibind,scored,0.00026,gnina v1.3.3 master:6fe1ce2   Built Jun 30 2026.,static_crystal_polymer,,
3ARF,diffdock,scored,0.34348,gnina v1.3.3 master:6fe1ce2   Built Jun 30 2026.,static_crystal_polymer,,
3AT4,equibind,scored,0.40786,gnina v1.3.3 master:6fe1ce2   Built Jun 30 2026.,static_crystal_polymer,,
3AT4,diffdock,scored,0.93962,gnina v1.3.3 master:6fe1ce2   Built Jun 30 2026.,static_crystal_polymer,,
3ATI,equibind,scored,0.7062,gnina v1.3.3 master:6fe1ce2   Built Jun 30 2026.,static_crystal_polymer,,
3ATI,diffdock,scored,0.96088,gnina v1.3.3 master:6fe1ce2   Built Jun 30 2026.,static_crystal_polymer,,
3ARG,equibind,scored,0.0,gnina v1.3.3 master:6fe1ce2   Built Jun 30 2026.,static_crystal_polymer,,
3ARG,diffdock,scored,0.38789,gnina v1.3.3 master:6fe1ce2   Built Jun 30 2026.,static_crystal_polymer,,
3ARY,equibind,scored,0.19201,gnina v1.3.3 master:6fe1ce2   Built Jun 30 2026.,static_crystal_polymer,,
3ARY,diffdock,scored,0.72249,gnina v1.3.3 master:6fe1ce2   Built Jun 30 2026.,static_crystal_polymer,,
3ATK,equibind,scored,0.32946,gnina v1.3.3 master:6fe1ce2   Built Jun 30 2026.,static_crystal_polymer,,
3ATK,diffdock,scored,0.93676,gnina v1.3.3 master:6fe1ce2   Built Jun 30 2026.,static_crystal_polymer,,
3ATM,equibind,scored,0.48673,gnina v1.3.3 master:6fe1ce2   Built Jun 30 2026.,static_crystal_polymer,,
3ATM,diffdock,scored,0.91467,gnina v1.3.3 master:6fe1ce2   Built Jun 30 2026.,static_crystal_polymer,,
3ATP,equibind,scored,0.04731,gnina v1.3.3 master:6fe1ce2   Built Jun 30 2026.,static_crystal_polymer,,
3ATP,diffdock,scored,0.36323,gnina v1.3.3 master:6fe1ce2   Built Jun 30 2026.,static_crystal_polymer,,
3ARN,equibind,scored,0.00213,gnina v1.3.3 master:6fe1ce2   Built Jun 30 2026.,static_crystal_polymer,,
3ARN,diffdock,scored,0.55606,gnina v1.3.3 master:6fe1ce2   Built Jun 30 2026.,static_crystal_polymer,,
3ATU,equibind,scored,0.37307,gnina v1.3.3 master:6fe1ce2   Built Jun 30 2026.,static_crystal_polymer,,
3ATU,diffdock,scored,0.59104,gnina v1.3.3 master:6fe1ce2   Built Jun 30 2026.,static_crystal_polymer,,
3ARX,equibind,scored,0.06087,gnina v1.3.3 master:6fe1ce2   Built Jun 30 2026.,static_crystal_polymer,,
3ARX,diffdock,scored,0.83717,gnina v1.3.3 master:6fe1ce2   Built Jun 30 2026.,static_crystal_polymer,,
3AT1,equibind,scored,0.66247,gnina v1.3.3 master:6fe1ce2   Built Jun 30 2026.,static_crystal_polymer,,
3AT1,diffdock,scored,0.93969,gnina v1.3.3 master:6fe1ce2   Built Jun 30 2026.,static_crystal_polymer,,
3ATV,equibind,scored,0.52611,gnina v1.3.3 master:6fe1ce2   Built Jun 30 2026.,static_crystal_polymer,,
3ATV,diffdock,scored,0.79654,gnina v1.3.3 master:6fe1ce2   Built Jun 30 2026.,static_crystal_polymer,,
3AY9,equibind,scored,0.00825,gnina v1.3.3 master:6fe1ce2   Built Jun 30 2026.,static_crystal_polymer,,
3AY9,diffdock,scored,0.75762,gnina v1.3.3 master:6fe1ce2   Built Jun 30 2026.,static_crystal_polymer,,
3B1M,equibind,scored,5e-05,gnina v1.3.3 master:6fe1ce2   Built Jun 30 2026.,static_crystal_polymer,,
3B1M,diffdock,scored,0.55569,gnina v1.3.3 master:6fe1ce2   Built Jun 30 2026.,static_crystal_polymer,,
3AU6,equibind,scored,0.00049,gnina v1.3.3 master:6fe1ce2   Built Jun 30 2026.,static_crystal_polymer,,
3AU6,diffdock,scored,0.1098,gnina v1.3.3 master:6fe1ce2   Built Jun 30 2026.,static_crystal_polymer,,
3B0W,equibind,scored,0.29705,gnina v1.3.3 master:6fe1ce2   Built Jun 30 2026.,static_crystal_polymer,,
3B0W,diffdock,scored,0.68544,gnina v1.3.3 master:6fe1ce2   Built Jun 30 2026.,static_crystal_polymer,,
3B26,equibind,scored,0.00659,gnina v1.3.3 master:6fe1ce2   Built Jun 30 2026.,static_crystal_polymer,,
3B26,diffdock,scored,0.7792,gnina v1.3.3 master:6fe1ce2   Built Jun 30 2026.,static_crystal_polymer,,
3B3C,equibind,scored,0.62554,gnina v1.3.3 master:6fe1ce2   Built Jun 30 2026.,static_crystal_polymer,,
3B3C,diffdock,scored,0.72574,gnina v1.3.3 master:6fe1ce2   Built Jun 30 2026.,static_crystal_polymer,,
3B1T,equibind,scored,0.02611,gnina v1.3.3 master:6fe1ce2   Built Jun 30 2026.,static_crystal_polymer,,
3B1T,diffdock,scored,0.30851,gnina v1.3.3 master:6fe1ce2   Built Jun 30 2026.,static_crystal_polymer,,
3B1U,equibind,scored,0.03238,gnina v1.3.3 master:6fe1ce2   Built Jun 30 2026.,static_crystal_polymer,,
3B1U,diffdock,scored,0.19632,gnina v1.3.3 master:6fe1ce2   Built Jun 30 2026.,static_crystal_polymer,,
3AXK,equibind,scored,0.00104,gnina v1.3.3 master:6fe1ce2   Built Jun 30 2026.,static_crystal_polymer,,
3AXK,diffdock,scored,0.03291,gnina v1.3.3 master:6fe1ce2   Built Jun 30 2026.,static_crystal_polymer,,
3B3S,equibind,scored,0.2021,gnina v1.3.3 master:6fe1ce2   Built Jun 30 2026.,static_crystal_polymer,,
3B3S,diffdock,scored,0.02814,gnina v1.3.3 master:6fe1ce2   Built Jun 30 2026.,static_crystal_polymer,,
3B3W,equibind,scored,0.67137,gnina v1.3.3 master:6fe1ce2   Built Jun 30 2026.,static_crystal_polymer,,
3B3W,diffdock,scored,0.1598,gnina v1.3.3 master:6fe1ce2   Built Jun 30 2026.,static_crystal_polymer,,
3B2T,equibind,scored,0.42543,gnina v1.3.3 master:6fe1ce2   Built Jun 30 2026.,static_crystal_polymer,,
3B2T,diffdock,scored,0.74922,gnina v1.3.3 master:6fe1ce2   Built Jun 30 2026.,static_crystal_polymer,,
3B50,equibind,scored,0.05299,gnina v1.3.3 master:6fe1ce2   Built Jun 30 2026.,static_crystal_polymer,,
3B50,diffdock,scored,0.61452,gnina v1.3.3 master:6fe1ce2   Built Jun 30 2026.,static_crystal_polymer,,
3B65,equibind,scored,0.07185,gnina v1.3.3 master:6fe1ce2   Built Jun 30 2026.,static_crystal_polymer,,
3B65,diffdock,scored,0.86657,gnina v1.3.3 master:6fe1ce2   Built Jun 30 2026.,static_crystal_polymer,,
3B3X,equibind,scored,0.14031,gnina v1.3.3 master:6fe1ce2   Built Jun 30 2026.,static_crystal_polymer,,
3B3X,diffdock,scored,0.65842,gnina v1.3.3 master:6fe1ce2   Built Jun 30 2026.,static_crystal_polymer,,
3B7I,equibind,scored,0.87533,gnina v1.3.3 master:6fe1ce2   Built Jun 30 2026.,static_crystal_polymer,,
3B7I,diffdock,scored,0.78178,gnina v1.3.3 master:6fe1ce2   Built Jun 30 2026.,static_crystal_polymer,,
3B66,equibind,scored,0.0532,gnina v1.3.3 master:6fe1ce2   Built Jun 30 2026.,static_crystal_polymer,,
3B66,diffdock,scored,0.70744,gnina v1.3.3 master:6fe1ce2   Built Jun 30 2026.,static_crystal_polymer,,
3B67,equibind,scored,0.02345,gnina v1.3.3 master:6fe1ce2   Built Jun 30 2026.,static_crystal_polymer,,
3B67,diffdock,scored,0.42622,gnina v1.3.3 master:6fe1ce2   Built Jun 30 2026.,static_crystal_polymer,,
3B7U,equibind,scored,0.00457,gnina v1.3.3 master:6fe1ce2   Built Jun 30 2026.,static_crystal_polymer,,
3B7U,diffdock,scored,0.64377,gnina v1.3.3 master:6fe1ce2   Built Jun 30 2026.,static_crystal_polymer,,
3B7R,equibind,scored,0.00019,gnina v1.3.3 master:6fe1ce2   Built Jun 30 2026.,static_crystal_polymer,,
3B7R,diffdock,scored,0.64269,gnina v1.3.3 master:6fe1ce2   Built Jun 30 2026.,static_crystal_polymer,,
3B8Q,equibind,scored,0.00027,gnina v1.3.3 master:6fe1ce2   Built Jun 30 2026.,static_crystal_polymer,,
3B8Q,diffdock,scored,0.75402,gnina v1.3.3 master:6fe1ce2   Built Jun 30 2026.,static_crystal_polymer,,
3B92,equibind,scored,0.03078,gnina v1.3.3 master:6fe1ce2   Built Jun 30 2026.,static_crystal_polymer,,
3B92,diffdock,scored,0.81574,gnina v1.3.3 master:6fe1ce2   Built Jun 30 2026.,static_crystal_polymer,,
3B8Z,equibind,scored,4e-05,gnina v1.3.3 master:6fe1ce2   Built Jun 30 2026.,static_crystal_polymer,,
3B8Z,diffdock,scored,0.97838,gnina v1.3.3 master:6fe1ce2   Built Jun 30 2026.,static_crystal_polymer,,
3BC4,equibind,scored,0.01445,gnina v1.3.3 master:6fe1ce2   Built Jun 30 2026.,static_crystal_polymer,,
3BC4,diffdock,scored,0.11507,gnina v1.3.3 master:6fe1ce2   Built Jun 30 2026.,static_crystal_polymer,,
3B9S,equibind,scored,0.00906,gnina v1.3.3 master:6fe1ce2   Built Jun 30 2026.,static_crystal_polymer,,
3B9S,diffdock,scored,0.15119,gnina v1.3.3 master:6fe1ce2   Built Jun 30 2026.,static_crystal_polymer,,
3B9G,equibind,scored,0.01045,gnina v1.3.3 master:6fe1ce2   Built Jun 30 2026.,static_crystal_polymer,,
3B9G,diffdock,scored,0.16789,gnina v1.3.3 master:6fe1ce2   Built Jun 30 2026.,static_crystal_polymer,,
3B82,equibind,scored,0.0,gnina v1.3.3 master:6fe1ce2   Built Jun 30 2026.,static_crystal_polymer,,
3BAR,equibind,scored,0.00236,gnina v1.3.3 master:6fe1ce2   Built Jun 30 2026.,static_crystal_polymer,,
3BAR,diffdock,scored,0.84224,gnina v1.3.3 master:6fe1ce2   Built Jun 30 2026.,static_crystal_polymer,,
3BC5,equibind,scored,0.00058,gnina v1.3.3 master:6fe1ce2   Built Jun 30 2026.,static_crystal_polymer,,
3BC5,diffdock,scored,0.81762,gnina v1.3.3 master:6fe1ce2   Built Jun 30 2026.,static_crystal_polymer,,
3BCN,equibind,scored,0.08496,gnina v1.3.3 master:6fe1ce2   Built Jun 30 2026.,static_crystal_polymer,,
3BCN,diffdock,scored,0.34979,gnina v1.3.3 master:6fe1ce2   Built Jun 30 2026.,static_crystal_polymer,,
3B8H,equibind,scored,0.13099,gnina v1.3.3 master:6fe1ce2   Built Jun 30 2026.,static_crystal_polymer,,
3BE9,equibind,scored,0.01786,gnina v1.3.3 master:6fe1ce2   Built Jun 30 2026.,static_crystal_polymer,,
3BE9,diffdock,scored,0.93789,gnina v1.3.3 master:6fe1ce2   Built Jun 30 2026.,static_crystal_polymer,,
3BET,equibind,scored,0.36796,gnina v1.3.3 master:6fe1ce2   Built Jun 30 2026.,static_crystal_polymer,,
3BET,diffdock,scored,0.29246,gnina v1.3.3 master:6fe1ce2   Built Jun 30 2026.,static_crystal_polymer,,
3AZ9,equibind,scored,0.0,gnina v1.3.3 master:6fe1ce2   Built Jun 30 2026.,static_crystal_polymer,,
3BCS,equibind,scored,5e-05,gnina v1.3.3 master:6fe1ce2   Built Jun 30 2026.,static_crystal_polymer,,
3BCS,diffdock,scored,0.69439,gnina v1.3.3 master:6fe1ce2   Built Jun 30 2026.,static_crystal_polymer,,
3AZB,equibind,scored,0.06569,gnina v1.3.3 master:6fe1ce2   Built Jun 30 2026.,static_crystal_polymer,,
3BFT,equibind,scored,0.00963,gnina v1.3.3 master:6fe1ce2   Built Jun 30 2026.,static_crystal_polymer,,
3BFT,diffdock,scored,0.96662,gnina v1.3.3 master:6fe1ce2   Built Jun 30 2026.,static_crystal_polymer,,
3BG8,equibind,scored,0.208,gnina v1.3.3 master:6fe1ce2   Built Jun 30 2026.,static_crystal_polymer,,
3BG8,diffdock,scored,0.60755,gnina v1.3.3 master:6fe1ce2   Built Jun 30 2026.,static_crystal_polymer,,
3BGQ,equibind,scored,0.15464,gnina v1.3.3 master:6fe1ce2   Built Jun 30 2026.,static_crystal_polymer,,
3BGQ,diffdock,scored,0.72012,gnina v1.3.3 master:6fe1ce2   Built Jun 30 2026.,static_crystal_polymer,,
3BFU,equibind,scored,0.03988,gnina v1.3.3 master:6fe1ce2   Built Jun 30 2026.,static_crystal_polymer,,
3BFU,diffdock,scored,0.96836,gnina v1.3.3 master:6fe1ce2   Built Jun 30 2026.,static_crystal_polymer,,
3BGS,equibind,scored,0.06199,gnina v1.3.3 master:6fe1ce2   Built Jun 30 2026.,static_crystal_polymer,,
3BGS,diffdock,scored,0.8481,gnina v1.3.3 master:6fe1ce2   Built Jun 30 2026.,static_crystal_polymer,,
3BHX,equibind,scored,0.13837,gnina v1.3.3 master:6fe1ce2   Built Jun 30 2026.,static_crystal_polymer,,
3BHX,diffdock,scored,0.77324,gnina v1.3.3 master:6fe1ce2   Built Jun 30 2026.,static_crystal_polymer,,
3BI0,equibind,scored,0.03234,gnina v1.3.3 master:6fe1ce2   Built Jun 30 2026.,static_crystal_polymer,,
3BI0,diffdock,scored,0.92575,gnina v1.3.3 master:6fe1ce2   Built Jun 30 2026.,static_crystal_polymer,,
3BIZ,equibind,scored,0.45099,gnina v1.3.3 master:6fe1ce2   Built Jun 30 2026.,static_crystal_polymer,,
3BIZ,diffdock,scored,0.76002,gnina v1.3.3 master:6fe1ce2   Built Jun 30 2026.,static_crystal_polymer,,
3BJC,equibind,scored,0.00201,gnina v1.3.3 master:6fe1ce2   Built Jun 30 2026.,static_crystal_polymer,,
3BJC,diffdock,scored,0.64043,gnina v1.3.3 master:6fe1ce2   Built Jun 30 2026.,static_crystal_polymer,,
3BL0,equibind,scored,0.3948,gnina v1.3.3 master:6fe1ce2   Built Jun 30 2026.,static_crystal_polymer,,
3BL0,diffdock,scored,0.4843,gnina v1.3.3 master:6fe1ce2   Built Jun 30 2026.,static_crystal_polymer,,
3AZA,equibind,scored,0.41438,gnina v1.3.3 master:6fe1ce2   Built Jun 30 2026.,static_crystal_polymer,,
3BH3,equibind,scored,0.5875,gnina v1.3.3 master:6fe1ce2   Built Jun 30 2026.,static_crystal_polymer,,
3BH3,diffdock,scored,0.15686,gnina v1.3.3 master:6fe1ce2   Built Jun 30 2026.,static_crystal_polymer,,
3BKK,equibind,scored,0.00481,gnina v1.3.3 master:6fe1ce2   Built Jun 30 2026.,static_crystal_polymer,,
3BKK,diffdock,scored,0.67315,gnina v1.3.3 master:6fe1ce2   Built Jun 30 2026.,static_crystal_polymer,,
3BLA,equibind,scored,0.05092,gnina v1.3.3 master:6fe1ce2   Built Jun 30 2026.,static_crystal_polymer,,
3BLA,diffdock,scored,0.95933,gnina v1.3.3 master:6fe1ce2   Built Jun 30 2026.,static_crystal_polymer,,
3AXM,equibind,scored,0.00253,gnina v1.3.3 master:6fe1ce2   Built Jun 30 2026.,static_crystal_polymer,,
3BLT,equibind,scored,0.0015,gnina v1.3.3 master:6fe1ce2   Built Jun 30 2026.,static_crystal_polymer,,
3BLT,diffdock,scored,0.74959,gnina v1.3.3 master:6fe1ce2   Built Jun 30 2026.,static_crystal_polymer,,
3BBF,equibind,scored,4e-05,gnina v1.3.3 master:6fe1ce2   Built Jun 30 2026.,static_crystal_polymer,,
3BBF,diffdock,scored,0.50471,gnina v1.3.3 master:6fe1ce2   Built Jun 30 2026.,static_crystal_polymer,,
3BLU,equibind,scored,0.18371,gnina v1.3.3 master:6fe1ce2   Built Jun 30 2026.,static_crystal_polymer,,
3BLU,diffdock,scored,0.77747,gnina v1.3.3 master:6fe1ce2   Built Jun 30 2026.,static_crystal_polymer,,
3BM9,equibind,scored,0.70628,gnina v1.3.3 master:6fe1ce2   Built Jun 30 2026.,static_crystal_polymer,,
3BM9,diffdock,scored,0.71876,gnina v1.3.3 master:6fe1ce2   Built Jun 30 2026.,static_crystal_polymer,,
3BLS,equibind,scored,0.10464,gnina v1.3.3 master:6fe1ce2   Built Jun 30 2026.,static_crystal_polymer,,
3BLS,diffdock,scored,0.2347,gnina v1.3.3 master:6fe1ce2   Built Jun 30 2026.,static_crystal_polymer,,
3BM8,equibind,scored,0.01212,gnina v1.3.3 master:6fe1ce2   Built Jun 30 2026.,static_crystal_polymer,,
3BM8,diffdock,scored,0.73922,gnina v1.3.3 master:6fe1ce2   Built Jun 30 2026.,static_crystal_polymer,,
3BJM,equibind,scored,0.13828,gnina v1.3.3 master:6fe1ce2   Built Jun 30 2026.,static_crystal_polymer,,
3BJM,diffdock,scored,0.64339,gnina v1.3.3 master:6fe1ce2   Built Jun 30 2026.,static_crystal_polymer,,
3BEX,equibind,scored,0.75204,gnina v1.3.3 master:6fe1ce2   Built Jun 30 2026.,static_crystal_polymer,,
3BEX,diffdock,scored,0.77265,gnina v1.3.3 master:6fe1ce2   Built Jun 30 2026.,static_crystal_polymer,,
3BMY,equibind,scored,0.65469,gnina v1.3.3 master:6fe1ce2   Built Jun 30 2026.,static_crystal_polymer,,
3BMY,diffdock,scored,0.72364,gnina v1.3.3 master:6fe1ce2   Built Jun 30 2026.,static_crystal_polymer,,
3BRA,equibind,scored,0.64636,gnina v1.3.3 master:6fe1ce2   Built Jun 30 2026.,static_crystal_polymer,,
3BRA,diffdock,scored,0.88532,gnina v1.3.3 master:6fe1ce2   Built Jun 30 2026.,static_crystal_polymer,,
3BRN,equibind,scored,0.00339,gnina v1.3.3 master:6fe1ce2   Built Jun 30 2026.,static_crystal_polymer,,
3BRN,diffdock,scored,0.52081,gnina v1.3.3 master:6fe1ce2   Built Jun 30 2026.,static_crystal_polymer,,
3BM6,equibind,scored,0.00371,gnina v1.3.3 master:6fe1ce2   Built Jun 30 2026.,static_crystal_polymer,,
3BM6,diffdock,scored,0.16222,gnina v1.3.3 master:6fe1ce2   Built Jun 30 2026.,static_crystal_polymer,,
3BU1,equibind,scored,0.05952,gnina v1.3.3 master:6fe1ce2   Built Jun 30 2026.,static_crystal_polymer,,
3BU1,diffdock,scored,0.24644,gnina v1.3.3 master:6fe1ce2   Built Jun 30 2026.,static_crystal_polymer,,
3BUF,equibind,scored,0.21553,gnina v1.3.3 master:6fe1ce2   Built Jun 30 2026.,static_crystal_polymer,,
3BUF,diffdock,scored,0.57686,gnina v1.3.3 master:6fe1ce2   Built Jun 30 2026.,static_crystal_polymer,,
3BTI,equibind,scored,0.0,gnina v1.3.3 master:6fe1ce2   Built Jun 30 2026.,static_crystal_polymer,,
3BTI,diffdock,scored,0.58852,gnina v1.3.3 master:6fe1ce2   Built Jun 30 2026.,static_crystal_polymer,,
3BR9,equibind,scored,0.00443,gnina v1.3.3 master:6fe1ce2   Built Jun 30 2026.,static_crystal_polymer,,
3BR9,diffdock,scored,0.43976,gnina v1.3.3 master:6fe1ce2   Built Jun 30 2026.,static_crystal_polymer,,
3BUG,equibind,scored,0.46276,gnina v1.3.3 master:6fe1ce2   Built Jun 30 2026.,static_crystal_polymer,,
3BUG,diffdock,scored,0.94117,gnina v1.3.3 master:6fe1ce2   Built Jun 30 2026.,static_crystal_polymer,,
3BUH,equibind,scored,0.70633,gnina v1.3.3 master:6fe1ce2   Built Jun 30 2026.,static_crystal_polymer,,
3BUH,diffdock,scored,0.80106,gnina v1.3.3 master:6fe1ce2   Built Jun 30 2026.,static_crystal_polymer,,
3BVA,equibind,scored,0.00034,gnina v1.3.3 master:6fe1ce2   Built Jun 30 2026.,static_crystal_polymer,,
3BVA,diffdock,scored,0.86122,gnina v1.3.3 master:6fe1ce2   Built Jun 30 2026.,static_crystal_polymer,,
3BMQ,equibind,scored,0.40763,gnina v1.3.3 master:6fe1ce2   Built Jun 30 2026.,static_crystal_polymer,,
3BMQ,diffdock,scored,0.39333,gnina v1.3.3 master:6fe1ce2   Built Jun 30 2026.,static_crystal_polymer,,
3BX5,equibind,scored,0.46171,gnina v1.3.3 master:6fe1ce2   Built Jun 30 2026.,static_crystal_polymer,,
3BX5,diffdock,scored,0.61539,gnina v1.3.3 master:6fe1ce2   Built Jun 30 2026.,static_crystal_polymer,,
3BXE,equibind,scored,0.03094,gnina v1.3.3 master:6fe1ce2   Built Jun 30 2026.,static_crystal_polymer,,
3BXE,diffdock,scored,0.6287,gnina v1.3.3 master:6fe1ce2   Built Jun 30 2026.,static_crystal_polymer,,
3BXG,equibind,scored,0.02042,gnina v1.3.3 master:6fe1ce2   Built Jun 30 2026.,static_crystal_polymer,,
3BXG,diffdock,scored,0.73638,gnina v1.3.3 master:6fe1ce2   Built Jun 30 2026.,static_crystal_polymer,,
3BXS,equibind,scored,0.00017,gnina v1.3.3 master:6fe1ce2   Built Jun 30 2026.,static_crystal_polymer,,
3BXS,diffdock,scored,0.67276,gnina v1.3.3 master:6fe1ce2   Built Jun 30 2026.,static_crystal_polymer,,
3BXF,equibind,scored,0.00011,gnina v1.3.3 master:6fe1ce2   Built Jun 30 2026.,static_crystal_polymer,,
3BXF,diffdock,scored,0.69667,gnina v1.3.3 master:6fe1ce2   Built Jun 30 2026.,static_crystal_polymer,,
3BYM,equibind,scored,0.64628,gnina v1.3.3 master:6fe1ce2   Built Jun 30 2026.,static_crystal_polymer,,
3BYM,diffdock,scored,0.63837,gnina v1.3.3 master:6fe1ce2   Built Jun 30 2026.,static_crystal_polymer,,
3BMO,equibind,scored,0.00071,gnina v1.3.3 master:6fe1ce2   Built Jun 30 2026.,static_crystal_polymer,,
3BMO,diffdock,scored,0.70748,gnina v1.3.3 master:6fe1ce2   Built Jun 30 2026.,static_crystal_polymer,,
3BXH,equibind,scored,0.00958,gnina v1.3.3 master:6fe1ce2   Built Jun 30 2026.,static_crystal_polymer,,
3BXH,diffdock,scored,0.92201,gnina v1.3.3 master:6fe1ce2   Built Jun 30 2026.,static_crystal_polymer,,
3BZ3,equibind,scored,0.00303,gnina v1.3.3 master:6fe1ce2   Built Jun 30 2026.,static_crystal_polymer,,
3BZ3,diffdock,scored,0.66933,gnina v1.3.3 master:6fe1ce2   Built Jun 30 2026.,static_crystal_polymer,,
3BYS,equibind,scored,0.47837,gnina v1.3.3 master:6fe1ce2   Built Jun 30 2026.,static_crystal_polymer,,
3BYS,diffdock,scored,0.5949,gnina v1.3.3 master:6fe1ce2   Built Jun 30 2026.,static_crystal_polymer,,
3BYU,equibind,scored,0.41439,gnina v1.3.3 master:6fe1ce2   Built Jun 30 2026.,static_crystal_polymer,,
3BYU,diffdock,scored,0.81466,gnina v1.3.3 master:6fe1ce2   Built Jun 30 2026.,static_crystal_polymer,,
3C14,equibind,scored,0.40342,gnina v1.3.3 master:6fe1ce2   Built Jun 30 2026.,static_crystal_polymer,,
3C14,diffdock,scored,0.37785,gnina v1.3.3 master:6fe1ce2   Built Jun 30 2026.,static_crystal_polymer,,
3C1K,equibind,scored,0.00024,gnina v1.3.3 master:6fe1ce2   Built Jun 30 2026.,static_crystal_polymer,,
3C1K,diffdock,scored,0.49692,gnina v1.3.3 master:6fe1ce2   Built Jun 30 2026.,static_crystal_polymer,,
3C1X,equibind,scored,0.02234,gnina v1.3.3 master:6fe1ce2   Built Jun 30 2026.,static_crystal_polymer,,
3C1X,diffdock,scored,0.76148,gnina v1.3.3 master:6fe1ce2   Built Jun 30 2026.,static_crystal_polymer,,
3C2O,equibind,scored,0.00497,gnina v1.3.3 master:6fe1ce2   Built Jun 30 2026.,static_crystal_polymer,,
3C2O,diffdock,scored,0.76404,gnina v1.3.3 master:6fe1ce2   Built Jun 30 2026.,static_crystal_polymer,,
3C2F,equibind,scored,0.01993,gnina v1.3.3 master:6fe1ce2   Built Jun 30 2026.,static_crystal_polymer,,
3C2F,diffdock,scored,0.75649,gnina v1.3.3 master:6fe1ce2   Built Jun 30 2026.,static_crystal_polymer,,
3C39,equibind,scored,0.4422,gnina v1.3.3 master:6fe1ce2   Built Jun 30 2026.,static_crystal_polymer,,
3C39,diffdock,scored,0.95883,gnina v1.3.3 master:6fe1ce2   Built Jun 30 2026.,static_crystal_polymer,,
3C4F,equibind,scored,0.15003,gnina v1.3.3 master:6fe1ce2   Built Jun 30 2026.,static_crystal_polymer,,
3C4F,diffdock,scored,0.97589,gnina v1.3.3 master:6fe1ce2   Built Jun 30 2026.,static_crystal_polymer,,
3C0Z,equibind,scored,0.35791,gnina v1.3.3 master:6fe1ce2   Built Jun 30 2026.,static_crystal_polymer,,
3C0Z,diffdock,scored,0.73958,gnina v1.3.3 master:6fe1ce2   Built Jun 30 2026.,static_crystal_polymer,,
3C4H,equibind,scored,0.04506,gnina v1.3.3 master:6fe1ce2   Built Jun 30 2026.,static_crystal_polymer,,
3C4H,diffdock,scored,0.53856,gnina v1.3.3 master:6fe1ce2   Built Jun 30 2026.,static_crystal_polymer,,
3C1N,equibind,scored,0.07079,gnina v1.3.3 master:6fe1ce2   Built Jun 30 2026.,static_crystal_polymer,,
3C1N,diffdock,scored,0.39286,gnina v1.3.3 master:6fe1ce2   Built Jun 30 2026.,static_crystal_polymer,,
3C5U,equibind,scored,0.10343,gnina v1.3.3 master:6fe1ce2   Built Jun 30 2026.,static_crystal_polymer,,
3C5U,diffdock,scored,0.74826,gnina v1.3.3 master:6fe1ce2   Built Jun 30 2026.,static_crystal_polymer,,
3C7P,equibind,scored,0.26443,gnina v1.3.3 master:6fe1ce2   Built Jun 30 2026.,static_crystal_polymer,,
3C7P,diffdock,scored,0.84642,gnina v1.3.3 master:6fe1ce2   Built Jun 30 2026.,static_crystal_polymer,,
3C52,equibind,scored,0.51698,gnina v1.3.3 master:6fe1ce2   Built Jun 30 2026.,static_crystal_polymer,,
3C52,diffdock,scored,0.969,gnina v1.3.3 master:6fe1ce2   Built Jun 30 2026.,static_crystal_polymer,,
3C45,equibind,scored,0.00156,gnina v1.3.3 master:6fe1ce2   Built Jun 30 2026.,static_crystal_polymer,,
3C45,diffdock,scored,0.80249,gnina v1.3.3 master:6fe1ce2   Built Jun 30 2026.,static_crystal_polymer,,
3C43,equibind,scored,0.18691,gnina v1.3.3 master:6fe1ce2   Built Jun 30 2026.,static_crystal_polymer,,
3C43,diffdock,scored,0.59308,gnina v1.3.3 master:6fe1ce2   Built Jun 30 2026.,static_crystal_polymer,,
3C9E,equibind,scored,0.23338,gnina v1.3.3 master:6fe1ce2   Built Jun 30 2026.,static_crystal_polymer,,
3C9E,diffdock,scored,0.6393,gnina v1.3.3 master:6fe1ce2   Built Jun 30 2026.,static_crystal_polymer,,
3C56,equibind,scored,0.0175,gnina v1.3.3 master:6fe1ce2   Built Jun 30 2026.,static_crystal_polymer,,
3C56,diffdock,scored,0.92704,gnina v1.3.3 master:6fe1ce2   Built Jun 30 2026.,static_crystal_polymer,,
3C8E,equibind,scored,0.08433,gnina v1.3.3 master:6fe1ce2   Built Jun 30 2026.,static_crystal_polymer,,
3C8E,diffdock,scored,0.98629,gnina v1.3.3 master:6fe1ce2   Built Jun 30 2026.,static_crystal_polymer,,
3C79,equibind,scored,0.58233,gnina v1.3.3 master:6fe1ce2   Built Jun 30 2026.,static_crystal_polymer,,
3C79,diffdock,scored,0.55926,gnina v1.3.3 master:6fe1ce2   Built Jun 30 2026.,static_crystal_polymer,,
3C84,equibind,scored,0.61056,gnina v1.3.3 master:6fe1ce2   Built Jun 30 2026.,static_crystal_polymer,,
3C84,diffdock,scored,0.86419,gnina v1.3.3 master:6fe1ce2   Built Jun 30 2026.,static_crystal_polymer,,
3CE0,equibind,scored,0.06264,gnina v1.3.3 master:6fe1ce2   Built Jun 30 2026.,static_crystal_polymer,,
3CE0,diffdock,scored,0.93741,gnina v1.3.3 master:6fe1ce2   Built Jun 30 2026.,static_crystal_polymer,,
3CFT,equibind,scored,0.00026,gnina v1.3.3 master:6fe1ce2   Built Jun 30 2026.,static_crystal_polymer,,
3CFT,diffdock,scored,0.16208,gnina v1.3.3 master:6fe1ce2   Built Jun 30 2026.,static_crystal_polymer,,
3CCZ,equibind,scored,0.00101,gnina v1.3.3 master:6fe1ce2   Built Jun 30 2026.,static_crystal_polymer,,
3CCZ,diffdock,scored,0.92801,gnina v1.3.3 master:6fe1ce2   Built Jun 30 2026.,static_crystal_polymer,,
3CCT,equibind,scored,0.01458,gnina v1.3.3 master:6fe1ce2   Built Jun 30 2026.,static_crystal_polymer,,
3CCT,diffdock,scored,0.84134,gnina v1.3.3 master:6fe1ce2   Built Jun 30 2026.,static_crystal_polymer,,
3CCW,equibind,scored,0.00032,gnina v1.3.3 master:6fe1ce2   Built Jun 30 2026.,static_crystal_polymer,,
3CCW,diffdock,scored,0.70702,gnina v1.3.3 master:6fe1ce2   Built Jun 30 2026.,static_crystal_polymer,,
3BB1,equibind,scored,0.00429,gnina v1.3.3 master:6fe1ce2   Built Jun 30 2026.,static_crystal_polymer,,
3BB1,diffdock,scored,0.40922,gnina v1.3.3 master:6fe1ce2   Built Jun 30 2026.,static_crystal_polymer,,
3CFN,equibind,scored,0.00012,gnina v1.3.3 master:6fe1ce2   Built Jun 30 2026.,static_crystal_polymer,,
3CFN,diffdock,scored,0.27623,gnina v1.3.3 master:6fe1ce2   Built Jun 30 2026.,static_crystal_polymer,,
3CGY,equibind,scored,0.00139,gnina v1.3.3 master:6fe1ce2   Built Jun 30 2026.,static_crystal_polymer,,
3CGY,diffdock,scored,0.40144,gnina v1.3.3 master:6fe1ce2   Built Jun 30 2026.,static_crystal_polymer,,
3CHP,equibind,scored,0.00137,gnina v1.3.3 master:6fe1ce2   Built Jun 30 2026.,static_crystal_polymer,,
3CHP,diffdock,scored,0.53618,gnina v1.3.3 master:6fe1ce2   Built Jun 30 2026.,static_crystal_polymer,,
3CIB,equibind,scored,0.0,gnina v1.3.3 master:6fe1ce2   Built Jun 30 2026.,static_crystal_polymer,,
3CIB,diffdock,scored,0.63259,gnina v1.3.3 master:6fe1ce2   Built Jun 30 2026.,static_crystal_polymer,,
3CID,equibind,scored,0.0,gnina v1.3.3 master:6fe1ce2   Built Jun 30 2026.,static_crystal_polymer,,
3CID,diffdock,scored,0.86133,gnina v1.3.3 master:6fe1ce2   Built Jun 30 2026.,static_crystal_polymer,,
3CIC,equibind,scored,0.0,gnina v1.3.3 master:6fe1ce2   Built Jun 30 2026.,static_crystal_polymer,,
3CIC,diffdock,scored,0.49277,gnina v1.3.3 master:6fe1ce2   Built Jun 30 2026.,static_crystal_polymer,,
3CJ2,equibind,scored,0.0198,gnina v1.3.3 master:6fe1ce2   Built Jun 30 2026.,static_crystal_polymer,,
3CJ2,diffdock,scored,0.89852,gnina v1.3.3 master:6fe1ce2   Built Jun 30 2026.,static_crystal_polymer,,
3CCB,equibind,scored,0.06387,gnina v1.3.3 master:6fe1ce2   Built Jun 30 2026.,static_crystal_polymer,,
3CCB,diffdock,scored,0.8659,gnina v1.3.3 master:6fe1ce2   Built Jun 30 2026.,static_crystal_polymer,,
3CJ3,equibind,scored,0.05865,gnina v1.3.3 master:6fe1ce2   Built Jun 30 2026.,static_crystal_polymer,,
3CJ3,diffdock,scored,0.10299,gnina v1.3.3 master:6fe1ce2   Built Jun 30 2026.,static_crystal_polymer,,
3CD5,equibind,scored,0.00197,gnina v1.3.3 master:6fe1ce2   Built Jun 30 2026.,static_crystal_polymer,,
3CD5,diffdock,scored,0.45107,gnina v1.3.3 master:6fe1ce2   Built Jun 30 2026.,static_crystal_polymer,,
3CD0,equibind,scored,0.00109,gnina v1.3.3 master:6fe1ce2   Built Jun 30 2026.,static_crystal_polymer,,
3CD0,diffdock,scored,0.46442,gnina v1.3.3 master:6fe1ce2   Built Jun 30 2026.,static_crystal_polymer,,
3CJO,equibind,scored,2e-05,gnina v1.3.3 master:6fe1ce2   Built Jun 30 2026.,static_crystal_polymer,,
3CJO,diffdock,scored,0.8241,gnina v1.3.3 master:6fe1ce2   Built Jun 30 2026.,static_crystal_polymer,,
3CJ5,equibind,scored,1e-05,gnina v1.3.3 master:6fe1ce2   Built Jun 30 2026.,static_crystal_polymer,,
3CJ5,diffdock,scored,0.84672,gnina v1.3.3 master:6fe1ce2   Built Jun 30 2026.,static_crystal_polymer,,
3CL0,equibind,scored,0.05575,gnina v1.3.3 master:6fe1ce2   Built Jun 30 2026.,static_crystal_polymer,,
3CL0,diffdock,scored,0.84275,gnina v1.3.3 master:6fe1ce2   Built Jun 30 2026.,static_crystal_polymer,,
3CLP,equibind,scored,1e-05,gnina v1.3.3 master:6fe1ce2   Built Jun 30 2026.,static_crystal_polymer,,
3CLP,diffdock,scored,0.42604,gnina v1.3.3 master:6fe1ce2   Built Jun 30 2026.,static_crystal_polymer,,
3CD7,equibind,scored,0.56975,gnina v1.3.3 master:6fe1ce2   Built Jun 30 2026.,static_crystal_polymer,,
3CD7,diffdock,scored,0.79727,gnina v1.3.3 master:6fe1ce2   Built Jun 30 2026.,static_crystal_polymer,,
3C2U,equibind,scored,0.93504,gnina v1.3.3 master:6fe1ce2   Built Jun 30 2026.,static_crystal_polymer,,
3C2U,diffdock,scored,0.27695,gnina v1.3.3 master:6fe1ce2   Built Jun 30 2026.,static_crystal_polymer,,
3CKP,equibind,scored,0.00768,gnina v1.3.3 master:6fe1ce2   Built Jun 30 2026.,static_crystal_polymer,,
3CKP,diffdock,scored,0.59808,gnina v1.3.3 master:6fe1ce2   Built Jun 30 2026.,static_crystal_polymer,,
3CKT,equibind,scored,0.11508,gnina v1.3.3 master:6fe1ce2   Built Jun 30 2026.,static_crystal_polymer,,
3CKT,diffdock,scored,0.37682,gnina v1.3.3 master:6fe1ce2   Built Jun 30 2026.,static_crystal_polymer,,
3CKE,equibind,scored,0.00241,gnina v1.3.3 master:6fe1ce2   Built Jun 30 2026.,static_crystal_polymer,,
3CKE,diffdock,scored,0.04169,gnina v1.3.3 master:6fe1ce2   Built Jun 30 2026.,static_crystal_polymer,,
3COW,equibind,scored,0.02221,gnina v1.3.3 master:6fe1ce2   Built Jun 30 2026.,static_crystal_polymer,,
3COW,diffdock,scored,0.92417,gnina v1.3.3 master:6fe1ce2   Built Jun 30 2026.,static_crystal_polymer,,
3COY,equibind,scored,0.00146,gnina v1.3.3 master:6fe1ce2   Built Jun 30 2026.,static_crystal_polymer,,
3COY,diffdock,scored,0.74772,gnina v1.3.3 master:6fe1ce2   Built Jun 30 2026.,static_crystal_polymer,,
3CPC,equibind,scored,0.00391,gnina v1.3.3 master:6fe1ce2   Built Jun 30 2026.,static_crystal_polymer,,
3CPC,diffdock,scored,0.99041,gnina v1.3.3 master:6fe1ce2   Built Jun 30 2026.,static_crystal_polymer,,
3CM7,equibind,scored,0.00839,gnina v1.3.3 master:6fe1ce2   Built Jun 30 2026.,static_crystal_polymer,,
3CM7,diffdock,scored,0.67941,gnina v1.3.3 master:6fe1ce2   Built Jun 30 2026.,static_crystal_polymer,,
3CQU,equibind,scored,0.18862,gnina v1.3.3 master:6fe1ce2   Built Jun 30 2026.,static_crystal_polymer,,
3CQU,diffdock,scored,0.97888,gnina v1.3.3 master:6fe1ce2   Built Jun 30 2026.,static_crystal_polymer,,
3CQW,equibind,scored,0.09209,gnina v1.3.3 master:6fe1ce2   Built Jun 30 2026.,static_crystal_polymer,,
3CQW,diffdock,scored,0.80297,gnina v1.3.3 master:6fe1ce2   Built Jun 30 2026.,static_crystal_polymer,,
3CPJ,equibind,scored,3e-05,gnina v1.3.3 master:6fe1ce2   Built Jun 30 2026.,static_crystal_polymer,,
3CPJ,diffdock,scored,0.09454,gnina v1.3.3 master:6fe1ce2   Built Jun 30 2026.,static_crystal_polymer,,
3CTH,equibind,scored,0.00485,gnina v1.3.3 master:6fe1ce2   Built Jun 30 2026.,static_crystal_polymer,,
3CTH,diffdock,scored,0.75705,gnina v1.3.3 master:6fe1ce2   Built Jun 30 2026.,static_crystal_polymer,,
3CTJ,equibind,scored,0.3731,gnina v1.3.3 master:6fe1ce2   Built Jun 30 2026.,static_crystal_polymer,,
3CTJ,diffdock,scored,0.25902,gnina v1.3.3 master:6fe1ce2   Built Jun 30 2026.,static_crystal_polymer,,
3CWK,equibind,scored,0.51577,gnina v1.3.3 master:6fe1ce2   Built Jun 30 2026.,static_crystal_polymer,,
3CWK,diffdock,scored,0.79527,gnina v1.3.3 master:6fe1ce2   Built Jun 30 2026.,static_crystal_polymer,,
3CWE,equibind,scored,0.02109,gnina v1.3.3 master:6fe1ce2   Built Jun 30 2026.,static_crystal_polymer,,
3CWE,diffdock,scored,0.86715,gnina v1.3.3 master:6fe1ce2   Built Jun 30 2026.,static_crystal_polymer,,
3CPH,equibind,scored,0.00066,gnina v1.3.3 master:6fe1ce2   Built Jun 30 2026.,static_crystal_polymer,,
3CPH,diffdock,scored,0.01998,gnina v1.3.3 master:6fe1ce2   Built Jun 30 2026.,static_crystal_polymer,,
3CL2,equibind,scored,0.00915,gnina v1.3.3 master:6fe1ce2   Built Jun 30 2026.,static_crystal_polymer,,
3CY2,equibind,scored,0.04654,gnina v1.3.3 master:6fe1ce2   Built Jun 30 2026.,static_crystal_polymer,,
3CY2,diffdock,scored,0.19203,gnina v1.3.3 master:6fe1ce2   Built Jun 30 2026.,static_crystal_polymer,,
3CTT,equibind,scored,0.16595,gnina v1.3.3 master:6fe1ce2   Built Jun 30 2026.,static_crystal_polymer,,
3CTT,diffdock,scored,0.74311,gnina v1.3.3 master:6fe1ce2   Built Jun 30 2026.,static_crystal_polymer,,
3CYZ,equibind,scored,0.69023,gnina v1.3.3 master:6fe1ce2   Built Jun 30 2026.,static_crystal_polymer,,
3CYZ,diffdock,scored,0.58557,gnina v1.3.3 master:6fe1ce2   Built Jun 30 2026.,static_crystal_polymer,,
3D14,equibind,scored,0.01285,gnina v1.3.3 master:6fe1ce2   Built Jun 30 2026.,static_crystal_polymer,,
3D14,diffdock,scored,0.93634,gnina v1.3.3 master:6fe1ce2   Built Jun 30 2026.,static_crystal_polymer,,
3CX9,equibind,scored,0.01772,gnina v1.3.3 master:6fe1ce2   Built Jun 30 2026.,static_crystal_polymer,,
3CX9,diffdock,scored,0.49379,gnina v1.3.3 master:6fe1ce2   Built Jun 30 2026.,static_crystal_polymer,,
3D1X,equibind,scored,1e-05,gnina v1.3.3 master:6fe1ce2   Built Jun 30 2026.,static_crystal_polymer,,
3D1X,diffdock,scored,0.20393,gnina v1.3.3 master:6fe1ce2   Built Jun 30 2026.,static_crystal_polymer,,
3CZV,equibind,scored,0.0793,gnina v1.3.3 master:6fe1ce2   Built Jun 30 2026.,static_crystal_polymer,,
3CZV,diffdock,scored,0.85042,gnina v1.3.3 master:6fe1ce2   Built Jun 30 2026.,static_crystal_polymer,,
3D0E,equibind,scored,0.22252,gnina v1.3.3 master:6fe1ce2   Built Jun 30 2026.,static_crystal_polymer,,
3D0E,diffdock,scored,0.86288,gnina v1.3.3 master:6fe1ce2   Built Jun 30 2026.,static_crystal_polymer,,
3D27,equibind,scored,0.03975,gnina v1.3.3 master:6fe1ce2   Built Jun 30 2026.,static_crystal_polymer,,
3D27,diffdock,scored,0.52118,gnina v1.3.3 master:6fe1ce2   Built Jun 30 2026.,static_crystal_polymer,,
3D1Y,equibind,scored,0.00352,gnina v1.3.3 master:6fe1ce2   Built Jun 30 2026.,static_crystal_polymer,,
3D1Y,diffdock,scored,0.81439,gnina v1.3.3 master:6fe1ce2   Built Jun 30 2026.,static_crystal_polymer,,
3D4FB,equibind,scored,0.50184,gnina v1.3.3 master:6fe1ce2   Built Jun 30 2026.,static_crystal_polymer,,
3D4FB,diffdock,scored,0.61883,gnina v1.3.3 master:6fe1ce2   Built Jun 30 2026.,static_crystal_polymer,,
3D1G,equibind,scored,0.51974,gnina v1.3.3 master:6fe1ce2   Built Jun 30 2026.,static_crystal_polymer,,
3D1G,diffdock,scored,0.57305,gnina v1.3.3 master:6fe1ce2   Built Jun 30 2026.,static_crystal_polymer,,
3D2T,equibind,scored,0.01263,gnina v1.3.3 master:6fe1ce2   Built Jun 30 2026.,static_crystal_polymer,,
3D2T,diffdock,scored,0.36207,gnina v1.3.3 master:6fe1ce2   Built Jun 30 2026.,static_crystal_polymer,,
3D4FA,equibind,scored,0.00042,gnina v1.3.3 master:6fe1ce2   Built Jun 30 2026.,static_crystal_polymer,,
3D4FA,diffdock,scored,0.2586,gnina v1.3.3 master:6fe1ce2   Built Jun 30 2026.,static_crystal_polymer,,
3D50,equibind,scored,0.00762,gnina v1.3.3 master:6fe1ce2   Built Jun 30 2026.,static_crystal_polymer,,
3D50,diffdock,scored,0.93055,gnina v1.3.3 master:6fe1ce2   Built Jun 30 2026.,static_crystal_polymer,,
3D62,equibind,scored,0.01863,gnina v1.3.3 master:6fe1ce2   Built Jun 30 2026.,static_crystal_polymer,,
3D62,diffdock,scored,0.3994,gnina v1.3.3 master:6fe1ce2   Built Jun 30 2026.,static_crystal_polymer,,
3D4Y,equibind,scored,0.76345,gnina v1.3.3 master:6fe1ce2   Built Jun 30 2026.,static_crystal_polymer,,
3D4Y,diffdock,scored,0.81543,gnina v1.3.3 master:6fe1ce2   Built Jun 30 2026.,static_crystal_polymer,,
3D51,equibind,scored,0.13656,gnina v1.3.3 master:6fe1ce2   Built Jun 30 2026.,static_crystal_polymer,,
3D51,diffdock,scored,0.41689,gnina v1.3.3 master:6fe1ce2   Built Jun 30 2026.,static_crystal_polymer,,
3D4Z,equibind,scored,0.81568,gnina v1.3.3 master:6fe1ce2   Built Jun 30 2026.,static_crystal_polymer,,
3D4Z,diffdock,scored,0.79723,gnina v1.3.3 master:6fe1ce2   Built Jun 30 2026.,static_crystal_polymer,,
3D6P,equibind,scored,1e-05,gnina v1.3.3 master:6fe1ce2   Built Jun 30 2026.,static_crystal_polymer,,
3D6P,diffdock,scored,0.81766,gnina v1.3.3 master:6fe1ce2   Built Jun 30 2026.,static_crystal_polymer,,
3D6O,equibind,scored,0.0001,gnina v1.3.3 master:6fe1ce2   Built Jun 30 2026.,static_crystal_polymer,,
3D6O,diffdock,scored,0.72451,gnina v1.3.3 master:6fe1ce2   Built Jun 30 2026.,static_crystal_polymer,,
3D7B,equibind,scored,0.00011,gnina v1.3.3 master:6fe1ce2   Built Jun 30 2026.,static_crystal_polymer,,
3D7B,diffdock,scored,0.83172,gnina v1.3.3 master:6fe1ce2   Built Jun 30 2026.,static_crystal_polymer,,
3D6Q,equibind,scored,4e-05,gnina v1.3.3 master:6fe1ce2   Built Jun 30 2026.,static_crystal_polymer,,
3D6Q,diffdock,scored,0.66811,gnina v1.3.3 master:6fe1ce2   Built Jun 30 2026.,static_crystal_polymer,,
3D78,equibind,scored,0.00123,gnina v1.3.3 master:6fe1ce2   Built Jun 30 2026.,static_crystal_polymer,,
3D78,diffdock,scored,0.63654,gnina v1.3.3 master:6fe1ce2   Built Jun 30 2026.,static_crystal_polymer,,
3D8W,equibind,scored,0.29657,gnina v1.3.3 master:6fe1ce2   Built Jun 30 2026.,static_crystal_polymer,,
3D8W,diffdock,scored,0.63078,gnina v1.3.3 master:6fe1ce2   Built Jun 30 2026.,static_crystal_polymer,,
3D7M,equibind,scored,0.01402,gnina v1.3.3 master:6fe1ce2   Built Jun 30 2026.,static_crystal_polymer,,
3D7M,diffdock,scored,0.26711,gnina v1.3.3 master:6fe1ce2   Built Jun 30 2026.,static_crystal_polymer,,
3D7F,equibind,scored,0.14174,gnina v1.3.3 master:6fe1ce2   Built Jun 30 2026.,static_crystal_polymer,,
3D7F,diffdock,scored,0.6083,gnina v1.3.3 master:6fe1ce2   Built Jun 30 2026.,static_crystal_polymer,,
3D8Y,equibind,scored,0.00014,gnina v1.3.3 master:6fe1ce2   Built Jun 30 2026.,static_crystal_polymer,,
3D8Y,diffdock,scored,0.80188,gnina v1.3.3 master:6fe1ce2   Built Jun 30 2026.,static_crystal_polymer,,
3D5M,equibind,scored,0.00727,gnina v1.3.3 master:6fe1ce2   Built Jun 30 2026.,static_crystal_polymer,,
3D5M,diffdock,scored,0.986,gnina v1.3.3 master:6fe1ce2   Built Jun 30 2026.,static_crystal_polymer,,
3D7G,equibind,scored,0.03285,gnina v1.3.3 master:6fe1ce2   Built Jun 30 2026.,static_crystal_polymer,,
3D7G,diffdock,scored,0.8137,gnina v1.3.3 master:6fe1ce2   Built Jun 30 2026.,static_crystal_polymer,,
3D7D,equibind,scored,0.04755,gnina v1.3.3 master:6fe1ce2   Built Jun 30 2026.,static_crystal_polymer,,
3D7D,diffdock,scored,0.81014,gnina v1.3.3 master:6fe1ce2   Built Jun 30 2026.,static_crystal_polymer,,
3D83,equibind,scored,0.00384,gnina v1.3.3 master:6fe1ce2   Built Jun 30 2026.,static_crystal_polymer,,
3D83,diffdock,scored,0.3992,gnina v1.3.3 master:6fe1ce2   Built Jun 30 2026.,static_crystal_polymer,,
3D2E,equibind,scored,9e-05,gnina v1.3.3 master:6fe1ce2   Built Jun 30 2026.,static_crystal_polymer,,
3D2E,diffdock,scored,0.39707,gnina v1.3.3 master:6fe1ce2   Built Jun 30 2026.,static_crystal_polymer,,
3D8Z,equibind,scored,0.00033,gnina v1.3.3 master:6fe1ce2   Built Jun 30 2026.,static_crystal_polymer,,
3D8Z,diffdock,scored,0.74952,gnina v1.3.3 master:6fe1ce2   Built Jun 30 2026.,static_crystal_polymer,,
3D9Z,equibind,scored,0.51815,gnina v1.3.3 master:6fe1ce2   Built Jun 30 2026.,static_crystal_polymer,,
3D9Z,diffdock,scored,0.95512,gnina v1.3.3 master:6fe1ce2   Built Jun 30 2026.,static_crystal_polymer,,
3DA9,equibind,scored,0.09411,gnina v1.3.3 master:6fe1ce2   Built Jun 30 2026.,static_crystal_polymer,,
3DA9,diffdock,scored,0.13399,gnina v1.3.3 master:6fe1ce2   Built Jun 30 2026.,static_crystal_polymer,,
3DB6,equibind,scored,0.1213,gnina v1.3.3 master:6fe1ce2   Built Jun 30 2026.,static_crystal_polymer,,
3DB6,diffdock,scored,0.32556,gnina v1.3.3 master:6fe1ce2   Built Jun 30 2026.,static_crystal_polymer,,
3DAJ,equibind,scored,0.03089,gnina v1.3.3 master:6fe1ce2   Built Jun 30 2026.,static_crystal_polymer,,
3DAJ,diffdock,scored,0.5302,gnina v1.3.3 master:6fe1ce2   Built Jun 30 2026.,static_crystal_polymer,,
3DB8,equibind,scored,0.43116,gnina v1.3.3 master:6fe1ce2   Built Jun 30 2026.,static_crystal_polymer,,
3DB8,diffdock,scored,0.80032,gnina v1.3.3 master:6fe1ce2   Built Jun 30 2026.,static_crystal_polymer,,
3D7H,equibind,scored,0.00666,gnina v1.3.3 master:6fe1ce2   Built Jun 30 2026.,static_crystal_polymer,,
3D7H,diffdock,scored,0.92758,gnina v1.3.3 master:6fe1ce2   Built Jun 30 2026.,static_crystal_polymer,,
3DBU,equibind,scored,0.42461,gnina v1.3.3 master:6fe1ce2   Built Jun 30 2026.,static_crystal_polymer,,
3DBU,diffdock,scored,0.42292,gnina v1.3.3 master:6fe1ce2   Built Jun 30 2026.,static_crystal_polymer,,
3CM2,equibind,scored,0.00272,gnina v1.3.3 master:6fe1ce2   Built Jun 30 2026.,static_crystal_polymer,,
3CM2,diffdock,scored,0.67132,gnina v1.3.3 master:6fe1ce2   Built Jun 30 2026.,static_crystal_polymer,,
3DC3,equibind,scored,0.20603,gnina v1.3.3 master:6fe1ce2   Built Jun 30 2026.,static_crystal_polymer,,
3DC3,diffdock,scored,0.93987,gnina v1.3.3 master:6fe1ce2   Built Jun 30 2026.,static_crystal_polymer,,
3D9V,equibind,scored,0.00578,gnina v1.3.3 master:6fe1ce2   Built Jun 30 2026.,static_crystal_polymer,,
3D9V,diffdock,scored,0.96916,gnina v1.3.3 master:6fe1ce2   Built Jun 30 2026.,static_crystal_polymer,,
3DCC,equibind,scored,0.44028,gnina v1.3.3 master:6fe1ce2   Built Jun 30 2026.,static_crystal_polymer,,
3DCC,diffdock,scored,0.94745,gnina v1.3.3 master:6fe1ce2   Built Jun 30 2026.,static_crystal_polymer,,
3DCS,equibind,scored,0.43914,gnina v1.3.3 master:6fe1ce2   Built Jun 30 2026.,static_crystal_polymer,,
3DCS,diffdock,scored,0.97273,gnina v1.3.3 master:6fe1ce2   Built Jun 30 2026.,static_crystal_polymer,,
3DCR,equibind,scored,0.00028,gnina v1.3.3 master:6fe1ce2   Built Jun 30 2026.,static_crystal_polymer,,
3DCR,diffdock,scored,0.53089,gnina v1.3.3 master:6fe1ce2   Built Jun 30 2026.,static_crystal_polymer,,
3DCW,equibind,scored,0.20011,gnina v1.3.3 master:6fe1ce2   Built Jun 30 2026.,static_crystal_polymer,,
3DCW,diffdock,scored,0.95489,gnina v1.3.3 master:6fe1ce2   Built Jun 30 2026.,static_crystal_polymer,,
3DCT,equibind,scored,0.54136,gnina v1.3.3 master:6fe1ce2   Built Jun 30 2026.,static_crystal_polymer,,
3DCT,diffdock,scored,0.95539,gnina v1.3.3 master:6fe1ce2   Built Jun 30 2026.,static_crystal_polymer,,
3DCQ,equibind,scored,0.0035,gnina v1.3.3 master:6fe1ce2   Built Jun 30 2026.,static_crystal_polymer,,
3DCQ,diffdock,scored,0.53505,gnina v1.3.3 master:6fe1ce2   Built Jun 30 2026.,static_crystal_polymer,,
3DBS,equibind,scored,0.0137,gnina v1.3.3 master:6fe1ce2   Built Jun 30 2026.,static_crystal_polymer,,
3DBS,diffdock,scored,0.7558,gnina v1.3.3 master:6fe1ce2   Built Jun 30 2026.,static_crystal_polymer,,
3DD0,equibind,scored,0.53783,gnina v1.3.3 master:6fe1ce2   Built Jun 30 2026.,static_crystal_polymer,,
3DD0,diffdock,scored,0.93855,gnina v1.3.3 master:6fe1ce2   Built Jun 30 2026.,static_crystal_polymer,,
3DD8,equibind,scored,0.53883,gnina v1.3.3 master:6fe1ce2   Built Jun 30 2026.,static_crystal_polymer,,
3DD8,diffdock,scored,0.26734,gnina v1.3.3 master:6fe1ce2   Built Jun 30 2026.,static_crystal_polymer,,
3DDU,equibind,scored,0.00282,gnina v1.3.3 master:6fe1ce2   Built Jun 30 2026.,static_crystal_polymer,,
3DDU,diffdock,scored,0.96289,gnina v1.3.3 master:6fe1ce2   Built Jun 30 2026.,static_crystal_polymer,,
3DGN,equibind,scored,0.00018,gnina v1.3.3 master:6fe1ce2   Built Jun 30 2026.,static_crystal_polymer,,
3DGN,diffdock,scored,0.6457,gnina v1.3.3 master:6fe1ce2   Built Jun 30 2026.,static_crystal_polymer,,
3DGL,equibind,scored,7e-05,gnina v1.3.3 master:6fe1ce2   Built Jun 30 2026.,static_crystal_polymer,,
3DGL,diffdock,scored,0.53533,gnina v1.3.3 master:6fe1ce2   Built Jun 30 2026.,static_crystal_polymer,,
3DEH,equibind,scored,0.52077,gnina v1.3.3 master:6fe1ce2   Built Jun 30 2026.,static_crystal_polymer,,
3DEH,diffdock,scored,0.74955,gnina v1.3.3 master:6fe1ce2   Built Jun 30 2026.,static_crystal_polymer,,
3DGO,equibind,scored,0.00064,gnina v1.3.3 master:6fe1ce2   Built Jun 30 2026.,static_crystal_polymer,,
3DGO,diffdock,scored,0.57608,gnina v1.3.3 master:6fe1ce2   Built Jun 30 2026.,static_crystal_polymer,,
3DHK,equibind,scored,0.00215,gnina v1.3.3 master:6fe1ce2   Built Jun 30 2026.,static_crystal_polymer,,
3DHK,diffdock,scored,0.26483,gnina v1.3.3 master:6fe1ce2   Built Jun 30 2026.,static_crystal_polymer,,
3DDG,equibind,scored,0.57273,gnina v1.3.3 master:6fe1ce2   Built Jun 30 2026.,static_crystal_polymer,,
3DDG,diffdock,scored,0.40107,gnina v1.3.3 master:6fe1ce2   Built Jun 30 2026.,static_crystal_polymer,,
3DEI,equibind,scored,0.23288,gnina v1.3.3 master:6fe1ce2   Built Jun 30 2026.,static_crystal_polymer,,
3DEI,diffdock,scored,0.24388,gnina v1.3.3 master:6fe1ce2   Built Jun 30 2026.,static_crystal_polymer,,
3DEJ,equibind,scored,3e-05,gnina v1.3.3 master:6fe1ce2   Built Jun 30 2026.,static_crystal_polymer,,
3DEJ,diffdock,scored,0.52755,gnina v1.3.3 master:6fe1ce2   Built Jun 30 2026.,static_crystal_polymer,,
3DDF,equibind,scored,0.31344,gnina v1.3.3 master:6fe1ce2   Built Jun 30 2026.,static_crystal_polymer,,
3DDF,diffdock,scored,0.6859,gnina v1.3.3 master:6fe1ce2   Built Jun 30 2026.,static_crystal_polymer,,
3DGQ,equibind,scored,0.02693,gnina v1.3.3 master:6fe1ce2   Built Jun 30 2026.,static_crystal_polymer,,
3DGQ,diffdock,scored,0.62424,gnina v1.3.3 master:6fe1ce2   Built Jun 30 2026.,static_crystal_polymer,,
3DJP,equibind,scored,0.04742,gnina v1.3.3 master:6fe1ce2   Built Jun 30 2026.,static_crystal_polymer,,
3DJP,diffdock,scored,0.80859,gnina v1.3.3 master:6fe1ce2   Built Jun 30 2026.,static_crystal_polymer,,
3DJO,equibind,scored,0.01435,gnina v1.3.3 master:6fe1ce2   Built Jun 30 2026.,static_crystal_polymer,,
3DJO,diffdock,scored,0.58731,gnina v1.3.3 master:6fe1ce2   Built Jun 30 2026.,static_crystal_polymer,,
3DJV,equibind,scored,0.05035,gnina v1.3.3 master:6fe1ce2   Built Jun 30 2026.,static_crystal_polymer,,
3DJV,diffdock,scored,0.41808,gnina v1.3.3 master:6fe1ce2   Built Jun 30 2026.,static_crystal_polymer,,
3DJQ,equibind,scored,0.00214,gnina v1.3.3 master:6fe1ce2   Built Jun 30 2026.,static_crystal_polymer,,
3DJQ,diffdock,scored,0.20964,gnina v1.3.3 master:6fe1ce2   Built Jun 30 2026.,static_crystal_polymer,,
3DJX,equibind,scored,0.00037,gnina v1.3.3 master:6fe1ce2   Built Jun 30 2026.,static_crystal_polymer,,
3DJX,diffdock,scored,0.31674,gnina v1.3.3 master:6fe1ce2   Built Jun 30 2026.,static_crystal_polymer,,
3DEK,equibind,scored,0.31816,gnina v1.3.3 master:6fe1ce2   Built Jun 30 2026.,static_crystal_polymer,,
3DEK,diffdock,scored,0.66223,gnina v1.3.3 master:6fe1ce2   Built Jun 30 2026.,static_crystal_polymer,,
3DKG,equibind,scored,0.0748,gnina v1.3.3 master:6fe1ce2   Built Jun 30 2026.,static_crystal_polymer,,
3DKG,diffdock,scored,0.32702,gnina v1.3.3 master:6fe1ce2   Built Jun 30 2026.,static_crystal_polymer,,
3DKF,equibind,scored,0.29686,gnina v1.3.3 master:6fe1ce2   Built Jun 30 2026.,static_crystal_polymer,,
3DKF,diffdock,scored,0.8629,gnina v1.3.3 master:6fe1ce2   Built Jun 30 2026.,static_crystal_polymer,,
3DI6,equibind,scored,0.0387,gnina v1.3.3 master:6fe1ce2   Built Jun 30 2026.,static_crystal_polymer,,
3DI6,diffdock,scored,0.38736,gnina v1.3.3 master:6fe1ce2   Built Jun 30 2026.,static_crystal_polymer,,
3DK1,equibind,scored,0.56671,gnina v1.3.3 master:6fe1ce2   Built Jun 30 2026.,static_crystal_polymer,,
3DK1,diffdock,scored,0.60865,gnina v1.3.3 master:6fe1ce2   Built Jun 30 2026.,static_crystal_polymer,,
3DND,equibind,scored,0.58731,gnina v1.3.3 master:6fe1ce2   Built Jun 30 2026.,static_crystal_polymer,,
3DND,diffdock,scored,0.38753,gnina v1.3.3 master:6fe1ce2   Built Jun 30 2026.,static_crystal_polymer,,
3DLN,equibind,scored,0.074,gnina v1.3.3 master:6fe1ce2   Built Jun 30 2026.,static_crystal_polymer,,
3DLN,diffdock,scored,0.72854,gnina v1.3.3 master:6fe1ce2   Built Jun 30 2026.,static_crystal_polymer,,
3DNG,equibind,scored,6e-05,gnina v1.3.3 master:6fe1ce2   Built Jun 30 2026.,static_crystal_polymer,,
3DNG,diffdock,scored,0.88548,gnina v1.3.3 master:6fe1ce2   Built Jun 30 2026.,static_crystal_polymer,,
3DKJ,equibind,scored,0.00043,gnina v1.3.3 master:6fe1ce2   Built Jun 30 2026.,static_crystal_polymer,,
3DKJ,diffdock,scored,0.10351,gnina v1.3.3 master:6fe1ce2   Built Jun 30 2026.,static_crystal_polymer,,
3DP4,equibind,scored,0.0725,gnina v1.3.3 master:6fe1ce2   Built Jun 30 2026.,static_crystal_polymer,,
3DP4,diffdock,scored,0.96123,gnina v1.3.3 master:6fe1ce2   Built Jun 30 2026.,static_crystal_polymer,,
3DOG,equibind,scored,0.00015,gnina v1.3.3 master:6fe1ce2   Built Jun 30 2026.,static_crystal_polymer,,
3DOG,diffdock,scored,0.48337,gnina v1.3.3 master:6fe1ce2   Built Jun 30 2026.,static_crystal_polymer,,
3DOY,equibind,scored,0.0,gnina v1.3.3 master:6fe1ce2   Built Jun 30 2026.,static_crystal_polymer,,
3DOY,diffdock,scored,0.13386,gnina v1.3.3 master:6fe1ce2   Built Jun 30 2026.,static_crystal_polymer,,
3DP0,equibind,scored,0.0001,gnina v1.3.3 master:6fe1ce2   Built Jun 30 2026.,static_crystal_polymer,,
3DP0,diffdock,scored,0.12773,gnina v1.3.3 master:6fe1ce2   Built Jun 30 2026.,static_crystal_polymer,,
3DP9,equibind,scored,0.52202,gnina v1.3.3 master:6fe1ce2   Built Jun 30 2026.,static_crystal_polymer,,
3DP9,diffdock,scored,0.97822,gnina v1.3.3 master:6fe1ce2   Built Jun 30 2026.,static_crystal_polymer,,
3DOZ,equibind,scored,1e-05,gnina v1.3.3 master:6fe1ce2   Built Jun 30 2026.,static_crystal_polymer,,
3DOZ,diffdock,scored,0.3247,gnina v1.3.3 master:6fe1ce2   Built Jun 30 2026.,static_crystal_polymer,,
3DPE,equibind,scored,0.00187,gnina v1.3.3 master:6fe1ce2   Built Jun 30 2026.,static_crystal_polymer,,
3DPE,diffdock,scored,0.81977,gnina v1.3.3 master:6fe1ce2   Built Jun 30 2026.,static_crystal_polymer,,
3DP2,equibind,scored,0.00016,gnina v1.3.3 master:6fe1ce2   Built Jun 30 2026.,static_crystal_polymer,,
3DP2,diffdock,scored,0.26366,gnina v1.3.3 master:6fe1ce2   Built Jun 30 2026.,static_crystal_polymer,,
3DPD,equibind,scored,0.13882,gnina v1.3.3 master:6fe1ce2   Built Jun 30 2026.,static_crystal_polymer,,
3DPD,diffdock,scored,0.87264,gnina v1.3.3 master:6fe1ce2   Built Jun 30 2026.,static_crystal_polymer,,
3DPF,equibind,scored,8e-05,gnina v1.3.3 master:6fe1ce2   Built Jun 30 2026.,static_crystal_polymer,,
3DPF,diffdock,scored,0.81741,gnina v1.3.3 master:6fe1ce2   Built Jun 30 2026.,static_crystal_polymer,,
3DT1,equibind,scored,0.50831,gnina v1.3.3 master:6fe1ce2   Built Jun 30 2026.,static_crystal_polymer,,
3DT1,diffdock,scored,0.92226,gnina v1.3.3 master:6fe1ce2   Built Jun 30 2026.,static_crystal_polymer,,
3DST,equibind,scored,0.07863,gnina v1.3.3 master:6fe1ce2   Built Jun 30 2026.,static_crystal_polymer,,
3DST,diffdock,scored,0.65161,gnina v1.3.3 master:6fe1ce2   Built Jun 30 2026.,static_crystal_polymer,,
3DUX,equibind,scored,0.43854,gnina v1.3.3 master:6fe1ce2   Built Jun 30 2026.,static_crystal_polymer,,
3DUX,diffdock,scored,0.20729,gnina v1.3.3 master:6fe1ce2   Built Jun 30 2026.,static_crystal_polymer,,
3DSU,equibind,scored,0.01217,gnina v1.3.3 master:6fe1ce2   Built Jun 30 2026.,static_crystal_polymer,,
3DSU,diffdock,scored,0.27038,gnina v1.3.3 master:6fe1ce2   Built Jun 30 2026.,static_crystal_polymer,,
3DS6,equibind,scored,0.00145,gnina v1.3.3 master:6fe1ce2   Built Jun 30 2026.,static_crystal_polymer,,
3DS6,diffdock,scored,0.51285,gnina v1.3.3 master:6fe1ce2   Built Jun 30 2026.,static_crystal_polymer,,
3DWB,equibind,scored,6e-05,gnina v1.3.3 master:6fe1ce2   Built Jun 30 2026.,static_crystal_polymer,,
3DWB,diffdock,scored,0.66077,gnina v1.3.3 master:6fe1ce2   Built Jun 30 2026.,static_crystal_polymer,,
3DV1,equibind,scored,0.00156,gnina v1.3.3 master:6fe1ce2   Built Jun 30 2026.,static_crystal_polymer,,
3DV1,diffdock,scored,0.559,gnina v1.3.3 master:6fe1ce2   Built Jun 30 2026.,static_crystal_polymer,,
3DXG,equibind,scored,1e-05,gnina v1.3.3 master:6fe1ce2   Built Jun 30 2026.,static_crystal_polymer,,
3DXG,diffdock,scored,0.77749,gnina v1.3.3 master:6fe1ce2   Built Jun 30 2026.,static_crystal_polymer,,
3DM6,equibind,scored,0.0,gnina v1.3.3 master:6fe1ce2   Built Jun 30 2026.,static_crystal_polymer,,
3DM6,diffdock,scored,0.56647,gnina v1.3.3 master:6fe1ce2   Built Jun 30 2026.,static_crystal_polymer,,
3DUY,equibind,scored,0.00648,gnina v1.3.3 master:6fe1ce2   Built Jun 30 2026.,static_crystal_polymer,,
3DUY,diffdock,scored,0.15859,gnina v1.3.3 master:6fe1ce2   Built Jun 30 2026.,static_crystal_polymer,,
3DV5,equibind,scored,7e-05,gnina v1.3.3 master:6fe1ce2   Built Jun 30 2026.,static_crystal_polymer,,
3DV5,diffdock,scored,0.57274,gnina v1.3.3 master:6fe1ce2   Built Jun 30 2026.,static_crystal_polymer,,
3DLA,equibind,scored,1e-05,gnina v1.3.3 master:6fe1ce2   Built Jun 30 2026.,static_crystal_polymer,,
3DLA,diffdock,scored,0.11488,gnina v1.3.3 master:6fe1ce2   Built Jun 30 2026.,static_crystal_polymer,,
3DX0,equibind,scored,0.81932,gnina v1.3.3 master:6fe1ce2   Built Jun 30 2026.,static_crystal_polymer,,
3DX0,diffdock,scored,0.95757,gnina v1.3.3 master:6fe1ce2   Built Jun 30 2026.,static_crystal_polymer,,
3DX1,equibind,scored,0.72882,gnina v1.3.3 master:6fe1ce2   Built Jun 30 2026.,static_crystal_polymer,,
3DX1,diffdock,scored,0.9083,gnina v1.3.3 master:6fe1ce2   Built Jun 30 2026.,static_crystal_polymer,,
3DXH,equibind,scored,5e-05,gnina v1.3.3 master:6fe1ce2   Built Jun 30 2026.,static_crystal_polymer,,
3DXH,diffdock,scored,0.25212,gnina v1.3.3 master:6fe1ce2   Built Jun 30 2026.,static_crystal_polymer,,
3DX2,equibind,scored,0.36186,gnina v1.3.3 master:6fe1ce2   Built Jun 30 2026.,static_crystal_polymer,,
3DX2,diffdock,scored,0.82898,gnina v1.3.3 master:6fe1ce2   Built Jun 30 2026.,static_crystal_polymer,,
3DZ4,equibind,scored,0.00014,gnina v1.3.3 master:6fe1ce2   Built Jun 30 2026.,static_crystal_polymer,,
3DZ4,diffdock,scored,0.00947,gnina v1.3.3 master:6fe1ce2   Built Jun 30 2026.,static_crystal_polymer,,
3DZT,equibind,scored,0.07346,gnina v1.3.3 master:6fe1ce2   Built Jun 30 2026.,static_crystal_polymer,,
3DZT,diffdock,scored,0.40646,gnina v1.3.3 master:6fe1ce2   Built Jun 30 2026.,static_crystal_polymer,,
3DY6,equibind,scored,0.0024,gnina v1.3.3 master:6fe1ce2   Built Jun 30 2026.,static_crystal_polymer,,
3DY6,diffdock,scored,0.37678,gnina v1.3.3 master:6fe1ce2   Built Jun 30 2026.,static_crystal_polymer,,
3DX3,equibind,scored,0.34596,gnina v1.3.3 master:6fe1ce2   Built Jun 30 2026.,static_crystal_polymer,,
3DX3,diffdock,scored,0.97471,gnina v1.3.3 master:6fe1ce2   Built Jun 30 2026.,static_crystal_polymer,,
3DX4,equibind,scored,0.11831,gnina v1.3.3 master:6fe1ce2   Built Jun 30 2026.,static_crystal_polymer,,
3DX4,diffdock,scored,0.98849,gnina v1.3.3 master:6fe1ce2   Built Jun 30 2026.,static_crystal_polymer,,
3E3B,equibind,scored,0.23448,gnina v1.3.3 master:6fe1ce2   Built Jun 30 2026.,static_crystal_polymer,,
3E3B,diffdock,scored,0.66138,gnina v1.3.3 master:6fe1ce2   Built Jun 30 2026.,static_crystal_polymer,,
3E3C,equibind,scored,0.35897,gnina v1.3.3 master:6fe1ce2   Built Jun 30 2026.,static_crystal_polymer,,
3E3C,diffdock,scored,0.76373,gnina v1.3.3 master:6fe1ce2   Built Jun 30 2026.,static_crystal_polymer,,
3E12,equibind,scored,0.01229,gnina v1.3.3 master:6fe1ce2   Built Jun 30 2026.,static_crystal_polymer,,
3E12,diffdock,scored,0.68021,gnina v1.3.3 master:6fe1ce2   Built Jun 30 2026.,static_crystal_polymer,,
3E3U,equibind,scored,0.27601,gnina v1.3.3 master:6fe1ce2   Built Jun 30 2026.,static_crystal_polymer,,
3E3U,diffdock,scored,0.8444,gnina v1.3.3 master:6fe1ce2   Built Jun 30 2026.,static_crystal_polymer,,
3E0Q,equibind,scored,0.44083,gnina v1.3.3 master:6fe1ce2   Built Jun 30 2026.,static_crystal_polymer,,
3E0Q,diffdock,scored,0.18473,gnina v1.3.3 master:6fe1ce2   Built Jun 30 2026.,static_crystal_polymer,,
3E6Y,equibind,scored,2e-05,gnina v1.3.3 master:6fe1ce2   Built Jun 30 2026.,static_crystal_polymer,,
3E6Y,diffdock,scored,0.17507,gnina v1.3.3 master:6fe1ce2   Built Jun 30 2026.,static_crystal_polymer,,
3E73,equibind,scored,0.21154,gnina v1.3.3 master:6fe1ce2   Built Jun 30 2026.,static_crystal_polymer,,
3E73,diffdock,scored,0.42162,gnina v1.3.3 master:6fe1ce2   Built Jun 30 2026.,static_crystal_polymer,,
3E8N,equibind,scored,0.06278,gnina v1.3.3 master:6fe1ce2   Built Jun 30 2026.,static_crystal_polymer,,
3E8N,diffdock,scored,0.79798,gnina v1.3.3 master:6fe1ce2   Built Jun 30 2026.,static_crystal_polymer,,
3E7O,equibind,scored,0.26947,gnina v1.3.3 master:6fe1ce2   Built Jun 30 2026.,static_crystal_polymer,,
3E7O,diffdock,scored,0.77338,gnina v1.3.3 master:6fe1ce2   Built Jun 30 2026.,static_crystal_polymer,,
3E7B,equibind,scored,3e-05,gnina v1.3.3 master:6fe1ce2   Built Jun 30 2026.,static_crystal_polymer,,
3E7B,diffdock,scored,0.65126,gnina v1.3.3 master:6fe1ce2   Built Jun 30 2026.,static_crystal_polymer,,
3E92,equibind,scored,0.26928,gnina v1.3.3 master:6fe1ce2   Built Jun 30 2026.,static_crystal_polymer,,
3E92,diffdock,scored,0.6421,gnina v1.3.3 master:6fe1ce2   Built Jun 30 2026.,static_crystal_polymer,,
3E5U,equibind,scored,2e-05,gnina v1.3.3 master:6fe1ce2   Built Jun 30 2026.,static_crystal_polymer,,
3E5U,diffdock,scored,0.94191,gnina v1.3.3 master:6fe1ce2   Built Jun 30 2026.,static_crystal_polymer,,
3DXM,equibind,scored,0.00392,gnina v1.3.3 master:6fe1ce2   Built Jun 30 2026.,static_crystal_polymer,,
3DXM,diffdock,scored,0.52821,gnina v1.3.3 master:6fe1ce2   Built Jun 30 2026.,static_crystal_polymer,,
3E93,equibind,scored,0.00554,gnina v1.3.3 master:6fe1ce2   Built Jun 30 2026.,static_crystal_polymer,,
3E93,diffdock,scored,0.49987,gnina v1.3.3 master:6fe1ce2   Built Jun 30 2026.,static_crystal_polymer,,
3EAX,equibind,scored,0.0078,gnina v1.3.3 master:6fe1ce2   Built Jun 30 2026.,static_crystal_polymer,,
3EAX,diffdock,scored,0.1608,gnina v1.3.3 master:6fe1ce2   Built Jun 30 2026.,static_crystal_polymer,,
3EB1,equibind,scored,0.02983,gnina v1.3.3 master:6fe1ce2   Built Jun 30 2026.,static_crystal_polymer,,
3EB1,diffdock,scored,0.51461,gnina v1.3.3 master:6fe1ce2   Built Jun 30 2026.,static_crystal_polymer,,
3E81,equibind,scored,7e-05,gnina v1.3.3 master:6fe1ce2   Built Jun 30 2026.,static_crystal_polymer,,
3E81,diffdock,scored,0.37844,gnina v1.3.3 master:6fe1ce2   Built Jun 30 2026.,static_crystal_polymer,,
3EBP,equibind,scored,0.00106,gnina v1.3.3 master:6fe1ce2   Built Jun 30 2026.,static_crystal_polymer,,
3EBP,diffdock,scored,0.44292,gnina v1.3.3 master:6fe1ce2   Built Jun 30 2026.,static_crystal_polymer,,
3EBI,equibind,scored,0.02085,gnina v1.3.3 master:6fe1ce2   Built Jun 30 2026.,static_crystal_polymer,,
3EBI,diffdock,scored,0.90451,gnina v1.3.3 master:6fe1ce2   Built Jun 30 2026.,static_crystal_polymer,,
3EBH,equibind,scored,0.1153,gnina v1.3.3 master:6fe1ce2   Built Jun 30 2026.,static_crystal_polymer,,
3EBH,diffdock,scored,0.77534,gnina v1.3.3 master:6fe1ce2   Built Jun 30 2026.,static_crystal_polymer,,
3BF1,equibind,scored,0.25046,gnina v1.3.3 master:6fe1ce2   Built Jun 30 2026.,static_crystal_polymer,,
3BF1,diffdock,scored,0.38467,gnina v1.3.3 master:6fe1ce2   Built Jun 30 2026.,static_crystal_polymer,,
3EFT,equibind,scored,0.08743,gnina v1.3.3 master:6fe1ce2   Built Jun 30 2026.,static_crystal_polymer,,
3EFT,diffdock,scored,0.45424,gnina v1.3.3 master:6fe1ce2   Built Jun 30 2026.,static_crystal_polymer,,
3EGK,equibind,scored,0.05809,gnina v1.3.3 master:6fe1ce2   Built Jun 30 2026.,static_crystal_polymer,,
3EGK,diffdock,scored,0.23311,gnina v1.3.3 master:6fe1ce2   Built Jun 30 2026.,static_crystal_polymer,,
3EFR,equibind,scored,0.0028,gnina v1.3.3 master:6fe1ce2   Built Jun 30 2026.,static_crystal_polymer,,
3EFR,diffdock,scored,0.74603,gnina v1.3.3 master:6fe1ce2   Built Jun 30 2026.,static_crystal_polymer,,
3EHY,equibind,scored,0.11291,gnina v1.3.3 master:6fe1ce2   Built Jun 30 2026.,static_crystal_polymer,,
3EHY,diffdock,scored,0.58211,gnina v1.3.3 master:6fe1ce2   Built Jun 30 2026.,static_crystal_polymer,,
3ECN,equibind,scored,0.00914,gnina v1.3.3 master:6fe1ce2   Built Jun 30 2026.,static_crystal_polymer,,
3ECN,diffdock,scored,0.87095,gnina v1.3.3 master:6fe1ce2   Built Jun 30 2026.,static_crystal_polymer,,
3EJ1,equibind,scored,0.17968,gnina v1.3.3 master:6fe1ce2   Built Jun 30 2026.,static_crystal_polymer,,
3EJ1,diffdock,scored,0.93807,gnina v1.3.3 master:6fe1ce2   Built Jun 30 2026.,static_crystal_polymer,,
3EID,equibind,scored,0.00076,gnina v1.3.3 master:6fe1ce2   Built Jun 30 2026.,static_crystal_polymer,,
3EID,diffdock,scored,0.89879,gnina v1.3.3 master:6fe1ce2   Built Jun 30 2026.,static_crystal_polymer,,
3EGT,equibind,scored,0.11639,gnina v1.3.3 master:6fe1ce2   Built Jun 30 2026.,static_crystal_polymer,,
3EGT,diffdock,scored,0.34483,gnina v1.3.3 master:6fe1ce2   Built Jun 30 2026.,static_crystal_polymer,,
3DYO,equibind,scored,3e-05,gnina v1.3.3 master:6fe1ce2   Built Jun 30 2026.,static_crystal_polymer,,
3EBL,equibind,scored,0.00019,gnina v1.3.3 master:6fe1ce2   Built Jun 30 2026.,static_crystal_polymer,,
3EBL,diffdock,scored,0.08638,gnina v1.3.3 master:6fe1ce2   Built Jun 30 2026.,static_crystal_polymer,,
3E9I,equibind,scored,0.01123,gnina v1.3.3 master:6fe1ce2   Built Jun 30 2026.,static_crystal_polymer,,
3E9I,diffdock,scored,0.45903,gnina v1.3.3 master:6fe1ce2   Built Jun 30 2026.,static_crystal_polymer,,
3EJP,equibind,scored,0.55929,gnina v1.3.3 master:6fe1ce2   Built Jun 30 2026.,static_crystal_polymer,,
3EJP,diffdock,scored,0.8551,gnina v1.3.3 master:6fe1ce2   Built Jun 30 2026.,static_crystal_polymer,,
3EKA,equibind,scored,0.57451,gnina v1.3.3 master:6fe1ce2   Built Jun 30 2026.,static_crystal_polymer,,
3EKA,diffdock,scored,0.51456,gnina v1.3.3 master:6fe1ce2   Built Jun 30 2026.,static_crystal_polymer,,
3EIO,equibind,scored,0.00972,gnina v1.3.3 master:6fe1ce2   Built Jun 30 2026.,static_crystal_polymer,,
3EIO,diffdock,scored,0.45988,gnina v1.3.3 master:6fe1ce2   Built Jun 30 2026.,static_crystal_polymer,,
2VXA,equibind,scored,0.30885,gnina v1.3.3 master:6fe1ce2   Built Jun 30 2026.,static_crystal_polymer,,
2VXA,diffdock,scored,0.36805,gnina v1.3.3 master:6fe1ce2   Built Jun 30 2026.,static_crystal_polymer,,
3EKQ,equibind,scored,3e-05,gnina v1.3.3 master:6fe1ce2   Built Jun 30 2026.,static_crystal_polymer,,
3EKQ,diffdock,scored,0.6747,gnina v1.3.3 master:6fe1ce2   Built Jun 30 2026.,static_crystal_polymer,,
3EJS,equibind,scored,0.37124,gnina v1.3.3 master:6fe1ce2   Built Jun 30 2026.,static_crystal_polymer,,
3EJS,diffdock,scored,0.61751,gnina v1.3.3 master:6fe1ce2   Built Jun 30 2026.,static_crystal_polymer,,
3EJT,equibind,scored,0.5752,gnina v1.3.3 master:6fe1ce2   Built Jun 30 2026.,static_crystal_polymer,,
3EJT,diffdock,scored,0.65947,gnina v1.3.3 master:6fe1ce2   Built Jun 30 2026.,static_crystal_polymer,,
3EKX,equibind,scored,0.03941,gnina v1.3.3 master:6fe1ce2   Built Jun 30 2026.,static_crystal_polymer,,
3EKX,diffdock,scored,0.44993,gnina v1.3.3 master:6fe1ce2   Built Jun 30 2026.,static_crystal_polymer,,
3EKS,equibind,scored,0.01244,gnina v1.3.3 master:6fe1ce2   Built Jun 30 2026.,static_crystal_polymer,,
3EKS,diffdock,scored,0.24859,gnina v1.3.3 master:6fe1ce2   Built Jun 30 2026.,static_crystal_polymer,,
3EKO,equibind,scored,0.00528,gnina v1.3.3 master:6fe1ce2   Built Jun 30 2026.,static_crystal_polymer,,
3EKO,diffdock,scored,0.74795,gnina v1.3.3 master:6fe1ce2   Built Jun 30 2026.,static_crystal_polymer,,
3EL0,equibind,scored,0.00551,gnina v1.3.3 master:6fe1ce2   Built Jun 30 2026.,static_crystal_polymer,,
3EL0,diffdock,scored,0.57292,gnina v1.3.3 master:6fe1ce2   Built Jun 30 2026.,static_crystal_polymer,,
3EL4,equibind,scored,0.0,gnina v1.3.3 master:6fe1ce2   Built Jun 30 2026.,static_crystal_polymer,,
3EL4,diffdock,scored,0.62598,gnina v1.3.3 master:6fe1ce2   Built Jun 30 2026.,static_crystal_polymer,,
3EL7,equibind,scored,0.6239,gnina v1.3.3 master:6fe1ce2   Built Jun 30 2026.,static_crystal_polymer,,
3EL7,diffdock,scored,0.96885,gnina v1.3.3 master:6fe1ce2   Built Jun 30 2026.,static_crystal_polymer,,
3EJU,equibind,scored,0.11143,gnina v1.3.3 master:6fe1ce2   Built Jun 30 2026.,static_crystal_polymer,,
3EJU,diffdock,scored,0.23032,gnina v1.3.3 master:6fe1ce2   Built Jun 30 2026.,static_crystal_polymer,,
3ELJ,equibind,scored,0.63795,gnina v1.3.3 master:6fe1ce2   Built Jun 30 2026.,static_crystal_polymer,,
3ELJ,diffdock,scored,0.78096,gnina v1.3.3 master:6fe1ce2   Built Jun 30 2026.,static_crystal_polymer,,
3EMG,equibind,scored,0.26725,gnina v1.3.3 master:6fe1ce2   Built Jun 30 2026.,static_crystal_polymer,,
3EMG,diffdock,scored,0.296,gnina v1.3.3 master:6fe1ce2   Built Jun 30 2026.,static_crystal_polymer,,
3EOR,equibind,scored,0.00488,gnina v1.3.3 master:6fe1ce2   Built Jun 30 2026.,static_crystal_polymer,,
3EOR,diffdock,scored,0.34932,gnina v1.3.3 master:6fe1ce2   Built Jun 30 2026.,static_crystal_polymer,,
3ELC,equibind,scored,8e-05,gnina v1.3.3 master:6fe1ce2   Built Jun 30 2026.,static_crystal_polymer,,
3ELC,diffdock,scored,0.76489,gnina v1.3.3 master:6fe1ce2   Built Jun 30 2026.,static_crystal_polymer,,
3EL8,equibind,scored,0.00017,gnina v1.3.3 master:6fe1ce2   Built Jun 30 2026.,static_crystal_polymer,,
3EL8,diffdock,scored,0.90434,gnina v1.3.3 master:6fe1ce2   Built Jun 30 2026.,static_crystal_polymer,,
3EML,equibind,scored,0.5471,gnina v1.3.3 master:6fe1ce2   Built Jun 30 2026.,static_crystal_polymer,,
3EML,diffdock,scored,0.81979,gnina v1.3.3 master:6fe1ce2   Built Jun 30 2026.,static_crystal_polymer,,
3EOU,equibind,scored,0.73929,gnina v1.3.3 master:6fe1ce2   Built Jun 30 2026.,static_crystal_polymer,,
3EOU,diffdock,scored,0.98837,gnina v1.3.3 master:6fe1ce2   Built Jun 30 2026.,static_crystal_polymer,,
3EQB,equibind,scored,0.10959,gnina v1.3.3 master:6fe1ce2   Built Jun 30 2026.,static_crystal_polymer,,
3EQB,diffdock,scored,0.12429,gnina v1.3.3 master:6fe1ce2   Built Jun 30 2026.,static_crystal_polymer,,
3ELM,equibind,scored,0.00107,gnina v1.3.3 master:6fe1ce2   Built Jun 30 2026.,static_crystal_polymer,,
3ELM,diffdock,scored,0.60458,gnina v1.3.3 master:6fe1ce2   Built Jun 30 2026.,static_crystal_polymer,,
3EQ7,equibind,scored,0.05133,gnina v1.3.3 master:6fe1ce2   Built Jun 30 2026.,static_crystal_polymer,,
3EQ7,diffdock,scored,0.49968,gnina v1.3.3 master:6fe1ce2   Built Jun 30 2026.,static_crystal_polymer,,
3ESJ,equibind,scored,0.0547,gnina v1.3.3 master:6fe1ce2   Built Jun 30 2026.,static_crystal_polymer,,
3ESJ,diffdock,scored,0.11576,gnina v1.3.3 master:6fe1ce2   Built Jun 30 2026.,static_crystal_polymer,,
3EQ9,equibind,scored,0.01499,gnina v1.3.3 master:6fe1ce2   Built Jun 30 2026.,static_crystal_polymer,,
3EQ9,diffdock,scored,0.34801,gnina v1.3.3 master:6fe1ce2   Built Jun 30 2026.,static_crystal_polymer,,
3ESS,equibind,scored,0.00477,gnina v1.3.3 master:6fe1ce2   Built Jun 30 2026.,static_crystal_polymer,,
3ESS,diffdock,scored,0.95625,gnina v1.3.3 master:6fe1ce2   Built Jun 30 2026.,static_crystal_polymer,,
3EL1,equibind,scored,0.00061,gnina v1.3.3 master:6fe1ce2   Built Jun 30 2026.,static_crystal_polymer,,
3EL1,diffdock,scored,0.54412,gnina v1.3.3 master:6fe1ce2   Built Jun 30 2026.,static_crystal_polymer,,
3ERD,equibind,scored,0.0,gnina v1.3.3 master:6fe1ce2   Built Jun 30 2026.,static_crystal_polymer,,
3ERD,diffdock,scored,0.81803,gnina v1.3.3 master:6fe1ce2   Built Jun 30 2026.,static_crystal_polymer,,
3EVC,equibind,scored,0.00303,gnina v1.3.3 master:6fe1ce2   Built Jun 30 2026.,static_crystal_polymer,,
3EVC,diffdock,scored,0.45106,gnina v1.3.3 master:6fe1ce2   Built Jun 30 2026.,static_crystal_polymer,,
3EVD,equibind,scored,0.00888,gnina v1.3.3 master:6fe1ce2   Built Jun 30 2026.,static_crystal_polymer,,
3EVD,diffdock,scored,0.03785,gnina v1.3.3 master:6fe1ce2   Built Jun 30 2026.,static_crystal_polymer,,
3EWJ,equibind,scored,0.00121,gnina v1.3.3 master:6fe1ce2   Built Jun 30 2026.,static_crystal_polymer,,
3EWJ,diffdock,scored,0.86116,gnina v1.3.3 master:6fe1ce2   Built Jun 30 2026.,static_crystal_polymer,,
3EWU,equibind,scored,0.0,gnina v1.3.3 master:6fe1ce2   Built Jun 30 2026.,static_crystal_polymer,,
3EWU,diffdock,scored,0.37808,gnina v1.3.3 master:6fe1ce2   Built Jun 30 2026.,static_crystal_polymer,,
3EU5,equibind,scored,0.00878,gnina v1.3.3 master:6fe1ce2   Built Jun 30 2026.,static_crystal_polymer,,
3EU5,diffdock,scored,0.77926,gnina v1.3.3 master:6fe1ce2   Built Jun 30 2026.,static_crystal_polymer,,
3EX2,equibind,scored,0.01396,gnina v1.3.3 master:6fe1ce2   Built Jun 30 2026.,static_crystal_polymer,,
3EX2,diffdock,scored,0.87213,gnina v1.3.3 master:6fe1ce2   Built Jun 30 2026.,static_crystal_polymer,,
3EX3,equibind,scored,0.00377,gnina v1.3.3 master:6fe1ce2   Built Jun 30 2026.,static_crystal_polymer,,
3EX3,diffdock,scored,0.83054,gnina v1.3.3 master:6fe1ce2   Built Jun 30 2026.,static_crystal_polymer,,
3EYG,equibind,scored,0.25653,gnina v1.3.3 master:6fe1ce2   Built Jun 30 2026.,static_crystal_polymer,,
3EYG,diffdock,scored,0.82911,gnina v1.3.3 master:6fe1ce2   Built Jun 30 2026.,static_crystal_polymer,,
3EYL,equibind,scored,1e-05,gnina v1.3.3 master:6fe1ce2   Built Jun 30 2026.,static_crystal_polymer,,
3EYL,diffdock,scored,0.64488,gnina v1.3.3 master:6fe1ce2   Built Jun 30 2026.,static_crystal_polymer,,
3EZR,equibind,scored,0.33502,gnina v1.3.3 master:6fe1ce2   Built Jun 30 2026.,static_crystal_polymer,,
3EZR,diffdock,scored,0.71429,gnina v1.3.3 master:6fe1ce2   Built Jun 30 2026.,static_crystal_polymer,,
3F15,equibind,scored,0.56415,gnina v1.3.3 master:6fe1ce2   Built Jun 30 2026.,static_crystal_polymer,,
3F15,diffdock,scored,0.90428,gnina v1.3.3 master:6fe1ce2   Built Jun 30 2026.,static_crystal_polymer,,
3F33,equibind,scored,0.00031,gnina v1.3.3 master:6fe1ce2   Built Jun 30 2026.,static_crystal_polymer,,
3F33,diffdock,scored,0.33799,gnina v1.3.3 master:6fe1ce2   Built Jun 30 2026.,static_crystal_polymer,,
3F34,equibind,scored,0.00024,gnina v1.3.3 master:6fe1ce2   Built Jun 30 2026.,static_crystal_polymer,,
3F34,diffdock,scored,0.58744,gnina v1.3.3 master:6fe1ce2   Built Jun 30 2026.,static_crystal_polymer,,
3F35,equibind,scored,0.00028,gnina v1.3.3 master:6fe1ce2   Built Jun 30 2026.,static_crystal_polymer,,
3F35,diffdock,scored,0.55001,gnina v1.3.3 master:6fe1ce2   Built Jun 30 2026.,static_crystal_polymer,,
3F36,equibind,scored,0.00189,gnina v1.3.3 master:6fe1ce2   Built Jun 30 2026.,static_crystal_polymer,,
3F36,diffdock,scored,0.25748,gnina v1.3.3 master:6fe1ce2   Built Jun 30 2026.,static_crystal_polymer,,
3F38,equibind,scored,0.00411,gnina v1.3.3 master:6fe1ce2   Built Jun 30 2026.,static_crystal_polymer,,
3F38,diffdock,scored,0.41019,gnina v1.3.3 master:6fe1ce2   Built Jun 30 2026.,static_crystal_polymer,,
3F37,equibind,scored,0.00075,gnina v1.3.3 master:6fe1ce2   Built Jun 30 2026.,static_crystal_polymer,,
3F37,diffdock,scored,0.41405,gnina v1.3.3 master:6fe1ce2   Built Jun 30 2026.,static_crystal_polymer,,
3F39,equibind,scored,0.002,gnina v1.3.3 master:6fe1ce2   Built Jun 30 2026.,static_crystal_polymer,,
3F39,diffdock,scored,0.6806,gnina v1.3.3 master:6fe1ce2   Built Jun 30 2026.,static_crystal_polymer,,
3ERN,equibind,scored,2e-05,gnina v1.3.3 master:6fe1ce2   Built Jun 30 2026.,static_crystal_polymer,,
3ERN,diffdock,scored,0.44215,gnina v1.3.3 master:6fe1ce2   Built Jun 30 2026.,static_crystal_polymer,,
3F3C,equibind,scored,0.4542,gnina v1.3.3 master:6fe1ce2   Built Jun 30 2026.,static_crystal_polymer,,
3F3C,diffdock,scored,0.89089,gnina v1.3.3 master:6fe1ce2   Built Jun 30 2026.,static_crystal_polymer,,
3F07,equibind,scored,0.13867,gnina v1.3.3 master:6fe1ce2   Built Jun 30 2026.,static_crystal_polymer,,
3F07,diffdock,scored,0.3211,gnina v1.3.3 master:6fe1ce2   Built Jun 30 2026.,static_crystal_polymer,,
3F3D,equibind,scored,0.19475,gnina v1.3.3 master:6fe1ce2   Built Jun 30 2026.,static_crystal_polymer,,
3F3D,diffdock,scored,0.52665,gnina v1.3.3 master:6fe1ce2   Built Jun 30 2026.,static_crystal_polymer,,
3F3A,equibind,scored,0.34971,gnina v1.3.3 master:6fe1ce2   Built Jun 30 2026.,static_crystal_polymer,,
3F3A,diffdock,scored,0.60515,gnina v1.3.3 master:6fe1ce2   Built Jun 30 2026.,static_crystal_polymer,,
3F3E,equibind,scored,0.29382,gnina v1.3.3 master:6fe1ce2   Built Jun 30 2026.,static_crystal_polymer,,
3F3E,diffdock,scored,0.6433,gnina v1.3.3 master:6fe1ce2   Built Jun 30 2026.,static_crystal_polymer,,
3F48,equibind,scored,0.7602,gnina v1.3.3 master:6fe1ce2   Built Jun 30 2026.,static_crystal_polymer,,
3F48,diffdock,scored,0.46587,gnina v1.3.3 master:6fe1ce2   Built Jun 30 2026.,static_crystal_polymer,,
3F3W,equibind,scored,0.01169,gnina v1.3.3 master:6fe1ce2   Built Jun 30 2026.,static_crystal_polymer,,
3F3W,diffdock,scored,0.42704,gnina v1.3.3 master:6fe1ce2   Built Jun 30 2026.,static_crystal_polymer,,
3F3V,equibind,scored,0.00077,gnina v1.3.3 master:6fe1ce2   Built Jun 30 2026.,static_crystal_polymer,,
3F3V,diffdock,scored,0.96603,gnina v1.3.3 master:6fe1ce2   Built Jun 30 2026.,static_crystal_polymer,,
3EYD,equibind,scored,0.00349,gnina v1.3.3 master:6fe1ce2   Built Jun 30 2026.,static_crystal_polymer,,
3EYD,diffdock,scored,0.0487,gnina v1.3.3 master:6fe1ce2   Built Jun 30 2026.,static_crystal_polymer,,
3F3U,equibind,scored,0.00035,gnina v1.3.3 master:6fe1ce2   Built Jun 30 2026.,static_crystal_polymer,,
3F3U,diffdock,scored,0.70781,gnina v1.3.3 master:6fe1ce2   Built Jun 30 2026.,static_crystal_polymer,,
3F6H,equibind,scored,0.04443,gnina v1.3.3 master:6fe1ce2   Built Jun 30 2026.,static_crystal_polymer,,
3F6H,diffdock,scored,0.53242,gnina v1.3.3 master:6fe1ce2   Built Jun 30 2026.,static_crystal_polymer,,
3F6G,equibind,scored,0.25845,gnina v1.3.3 master:6fe1ce2   Built Jun 30 2026.,static_crystal_polymer,,
3F6G,diffdock,scored,0.38806,gnina v1.3.3 master:6fe1ce2   Built Jun 30 2026.,static_crystal_polymer,,
3F68,equibind,scored,0.03206,gnina v1.3.3 master:6fe1ce2   Built Jun 30 2026.,static_crystal_polymer,,
3F68,diffdock,scored,0.63404,gnina v1.3.3 master:6fe1ce2   Built Jun 30 2026.,static_crystal_polymer,,
3F7I,equibind,scored,0.00128,gnina v1.3.3 master:6fe1ce2   Built Jun 30 2026.,static_crystal_polymer,,
3F7I,diffdock,scored,0.40795,gnina v1.3.3 master:6fe1ce2   Built Jun 30 2026.,static_crystal_polymer,,
3F7G,equibind,scored,0.00254,gnina v1.3.3 master:6fe1ce2   Built Jun 30 2026.,static_crystal_polymer,,
3F7G,diffdock,scored,0.55458,gnina v1.3.3 master:6fe1ce2   Built Jun 30 2026.,static_crystal_polymer,,
3F78,equibind,scored,0.00984,gnina v1.3.3 master:6fe1ce2   Built Jun 30 2026.,static_crystal_polymer,,
3F78,diffdock,scored,0.94448,gnina v1.3.3 master:6fe1ce2   Built Jun 30 2026.,static_crystal_polymer,,
3F8C,equibind,scored,0.01994,gnina v1.3.3 master:6fe1ce2   Built Jun 30 2026.,static_crystal_polymer,,
3F8C,diffdock,scored,0.2714,gnina v1.3.3 master:6fe1ce2   Built Jun 30 2026.,static_crystal_polymer,,
3F7H,equibind,scored,0.00158,gnina v1.3.3 master:6fe1ce2   Built Jun 30 2026.,static_crystal_polymer,,
3F7H,diffdock,scored,0.46304,gnina v1.3.3 master:6fe1ce2   Built Jun 30 2026.,static_crystal_polymer,,
3F82,equibind,scored,1e-05,gnina v1.3.3 master:6fe1ce2   Built Jun 30 2026.,static_crystal_polymer,,
3F82,diffdock,scored,0.84216,gnina v1.3.3 master:6fe1ce2   Built Jun 30 2026.,static_crystal_polymer,,
3F8E,equibind,scored,0.16121,gnina v1.3.3 master:6fe1ce2   Built Jun 30 2026.,static_crystal_polymer,,
3F8E,diffdock,scored,0.23621,gnina v1.3.3 master:6fe1ce2   Built Jun 30 2026.,static_crystal_polymer,,
3EW2,equibind,scored,0.01493,gnina v1.3.3 master:6fe1ce2   Built Jun 30 2026.,static_crystal_polymer,,
3EW2,diffdock,scored,0.9731,gnina v1.3.3 master:6fe1ce2   Built Jun 30 2026.,static_crystal_polymer,,
3F8F,equibind,scored,0.04862,gnina v1.3.3 master:6fe1ce2   Built Jun 30 2026.,static_crystal_polymer,,
3F8F,diffdock,scored,0.4703,gnina v1.3.3 master:6fe1ce2   Built Jun 30 2026.,static_crystal_polymer,,
3F7Z,equibind,scored,0.0608,gnina v1.3.3 master:6fe1ce2   Built Jun 30 2026.,static_crystal_polymer,,
3F7Z,diffdock,scored,0.79379,gnina v1.3.3 master:6fe1ce2   Built Jun 30 2026.,static_crystal_polymer,,
3F7U,equibind,scored,0.00403,gnina v1.3.3 master:6fe1ce2   Built Jun 30 2026.,static_crystal_polymer,,
3F7U,diffdock,scored,0.81076,gnina v1.3.3 master:6fe1ce2   Built Jun 30 2026.,static_crystal_polymer,,
3FC1,equibind,scored,0.30974,gnina v1.3.3 master:6fe1ce2   Built Jun 30 2026.,static_crystal_polymer,,
3FC1,diffdock,scored,0.09261,gnina v1.3.3 master:6fe1ce2   Built Jun 30 2026.,static_crystal_polymer,,
3FC8,equibind,scored,0.00346,gnina v1.3.3 master:6fe1ce2   Built Jun 30 2026.,static_crystal_polymer,,
3FC8,diffdock,scored,0.56535,gnina v1.3.3 master:6fe1ce2   Built Jun 30 2026.,static_crystal_polymer,,
3FAS,equibind,scored,0.27173,gnina v1.3.3 master:6fe1ce2   Built Jun 30 2026.,static_crystal_polymer,,
3FAS,diffdock,scored,0.36581,gnina v1.3.3 master:6fe1ce2   Built Jun 30 2026.,static_crystal_polymer,,
3FCI,equibind,scored,0.00107,gnina v1.3.3 master:6fe1ce2   Built Jun 30 2026.,static_crystal_polymer,,
3FCI,diffdock,scored,0.44041,gnina v1.3.3 master:6fe1ce2   Built Jun 30 2026.,static_crystal_polymer,,
3FCK,equibind,scored,0.04296,gnina v1.3.3 master:6fe1ce2   Built Jun 30 2026.,static_crystal_polymer,,
3FCK,diffdock,scored,0.36358,gnina v1.3.3 master:6fe1ce2   Built Jun 30 2026.,static_crystal_polymer,,
3FCQ,equibind,scored,0.4428,gnina v1.3.3 master:6fe1ce2   Built Jun 30 2026.,static_crystal_polymer,,
3FCQ,diffdock,scored,0.81625,gnina v1.3.3 master:6fe1ce2   Built Jun 30 2026.,static_crystal_polymer,,
3FAT,equibind,scored,0.02176,gnina v1.3.3 master:6fe1ce2   Built Jun 30 2026.,static_crystal_polymer,,
3FAT,diffdock,scored,0.83476,gnina v1.3.3 master:6fe1ce2   Built Jun 30 2026.,static_crystal_polymer,,
3F8W,equibind,scored,0.00278,gnina v1.3.3 master:6fe1ce2   Built Jun 30 2026.,static_crystal_polymer,,
3F8W,diffdock,scored,0.1845,gnina v1.3.3 master:6fe1ce2   Built Jun 30 2026.,static_crystal_polymer,,
3FDN,equibind,scored,0.39129,gnina v1.3.3 master:6fe1ce2   Built Jun 30 2026.,static_crystal_polymer,,
3FDN,diffdock,scored,0.3682,gnina v1.3.3 master:6fe1ce2   Built Jun 30 2026.,static_crystal_polymer,,
3FEI,equibind,scored,0.65183,gnina v1.3.3 master:6fe1ce2   Built Jun 30 2026.,static_crystal_polymer,,
3FEI,diffdock,scored,0.88256,gnina v1.3.3 master:6fe1ce2   Built Jun 30 2026.,static_crystal_polymer,,
3FCL,equibind,scored,0.0337,gnina v1.3.3 master:6fe1ce2   Built Jun 30 2026.,static_crystal_polymer,,
3FCL,diffdock,scored,0.41438,gnina v1.3.3 master:6fe1ce2   Built Jun 30 2026.,static_crystal_polymer,,
3FEJ,equibind,scored,0.00301,gnina v1.3.3 master:6fe1ce2   Built Jun 30 2026.,static_crystal_polymer,,
3FEJ,diffdock,scored,0.92139,gnina v1.3.3 master:6fe1ce2   Built Jun 30 2026.,static_crystal_polymer,,
3FEE,equibind,scored,0.07507,gnina v1.3.3 master:6fe1ce2   Built Jun 30 2026.,static_crystal_polymer,,
3FEE,diffdock,scored,0.54221,gnina v1.3.3 master:6fe1ce2   Built Jun 30 2026.,static_crystal_polymer,,
3FED,equibind,scored,0.00515,gnina v1.3.3 master:6fe1ce2   Built Jun 30 2026.,static_crystal_polymer,,
3FED,diffdock,scored,0.70524,gnina v1.3.3 master:6fe1ce2   Built Jun 30 2026.,static_crystal_polymer,,
3FFP,equibind,scored,0.22873,gnina v1.3.3 master:6fe1ce2   Built Jun 30 2026.,static_crystal_polymer,,
3FFP,diffdock,scored,0.93196,gnina v1.3.3 master:6fe1ce2   Built Jun 30 2026.,static_crystal_polymer,,
3FF3,equibind,scored,0.02463,gnina v1.3.3 master:6fe1ce2   Built Jun 30 2026.,static_crystal_polymer,,
3FF3,diffdock,scored,0.7416,gnina v1.3.3 master:6fe1ce2   Built Jun 30 2026.,static_crystal_polymer,,
3FH5,equibind,scored,0.0362,gnina v1.3.3 master:6fe1ce2   Built Jun 30 2026.,static_crystal_polymer,,
3FH5,diffdock,scored,0.78973,gnina v1.3.3 master:6fe1ce2   Built Jun 30 2026.,static_crystal_polymer,,
3FHR,equibind,scored,0.25788,gnina v1.3.3 master:6fe1ce2   Built Jun 30 2026.,static_crystal_polymer,,
3FHR,diffdock,scored,0.34376,gnina v1.3.3 master:6fe1ce2   Built Jun 30 2026.,static_crystal_polymer,,
3FH8,equibind,scored,0.00701,gnina v1.3.3 master:6fe1ce2   Built Jun 30 2026.,static_crystal_polymer,,
3FH8,diffdock,scored,0.87671,gnina v1.3.3 master:6fe1ce2   Built Jun 30 2026.,static_crystal_polymer,,
3FH7,equibind,scored,0.00058,gnina v1.3.3 master:6fe1ce2   Built Jun 30 2026.,static_crystal_polymer,,
3FH7,diffdock,scored,0.75883,gnina v1.3.3 master:6fe1ce2   Built Jun 30 2026.,static_crystal_polymer,,
3DXJ,equibind,scored,0.31848,gnina v1.3.3 master:6fe1ce2   Built Jun 30 2026.,static_crystal_polymer,,
3FI3,equibind,scored,0.46634,gnina v1.3.3 master:6fe1ce2   Built Jun 30 2026.,static_crystal_polymer,,
3FI3,diffdock,scored,0.88208,gnina v1.3.3 master:6fe1ce2   Built Jun 30 2026.,static_crystal_polymer,,
3FJ7,equibind,scored,0.04951,gnina v1.3.3 master:6fe1ce2   Built Jun 30 2026.,static_crystal_polymer,,
3FJ7,diffdock,scored,0.57548,gnina v1.3.3 master:6fe1ce2   Built Jun 30 2026.,static_crystal_polymer,,
3FJZ,equibind,scored,0.00768,gnina v1.3.3 master:6fe1ce2   Built Jun 30 2026.,static_crystal_polymer,,
3FJZ,diffdock,scored,0.68626,gnina v1.3.3 master:6fe1ce2   Built Jun 30 2026.,static_crystal_polymer,,
3FK1,equibind,scored,0.03757,gnina v1.3.3 master:6fe1ce2   Built Jun 30 2026.,static_crystal_polymer,,
3FK1,diffdock,scored,0.5703,gnina v1.3.3 master:6fe1ce2   Built Jun 30 2026.,static_crystal_polymer,,
3FL5,equibind,scored,0.29449,gnina v1.3.3 master:6fe1ce2   Built Jun 30 2026.,static_crystal_polymer,,
3FL5,diffdock,scored,0.83598,gnina v1.3.3 master:6fe1ce2   Built Jun 30 2026.,static_crystal_polymer,,
3FKT,equibind,scored,0.07557,gnina v1.3.3 master:6fe1ce2   Built Jun 30 2026.,static_crystal_polymer,,
3FKT,diffdock,scored,0.32165,gnina v1.3.3 master:6fe1ce2   Built Jun 30 2026.,static_crystal_polymer,,
3FMQ,equibind,scored,0.00451,gnina v1.3.3 master:6fe1ce2   Built Jun 30 2026.,static_crystal_polymer,,
3FMQ,diffdock,scored,0.28229,gnina v1.3.3 master:6fe1ce2   Built Jun 30 2026.,static_crystal_polymer,,
3FJG,equibind,scored,0.01674,gnina v1.3.3 master:6fe1ce2   Built Jun 30 2026.,static_crystal_polymer,,
3FJG,diffdock,scored,0.792,gnina v1.3.3 master:6fe1ce2   Built Jun 30 2026.,static_crystal_polymer,,
3FMR,equibind,scored,0.00094,gnina v1.3.3 master:6fe1ce2   Built Jun 30 2026.,static_crystal_polymer,,
3FMR,diffdock,scored,0.27673,gnina v1.3.3 master:6fe1ce2   Built Jun 30 2026.,static_crystal_polymer,,
3FPM,equibind,scored,0.03967,gnina v1.3.3 master:6fe1ce2   Built Jun 30 2026.,static_crystal_polymer,,
3FPM,diffdock,scored,0.35441,gnina v1.3.3 master:6fe1ce2   Built Jun 30 2026.,static_crystal_polymer,,
3FGC,equibind,scored,0.0,gnina v1.3.3 master:6fe1ce2   Built Jun 30 2026.,static_crystal_polymer,,
3FGC,diffdock,scored,0.63027,gnina v1.3.3 master:6fe1ce2   Built Jun 30 2026.,static_crystal_polymer,,
3FNM,equibind,scored,0.10907,gnina v1.3.3 master:6fe1ce2   Built Jun 30 2026.,static_crystal_polymer,,
3FNM,diffdock,scored,0.7081,gnina v1.3.3 master:6fe1ce2   Built Jun 30 2026.,static_crystal_polymer,,
3FPD,equibind,scored,0.00015,gnina v1.3.3 master:6fe1ce2   Built Jun 30 2026.,static_crystal_polymer,,
3FPD,diffdock,scored,0.53556,gnina v1.3.3 master:6fe1ce2   Built Jun 30 2026.,static_crystal_polymer,,
3FR4,equibind,scored,0.54934,gnina v1.3.3 master:6fe1ce2   Built Jun 30 2026.,static_crystal_polymer,,
3FR4,diffdock,scored,0.88635,gnina v1.3.3 master:6fe1ce2   Built Jun 30 2026.,static_crystal_polymer,,
3FR5,equibind,scored,0.1676,gnina v1.3.3 master:6fe1ce2   Built Jun 30 2026.,static_crystal_polymer,,
3FR5,diffdock,scored,0.34038,gnina v1.3.3 master:6fe1ce2   Built Jun 30 2026.,static_crystal_polymer,,
3FRG,equibind,scored,0.18214,gnina v1.3.3 master:6fe1ce2   Built Jun 30 2026.,static_crystal_polymer,,
3FRG,diffdock,scored,0.73546,gnina v1.3.3 master:6fe1ce2   Built Jun 30 2026.,static_crystal_polymer,,
3FQA,equibind,scored,0.38664,gnina v1.3.3 master:6fe1ce2   Built Jun 30 2026.,static_crystal_polymer,,
3FQA,diffdock,scored,0.67734,gnina v1.3.3 master:6fe1ce2   Built Jun 30 2026.,static_crystal_polymer,,
3FQ7,equibind,scored,0.0002,gnina v1.3.3 master:6fe1ce2   Built Jun 30 2026.,static_crystal_polymer,,
3FQ7,diffdock,scored,0.89836,gnina v1.3.3 master:6fe1ce2   Built Jun 30 2026.,static_crystal_polymer,,
3FRZ,equibind,scored,0.02067,gnina v1.3.3 master:6fe1ce2   Built Jun 30 2026.,static_crystal_polymer,,
3FRZ,diffdock,scored,0.44383,gnina v1.3.3 master:6fe1ce2   Built Jun 30 2026.,static_crystal_polymer,,
3FTS,equibind,scored,0.11215,gnina v1.3.3 master:6fe1ce2   Built Jun 30 2026.,static_crystal_polymer,,
3FTS,diffdock,scored,0.77639,gnina v1.3.3 master:6fe1ce2   Built Jun 30 2026.,static_crystal_polymer,,
3FTV,equibind,scored,0.01257,gnina v1.3.3 master:6fe1ce2   Built Jun 30 2026.,static_crystal_polymer,,
3FTV,diffdock,scored,0.1716,gnina v1.3.3 master:6fe1ce2   Built Jun 30 2026.,static_crystal_polymer,,
3FL9,equibind,scored,0.01939,gnina v1.3.3 master:6fe1ce2   Built Jun 30 2026.,static_crystal_polymer,,
3FL9,diffdock,scored,0.93462,gnina v1.3.3 master:6fe1ce2   Built Jun 30 2026.,static_crystal_polymer,,
3FTW,equibind,scored,0.00063,gnina v1.3.3 master:6fe1ce2   Built Jun 30 2026.,static_crystal_polymer,,
3FTW,diffdock,scored,0.19739,gnina v1.3.3 master:6fe1ce2   Built Jun 30 2026.,static_crystal_polymer,,
3FU0,equibind,scored,0.00939,gnina v1.3.3 master:6fe1ce2   Built Jun 30 2026.,static_crystal_polymer,,
3FU0,diffdock,scored,0.21035,gnina v1.3.3 master:6fe1ce2   Built Jun 30 2026.,static_crystal_polymer,,
3FU3,equibind,scored,0.00341,gnina v1.3.3 master:6fe1ce2   Built Jun 30 2026.,static_crystal_polymer,,
3FU3,diffdock,scored,0.50524,gnina v1.3.3 master:6fe1ce2   Built Jun 30 2026.,static_crystal_polymer,,
3FU5,equibind,scored,0.22132,gnina v1.3.3 master:6fe1ce2   Built Jun 30 2026.,static_crystal_polymer,,
3FU5,diffdock,scored,0.82366,gnina v1.3.3 master:6fe1ce2   Built Jun 30 2026.,static_crystal_polymer,,
3FUE,equibind,scored,0.11802,gnina v1.3.3 master:6fe1ce2   Built Jun 30 2026.,static_crystal_polymer,,
3FUE,diffdock,scored,0.32106,gnina v1.3.3 master:6fe1ce2   Built Jun 30 2026.,static_crystal_polymer,,
3FUF,equibind,scored,0.00757,gnina v1.3.3 master:6fe1ce2   Built Jun 30 2026.,static_crystal_polymer,,
3FUF,diffdock,scored,0.23597,gnina v1.3.3 master:6fe1ce2   Built Jun 30 2026.,static_crystal_polymer,,
3FUH,equibind,scored,0.41997,gnina v1.3.3 master:6fe1ce2   Built Jun 30 2026.,static_crystal_polymer,,
3FUH,diffdock,scored,0.52452,gnina v1.3.3 master:6fe1ce2   Built Jun 30 2026.,static_crystal_polymer,,
3FUJ,equibind,scored,0.00149,gnina v1.3.3 master:6fe1ce2   Built Jun 30 2026.,static_crystal_polymer,,
3FUJ,diffdock,scored,0.72739,gnina v1.3.3 master:6fe1ce2   Built Jun 30 2026.,static_crystal_polymer,,
3FUK,equibind,scored,0.01556,gnina v1.3.3 master:6fe1ce2   Built Jun 30 2026.,static_crystal_polymer,,
3FUK,diffdock,scored,0.44287,gnina v1.3.3 master:6fe1ce2   Built Jun 30 2026.,static_crystal_polymer,,
3FUL,equibind,scored,0.00379,gnina v1.3.3 master:6fe1ce2   Built Jun 30 2026.,static_crystal_polymer,,
3FUL,diffdock,scored,0.61841,gnina v1.3.3 master:6fe1ce2   Built Jun 30 2026.,static_crystal_polymer,,
3FUM,equibind,scored,0.00165,gnina v1.3.3 master:6fe1ce2   Built Jun 30 2026.,static_crystal_polymer,,
3FUM,diffdock,scored,0.63209,gnina v1.3.3 master:6fe1ce2   Built Jun 30 2026.,static_crystal_polymer,,
3FV8,equibind,scored,0.62637,gnina v1.3.3 master:6fe1ce2   Built Jun 30 2026.,static_crystal_polymer,,
3FV8,diffdock,scored,0.6516,gnina v1.3.3 master:6fe1ce2   Built Jun 30 2026.,static_crystal_polymer,,
3FUZ,equibind,scored,0.68702,gnina v1.3.3 master:6fe1ce2   Built Jun 30 2026.,static_crystal_polymer,,
3FUZ,diffdock,scored,0.50213,gnina v1.3.3 master:6fe1ce2   Built Jun 30 2026.,static_crystal_polymer,,
3FUP,equibind,scored,1e-05,gnina v1.3.3 master:6fe1ce2   Built Jun 30 2026.,static_crystal_polymer,,
3FUP,diffdock,scored,0.90533,gnina v1.3.3 master:6fe1ce2   Built Jun 30 2026.,static_crystal_polymer,,
3F5P,equibind,scored,0.0001,gnina v1.3.3 master:6fe1ce2   Built Jun 30 2026.,static_crystal_polymer,,
3FV1,equibind,scored,0.02315,gnina v1.3.3 master:6fe1ce2   Built Jun 30 2026.,static_crystal_polymer,,
3FV1,diffdock,scored,0.55895,gnina v1.3.3 master:6fe1ce2   Built Jun 30 2026.,static_crystal_polymer,,
3FA3,equibind,scored,0.34533,gnina v1.3.3 master:6fe1ce2   Built Jun 30 2026.,static_crystal_polymer,,
3FVG,equibind,scored,0.01916,gnina v1.3.3 master:6fe1ce2   Built Jun 30 2026.,static_crystal_polymer,,
3FVG,diffdock,scored,0.96036,gnina v1.3.3 master:6fe1ce2   Built Jun 30 2026.,static_crystal_polymer,,
3FF6,equibind,scored,0.0006,gnina v1.3.3 master:6fe1ce2   Built Jun 30 2026.,static_crystal_polymer,,
3FF6,diffdock,scored,0.57524,gnina v1.3.3 master:6fe1ce2   Built Jun 30 2026.,static_crystal_polymer,,
3EHW,equibind,scored,0.0035,gnina v1.3.3 master:6fe1ce2   Built Jun 30 2026.,static_crystal_polymer,,
3EHW,diffdock,scored,0.41546,gnina v1.3.3 master:6fe1ce2   Built Jun 30 2026.,static_crystal_polymer,,
3FVK,equibind,scored,0.06167,gnina v1.3.3 master:6fe1ce2   Built Jun 30 2026.,static_crystal_polymer,,
3FVK,diffdock,scored,0.90063,gnina v1.3.3 master:6fe1ce2   Built Jun 30 2026.,static_crystal_polymer,,
3FW3,equibind,scored,0.61637,gnina v1.3.3 master:6fe1ce2   Built Jun 30 2026.,static_crystal_polymer,,
3FW3,diffdock,scored,0.96162,gnina v1.3.3 master:6fe1ce2   Built Jun 30 2026.,static_crystal_polymer,,
3FW4,equibind,scored,0.80929,gnina v1.3.3 master:6fe1ce2   Built Jun 30 2026.,static_crystal_polymer,,
3FW4,diffdock,scored,0.84398,gnina v1.3.3 master:6fe1ce2   Built Jun 30 2026.,static_crystal_polymer,,
3FVN,equibind,scored,0.05497,gnina v1.3.3 master:6fe1ce2   Built Jun 30 2026.,static_crystal_polymer,,
3FVN,diffdock,scored,0.88493,gnina v1.3.3 master:6fe1ce2   Built Jun 30 2026.,static_crystal_polymer,,
3FXV,equibind,scored,0.00802,gnina v1.3.3 master:6fe1ce2   Built Jun 30 2026.,static_crystal_polymer,,
3FXV,diffdock,scored,0.55603,gnina v1.3.3 master:6fe1ce2   Built Jun 30 2026.,static_crystal_polymer,,
3FXW,equibind,scored,0.07316,gnina v1.3.3 master:6fe1ce2   Built Jun 30 2026.,static_crystal_polymer,,
3FXW,diffdock,scored,0.39444,gnina v1.3.3 master:6fe1ce2   Built Jun 30 2026.,static_crystal_polymer,,
3FYJ,equibind,scored,0.24818,gnina v1.3.3 master:6fe1ce2   Built Jun 30 2026.,static_crystal_polymer,,
3FYJ,diffdock,scored,0.70391,gnina v1.3.3 master:6fe1ce2   Built Jun 30 2026.,static_crystal_polymer,,
3FYK,equibind,scored,0.72326,gnina v1.3.3 master:6fe1ce2   Built Jun 30 2026.,static_crystal_polymer,,
3FYK,diffdock,scored,0.32383,gnina v1.3.3 master:6fe1ce2   Built Jun 30 2026.,static_crystal_polymer,,
3FZ1,equibind,scored,0.45023,gnina v1.3.3 master:6fe1ce2   Built Jun 30 2026.,static_crystal_polymer,,
3FZ1,diffdock,scored,0.7429,gnina v1.3.3 master:6fe1ce2   Built Jun 30 2026.,static_crystal_polymer,,
3FTQ,equibind,scored,0.00011,gnina v1.3.3 master:6fe1ce2   Built Jun 30 2026.,static_crystal_polymer,,
3FTQ,diffdock,scored,0.90319,gnina v1.3.3 master:6fe1ce2   Built Jun 30 2026.,static_crystal_polymer,,
3FZS,equibind,scored,0.25852,gnina v1.3.3 master:6fe1ce2   Built Jun 30 2026.,static_crystal_polymer,,
3FZS,diffdock,scored,0.92021,gnina v1.3.3 master:6fe1ce2   Built Jun 30 2026.,static_crystal_polymer,,
3G08,equibind,scored,0.02107,gnina v1.3.3 master:6fe1ce2   Built Jun 30 2026.,static_crystal_polymer,,
3G08,diffdock,scored,0.2618,gnina v1.3.3 master:6fe1ce2   Built Jun 30 2026.,static_crystal_polymer,,
3G0E,equibind,scored,0.40851,gnina v1.3.3 master:6fe1ce2   Built Jun 30 2026.,static_crystal_polymer,,
3G0E,diffdock,scored,0.63625,gnina v1.3.3 master:6fe1ce2   Built Jun 30 2026.,static_crystal_polymer,,
3EQL,equibind,scored,0.26967,gnina v1.3.3 master:6fe1ce2   Built Jun 30 2026.,static_crystal_polymer,,
3FVL,equibind,scored,0.01214,gnina v1.3.3 master:6fe1ce2   Built Jun 30 2026.,static_crystal_polymer,,
3FVL,diffdock,scored,0.55458,gnina v1.3.3 master:6fe1ce2   Built Jun 30 2026.,static_crystal_polymer,,
3G0W,equibind,scored,0.4963,gnina v1.3.3 master:6fe1ce2   Built Jun 30 2026.,static_crystal_polymer,,
3G0W,diffdock,scored,0.89291,gnina v1.3.3 master:6fe1ce2   Built Jun 30 2026.,static_crystal_polymer,,
3G1M,equibind,scored,0.01382,gnina v1.3.3 master:6fe1ce2   Built Jun 30 2026.,static_crystal_polymer,,
3G1M,diffdock,scored,0.69548,gnina v1.3.3 master:6fe1ce2   Built Jun 30 2026.,static_crystal_polymer,,
3G0F,equibind,scored,0.00158,gnina v1.3.3 master:6fe1ce2   Built Jun 30 2026.,static_crystal_polymer,,
3G0F,diffdock,scored,0.59434,gnina v1.3.3 master:6fe1ce2   Built Jun 30 2026.,static_crystal_polymer,,
3G1V,equibind,scored,0.01147,gnina v1.3.3 master:6fe1ce2   Built Jun 30 2026.,static_crystal_polymer,,
3G1V,diffdock,scored,0.90516,gnina v1.3.3 master:6fe1ce2   Built Jun 30 2026.,static_crystal_polymer,,
3G1D,equibind,scored,3e-05,gnina v1.3.3 master:6fe1ce2   Built Jun 30 2026.,static_crystal_polymer,,
3G1D,diffdock,scored,0.93947,gnina v1.3.3 master:6fe1ce2   Built Jun 30 2026.,static_crystal_polymer,,
3G0I,equibind,scored,0.06229,gnina v1.3.3 master:6fe1ce2   Built Jun 30 2026.,static_crystal_polymer,,
3G0I,diffdock,scored,0.59178,gnina v1.3.3 master:6fe1ce2   Built Jun 30 2026.,static_crystal_polymer,,
3G2H,equibind,scored,0.55314,gnina v1.3.3 master:6fe1ce2   Built Jun 30 2026.,static_crystal_polymer,,
3G2H,diffdock,scored,0.6403,gnina v1.3.3 master:6fe1ce2   Built Jun 30 2026.,static_crystal_polymer,,
3G30,equibind,scored,0.61021,gnina v1.3.3 master:6fe1ce2   Built Jun 30 2026.,static_crystal_polymer,,
3G30,diffdock,scored,0.72068,gnina v1.3.3 master:6fe1ce2   Built Jun 30 2026.,static_crystal_polymer,,
3G2I,equibind,scored,0.46471,gnina v1.3.3 master:6fe1ce2   Built Jun 30 2026.,static_crystal_polymer,,
3G2I,diffdock,scored,0.59909,gnina v1.3.3 master:6fe1ce2   Built Jun 30 2026.,static_crystal_polymer,,
3G2J,equibind,scored,0.24494,gnina v1.3.3 master:6fe1ce2   Built Jun 30 2026.,static_crystal_polymer,,
3G2J,diffdock,scored,0.7022,gnina v1.3.3 master:6fe1ce2   Built Jun 30 2026.,static_crystal_polymer,,
3G2Z,equibind,scored,0.00209,gnina v1.3.3 master:6fe1ce2   Built Jun 30 2026.,static_crystal_polymer,,
3G2Z,diffdock,scored,0.30513,gnina v1.3.3 master:6fe1ce2   Built Jun 30 2026.,static_crystal_polymer,,
3G2Y,equibind,scored,0.01727,gnina v1.3.3 master:6fe1ce2   Built Jun 30 2026.,static_crystal_polymer,,
3G2Y,diffdock,scored,0.18155,gnina v1.3.3 master:6fe1ce2   Built Jun 30 2026.,static_crystal_polymer,,
3G2K,equibind,scored,0.0715,gnina v1.3.3 master:6fe1ce2   Built Jun 30 2026.,static_crystal_polymer,,
3G2K,diffdock,scored,0.54952,gnina v1.3.3 master:6fe1ce2   Built Jun 30 2026.,static_crystal_polymer,,
3G3M,equibind,scored,0.00378,gnina v1.3.3 master:6fe1ce2   Built Jun 30 2026.,static_crystal_polymer,,
3G3M,diffdock,scored,0.63831,gnina v1.3.3 master:6fe1ce2   Built Jun 30 2026.,static_crystal_polymer,,
3G2N,equibind,scored,0.72995,gnina v1.3.3 master:6fe1ce2   Built Jun 30 2026.,static_crystal_polymer,,
3G2N,diffdock,scored,0.82508,gnina v1.3.3 master:6fe1ce2   Built Jun 30 2026.,static_crystal_polymer,,
3G31,equibind,scored,0.00438,gnina v1.3.3 master:6fe1ce2   Built Jun 30 2026.,static_crystal_polymer,,
3G31,diffdock,scored,0.66582,gnina v1.3.3 master:6fe1ce2   Built Jun 30 2026.,static_crystal_polymer,,
3G32,equibind,scored,0.08626,gnina v1.3.3 master:6fe1ce2   Built Jun 30 2026.,static_crystal_polymer,,
3G32,diffdock,scored,0.18008,gnina v1.3.3 master:6fe1ce2   Built Jun 30 2026.,static_crystal_polymer,,
3G34,equibind,scored,0.0008,gnina v1.3.3 master:6fe1ce2   Built Jun 30 2026.,static_crystal_polymer,,
3G34,diffdock,scored,0.25864,gnina v1.3.3 master:6fe1ce2   Built Jun 30 2026.,static_crystal_polymer,,
3G3R,equibind,scored,0.55372,gnina v1.3.3 master:6fe1ce2   Built Jun 30 2026.,static_crystal_polymer,,
3G3R,diffdock,scored,0.55913,gnina v1.3.3 master:6fe1ce2   Built Jun 30 2026.,static_crystal_polymer,,
3G3D,equibind,scored,0.00038,gnina v1.3.3 master:6fe1ce2   Built Jun 30 2026.,static_crystal_polymer,,
3G3D,diffdock,scored,0.64781,gnina v1.3.3 master:6fe1ce2   Built Jun 30 2026.,static_crystal_polymer,,
3G5K,equibind,scored,0.46518,gnina v1.3.3 master:6fe1ce2   Built Jun 30 2026.,static_crystal_polymer,,
3G5K,diffdock,scored,0.59543,gnina v1.3.3 master:6fe1ce2   Built Jun 30 2026.,static_crystal_polymer,,
3G42,equibind,scored,0.00752,gnina v1.3.3 master:6fe1ce2   Built Jun 30 2026.,static_crystal_polymer,,
3G42,diffdock,scored,0.92533,gnina v1.3.3 master:6fe1ce2   Built Jun 30 2026.,static_crystal_polymer,,
3G9L,equibind,scored,0.10379,gnina v1.3.3 master:6fe1ce2   Built Jun 30 2026.,static_crystal_polymer,,
3G9L,diffdock,scored,0.6264,gnina v1.3.3 master:6fe1ce2   Built Jun 30 2026.,static_crystal_polymer,,
3G4F,equibind,scored,0.04619,gnina v1.3.3 master:6fe1ce2   Built Jun 30 2026.,static_crystal_polymer,,
3G4F,diffdock,scored,0.214,gnina v1.3.3 master:6fe1ce2   Built Jun 30 2026.,static_crystal_polymer,,
3G8E,equibind,scored,0.01638,gnina v1.3.3 master:6fe1ce2   Built Jun 30 2026.,static_crystal_polymer,,
3G8E,diffdock,scored,0.90736,gnina v1.3.3 master:6fe1ce2   Built Jun 30 2026.,static_crystal_polymer,,
3GA5,equibind,scored,0.0,gnina v1.3.3 master:6fe1ce2   Built Jun 30 2026.,static_crystal_polymer,,
3GA5,diffdock,scored,0.87709,gnina v1.3.3 master:6fe1ce2   Built Jun 30 2026.,static_crystal_polymer,,
3GBB,equibind,scored,0.00082,gnina v1.3.3 master:6fe1ce2   Built Jun 30 2026.,static_crystal_polymer,,
3GBB,diffdock,scored,0.92977,gnina v1.3.3 master:6fe1ce2   Built Jun 30 2026.,static_crystal_polymer,,
3GBE,equibind,scored,0.11846,gnina v1.3.3 master:6fe1ce2   Built Jun 30 2026.,static_crystal_polymer,,
3GBE,diffdock,scored,0.49711,gnina v1.3.3 master:6fe1ce2   Built Jun 30 2026.,static_crystal_polymer,,
3G4K,equibind,scored,0.01481,gnina v1.3.3 master:6fe1ce2   Built Jun 30 2026.,static_crystal_polymer,,
3G4K,diffdock,scored,0.97806,gnina v1.3.3 master:6fe1ce2   Built Jun 30 2026.,static_crystal_polymer,,
3G8O,equibind,scored,0.00217,gnina v1.3.3 master:6fe1ce2   Built Jun 30 2026.,static_crystal_polymer,,
3G8O,diffdock,scored,0.8733,gnina v1.3.3 master:6fe1ce2   Built Jun 30 2026.,static_crystal_polymer,,
3GC4,equibind,scored,0.27797,gnina v1.3.3 master:6fe1ce2   Built Jun 30 2026.,static_crystal_polymer,,
3GC4,diffdock,scored,0.98331,gnina v1.3.3 master:6fe1ce2   Built Jun 30 2026.,static_crystal_polymer,,
3GC5,equibind,scored,0.75509,gnina v1.3.3 master:6fe1ce2   Built Jun 30 2026.,static_crystal_polymer,,
3GC5,diffdock,scored,0.99665,gnina v1.3.3 master:6fe1ce2   Built Jun 30 2026.,static_crystal_polymer,,
3GC7,equibind,scored,0.21939,gnina v1.3.3 master:6fe1ce2   Built Jun 30 2026.,static_crystal_polymer,,
3GC7,diffdock,scored,0.61676,gnina v1.3.3 master:6fe1ce2   Built Jun 30 2026.,static_crystal_polymer,,
3GCP,equibind,scored,0.01772,gnina v1.3.3 master:6fe1ce2   Built Jun 30 2026.,static_crystal_polymer,,
3GCP,diffdock,scored,0.76632,gnina v1.3.3 master:6fe1ce2   Built Jun 30 2026.,static_crystal_polymer,,
3G4L,equibind,scored,0.22768,gnina v1.3.3 master:6fe1ce2   Built Jun 30 2026.,static_crystal_polymer,,
3G4L,diffdock,scored,0.90525,gnina v1.3.3 master:6fe1ce2   Built Jun 30 2026.,static_crystal_polymer,,
3GCS,equibind,scored,0.18698,gnina v1.3.3 master:6fe1ce2   Built Jun 30 2026.,static_crystal_polymer,,
3GCS,diffdock,scored,0.88231,gnina v1.3.3 master:6fe1ce2   Built Jun 30 2026.,static_crystal_polymer,,
3GF2,equibind,scored,0.00971,gnina v1.3.3 master:6fe1ce2   Built Jun 30 2026.,static_crystal_polymer,,
3GF2,diffdock,scored,0.24789,gnina v1.3.3 master:6fe1ce2   Built Jun 30 2026.,static_crystal_polymer,,
3GCV,equibind,scored,0.43752,gnina v1.3.3 master:6fe1ce2   Built Jun 30 2026.,static_crystal_polymer,,
3GCV,diffdock,scored,0.4046,gnina v1.3.3 master:6fe1ce2   Built Jun 30 2026.,static_crystal_polymer,,
3GEN,equibind,scored,0.39643,gnina v1.3.3 master:6fe1ce2   Built Jun 30 2026.,static_crystal_polymer,,
3GEN,diffdock,scored,0.90533,gnina v1.3.3 master:6fe1ce2   Built Jun 30 2026.,static_crystal_polymer,,
3GEP,equibind,scored,0.00046,gnina v1.3.3 master:6fe1ce2   Built Jun 30 2026.,static_crystal_polymer,,
3GEP,diffdock,scored,0.96679,gnina v1.3.3 master:6fe1ce2   Built Jun 30 2026.,static_crystal_polymer,,
3G0B,equibind,scored,0.00052,gnina v1.3.3 master:6fe1ce2   Built Jun 30 2026.,static_crystal_polymer,,
3G0B,diffdock,scored,0.96565,gnina v1.3.3 master:6fe1ce2   Built Jun 30 2026.,static_crystal_polymer,,
3GGU,equibind,scored,0.00033,gnina v1.3.3 master:6fe1ce2   Built Jun 30 2026.,static_crystal_polymer,,
3GGU,diffdock,scored,0.19202,gnina v1.3.3 master:6fe1ce2   Built Jun 30 2026.,static_crystal_polymer,,
3GGJ,equibind,scored,0.02285,gnina v1.3.3 master:6fe1ce2   Built Jun 30 2026.,static_crystal_polymer,,
3GGJ,diffdock,scored,0.89818,gnina v1.3.3 master:6fe1ce2   Built Jun 30 2026.,static_crystal_polymer,,
3GK1,equibind,scored,0.04262,gnina v1.3.3 master:6fe1ce2   Built Jun 30 2026.,static_crystal_polymer,,
3GK1,diffdock,scored,0.69841,gnina v1.3.3 master:6fe1ce2   Built Jun 30 2026.,static_crystal_polymer,,
3GGC,equibind,scored,0.01673,gnina v1.3.3 master:6fe1ce2   Built Jun 30 2026.,static_crystal_polymer,,
3GGC,diffdock,scored,0.96504,gnina v1.3.3 master:6fe1ce2   Built Jun 30 2026.,static_crystal_polymer,,
3GBA,equibind,scored,0.0216,gnina v1.3.3 master:6fe1ce2   Built Jun 30 2026.,static_crystal_polymer,,
3GBA,diffdock,scored,0.75975,gnina v1.3.3 master:6fe1ce2   Built Jun 30 2026.,static_crystal_polymer,,
3GK2,equibind,scored,0.0037,gnina v1.3.3 master:6fe1ce2   Built Jun 30 2026.,static_crystal_polymer,,
3GK2,diffdock,scored,0.56322,gnina v1.3.3 master:6fe1ce2   Built Jun 30 2026.,static_crystal_polymer,,
3GI5,equibind,scored,0.00459,gnina v1.3.3 master:6fe1ce2   Built Jun 30 2026.,static_crystal_polymer,,
3GI5,diffdock,scored,0.79379,gnina v1.3.3 master:6fe1ce2   Built Jun 30 2026.,static_crystal_polymer,,
3GJD,equibind,scored,0.62013,gnina v1.3.3 master:6fe1ce2   Built Jun 30 2026.,static_crystal_polymer,,
3GJD,diffdock,scored,0.45568,gnina v1.3.3 master:6fe1ce2   Built Jun 30 2026.,static_crystal_polymer,,
3GM0,equibind,scored,0.0033,gnina v1.3.3 master:6fe1ce2   Built Jun 30 2026.,static_crystal_polymer,,
3GM0,diffdock,scored,0.64173,gnina v1.3.3 master:6fe1ce2   Built Jun 30 2026.,static_crystal_polymer,,
3GJW,equibind,scored,0.66794,gnina v1.3.3 master:6fe1ce2   Built Jun 30 2026.,static_crystal_polymer,,
3GJW,diffdock,scored,0.88675,gnina v1.3.3 master:6fe1ce2   Built Jun 30 2026.,static_crystal_polymer,,
3GN7,equibind,scored,0.61933,gnina v1.3.3 master:6fe1ce2   Built Jun 30 2026.,static_crystal_polymer,,
3GN7,diffdock,scored,0.98001,gnina v1.3.3 master:6fe1ce2   Built Jun 30 2026.,static_crystal_polymer,,
3GS6,equibind,scored,0.00596,gnina v1.3.3 master:6fe1ce2   Built Jun 30 2026.,static_crystal_polymer,,
3GS6,diffdock,scored,0.82453,gnina v1.3.3 master:6fe1ce2   Built Jun 30 2026.,static_crystal_polymer,,
3GS7,equibind,scored,0.00142,gnina v1.3.3 master:6fe1ce2   Built Jun 30 2026.,static_crystal_polymer,,
3GS7,diffdock,scored,0.66724,gnina v1.3.3 master:6fe1ce2   Built Jun 30 2026.,static_crystal_polymer,,
3GPE,equibind,scored,0.02413,gnina v1.3.3 master:6fe1ce2   Built Jun 30 2026.,static_crystal_polymer,,
3GPE,diffdock,scored,0.69735,gnina v1.3.3 master:6fe1ce2   Built Jun 30 2026.,static_crystal_polymer,,
3GSM,equibind,scored,0.59864,gnina v1.3.3 master:6fe1ce2   Built Jun 30 2026.,static_crystal_polymer,,
3GSM,diffdock,scored,0.59633,gnina v1.3.3 master:6fe1ce2   Built Jun 30 2026.,static_crystal_polymer,,
3GDT,equibind,scored,0.02849,gnina v1.3.3 master:6fe1ce2   Built Jun 30 2026.,static_crystal_polymer,,
3GDT,diffdock,scored,0.13427,gnina v1.3.3 master:6fe1ce2   Built Jun 30 2026.,static_crystal_polymer,,
3GT9,equibind,scored,0.00049,gnina v1.3.3 master:6fe1ce2   Built Jun 30 2026.,static_crystal_polymer,,
3GT9,diffdock,scored,0.47905,gnina v1.3.3 master:6fe1ce2   Built Jun 30 2026.,static_crystal_polymer,,
3GR2,equibind,scored,0.00277,gnina v1.3.3 master:6fe1ce2   Built Jun 30 2026.,static_crystal_polymer,,
3GR2,diffdock,scored,0.45572,gnina v1.3.3 master:6fe1ce2   Built Jun 30 2026.,static_crystal_polymer,,
3GOL,equibind,scored,1e-05,gnina v1.3.3 master:6fe1ce2   Built Jun 30 2026.,static_crystal_polymer,,
3GOL,diffdock,scored,0.37411,gnina v1.3.3 master:6fe1ce2   Built Jun 30 2026.,static_crystal_polymer,,
3GWS,diffdock,scored,0.98649,gnina v1.3.3 master:6fe1ce2   Built Jun 30 2026.,static_crystal_polymer,,
3GNV,equibind,scored,3e-05,gnina v1.3.3 master:6fe1ce2   Built Jun 30 2026.,static_crystal_polymer,,
3GNV,diffdock,scored,0.94847,gnina v1.3.3 master:6fe1ce2   Built Jun 30 2026.,static_crystal_polymer,,
3GUZ,equibind,scored,0.68087,gnina v1.3.3 master:6fe1ce2   Built Jun 30 2026.,static_crystal_polymer,,
3GUZ,diffdock,scored,0.89739,gnina v1.3.3 master:6fe1ce2   Built Jun 30 2026.,static_crystal_polymer,,
3GUS,equibind,scored,0.06655,gnina v1.3.3 master:6fe1ce2   Built Jun 30 2026.,static_crystal_polymer,,
3GUS,diffdock,scored,0.21284,gnina v1.3.3 master:6fe1ce2   Built Jun 30 2026.,static_crystal_polymer,,
3GSG,equibind,scored,0.00715,gnina v1.3.3 master:6fe1ce2   Built Jun 30 2026.,static_crystal_polymer,,
3GSG,diffdock,scored,0.21854,gnina v1.3.3 master:6fe1ce2   Built Jun 30 2026.,static_crystal_polymer,,
3GNW,equibind,scored,0.0,gnina v1.3.3 master:6fe1ce2   Built Jun 30 2026.,static_crystal_polymer,,
3GNW,diffdock,scored,0.2827,gnina v1.3.3 master:6fe1ce2   Built Jun 30 2026.,static_crystal_polymer,,
3GWT,equibind,scored,0.00454,gnina v1.3.3 master:6fe1ce2   Built Jun 30 2026.,static_crystal_polymer,,
3GWT,diffdock,scored,0.76032,gnina v1.3.3 master:6fe1ce2   Built Jun 30 2026.,static_crystal_polymer,,
3GTC,equibind,scored,0.07808,gnina v1.3.3 master:6fe1ce2   Built Jun 30 2026.,static_crystal_polymer,,
3GTC,diffdock,scored,0.45123,gnina v1.3.3 master:6fe1ce2   Built Jun 30 2026.,static_crystal_polymer,,
3GVB,equibind,scored,0.00209,gnina v1.3.3 master:6fe1ce2   Built Jun 30 2026.,static_crystal_polymer,,
3GVB,diffdock,scored,0.68333,gnina v1.3.3 master:6fe1ce2   Built Jun 30 2026.,static_crystal_polymer,,
3GWU,equibind,scored,0.06084,gnina v1.3.3 master:6fe1ce2   Built Jun 30 2026.,static_crystal_polymer,,
3GWU,diffdock,scored,0.5163,gnina v1.3.3 master:6fe1ce2   Built Jun 30 2026.,static_crystal_polymer,,
3GWV,equibind,scored,0.07315,gnina v1.3.3 master:6fe1ce2   Built Jun 30 2026.,static_crystal_polymer,,
3GWV,diffdock,scored,0.58303,gnina v1.3.3 master:6fe1ce2   Built Jun 30 2026.,static_crystal_polymer,,
3GV9,equibind,scored,0.10906,gnina v1.3.3 master:6fe1ce2   Built Jun 30 2026.,static_crystal_polymer,,
3GV9,diffdock,scored,0.91205,gnina v1.3.3 master:6fe1ce2   Built Jun 30 2026.,static_crystal_polymer,,
3GX0,equibind,scored,0.00026,gnina v1.3.3 master:6fe1ce2   Built Jun 30 2026.,static_crystal_polymer,,
3GX0,diffdock,scored,0.54614,gnina v1.3.3 master:6fe1ce2   Built Jun 30 2026.,static_crystal_polymer,,
3GWW,equibind,scored,0.04357,gnina v1.3.3 master:6fe1ce2   Built Jun 30 2026.,static_crystal_polymer,,
3GWW,diffdock,scored,0.92583,gnina v1.3.3 master:6fe1ce2   Built Jun 30 2026.,static_crystal_polymer,,
3GW5,equibind,scored,0.00217,gnina v1.3.3 master:6fe1ce2   Built Jun 30 2026.,static_crystal_polymer,,
3GW5,diffdock,scored,0.9567,gnina v1.3.3 master:6fe1ce2   Built Jun 30 2026.,static_crystal_polymer,,
3H0V,equibind,scored,0.00017,gnina v1.3.3 master:6fe1ce2   Built Jun 30 2026.,static_crystal_polymer,,
3H0V,diffdock,scored,0.00037,gnina v1.3.3 master:6fe1ce2   Built Jun 30 2026.,static_crystal_polymer,,
3GWX,equibind,scored,0.00441,gnina v1.3.3 master:6fe1ce2   Built Jun 30 2026.,static_crystal_polymer,,
3GWX,diffdock,scored,0.35908,gnina v1.3.3 master:6fe1ce2   Built Jun 30 2026.,static_crystal_polymer,,
3GXT,equibind,scored,0.40891,gnina v1.3.3 master:6fe1ce2   Built Jun 30 2026.,static_crystal_polymer,,
3GXT,diffdock,scored,0.71854,gnina v1.3.3 master:6fe1ce2   Built Jun 30 2026.,static_crystal_polymer,,
3H21,equibind,scored,0.11593,gnina v1.3.3 master:6fe1ce2   Built Jun 30 2026.,static_crystal_polymer,,
3H21,diffdock,scored,0.86162,gnina v1.3.3 master:6fe1ce2   Built Jun 30 2026.,static_crystal_polymer,,
3H2C,equibind,scored,0.00105,gnina v1.3.3 master:6fe1ce2   Built Jun 30 2026.,static_crystal_polymer,,
3H2C,diffdock,scored,0.94473,gnina v1.3.3 master:6fe1ce2   Built Jun 30 2026.,static_crystal_polymer,,
3H2N,equibind,scored,0.07285,gnina v1.3.3 master:6fe1ce2   Built Jun 30 2026.,static_crystal_polymer,,
3H2N,diffdock,scored,0.86704,gnina v1.3.3 master:6fe1ce2   Built Jun 30 2026.,static_crystal_polymer,,
3H3C,equibind,scored,0.83132,gnina v1.3.3 master:6fe1ce2   Built Jun 30 2026.,static_crystal_polymer,,
3H3C,diffdock,scored,0.84479,gnina v1.3.3 master:6fe1ce2   Built Jun 30 2026.,static_crystal_polymer,,
3H03,equibind,scored,0.19181,gnina v1.3.3 master:6fe1ce2   Built Jun 30 2026.,static_crystal_polymer,,
3H03,diffdock,scored,0.9494,gnina v1.3.3 master:6fe1ce2   Built Jun 30 2026.,static_crystal_polymer,,
3HAW,equibind,scored,0.00259,gnina v1.3.3 master:6fe1ce2   Built Jun 30 2026.,static_crystal_polymer,,
3HAW,diffdock,scored,0.41085,gnina v1.3.3 master:6fe1ce2   Built Jun 30 2026.,static_crystal_polymer,,
3HAU,equibind,scored,0.00018,gnina v1.3.3 master:6fe1ce2   Built Jun 30 2026.,static_crystal_polymer,,
3HAU,diffdock,scored,0.62937,gnina v1.3.3 master:6fe1ce2   Built Jun 30 2026.,static_crystal_polymer,,
3H0Z,equibind,scored,0.0,gnina v1.3.3 master:6fe1ce2   Built Jun 30 2026.,static_crystal_polymer,,
3H0Z,diffdock,scored,0.46646,gnina v1.3.3 master:6fe1ce2   Built Jun 30 2026.,static_crystal_polymer,,
3H0B,equibind,scored,0.0001,gnina v1.3.3 master:6fe1ce2   Built Jun 30 2026.,static_crystal_polymer,,
3H0B,diffdock,scored,0.04619,gnina v1.3.3 master:6fe1ce2   Built Jun 30 2026.,static_crystal_polymer,,
3HB4,equibind,scored,0.05005,gnina v1.3.3 master:6fe1ce2   Built Jun 30 2026.,static_crystal_polymer,,
3HB4,diffdock,scored,0.5975,gnina v1.3.3 master:6fe1ce2   Built Jun 30 2026.,static_crystal_polymer,,
3H78,equibind,scored,0.04471,gnina v1.3.3 master:6fe1ce2   Built Jun 30 2026.,static_crystal_polymer,,
3H78,diffdock,scored,0.83722,gnina v1.3.3 master:6fe1ce2   Built Jun 30 2026.,static_crystal_polymer,,
3HCM,equibind,scored,0.26425,gnina v1.3.3 master:6fe1ce2   Built Jun 30 2026.,static_crystal_polymer,,
3HCM,diffdock,scored,0.72876,gnina v1.3.3 master:6fe1ce2   Built Jun 30 2026.,static_crystal_polymer,,
3H59,equibind,scored,0.00135,gnina v1.3.3 master:6fe1ce2   Built Jun 30 2026.,static_crystal_polymer,,
3H59,diffdock,scored,0.94225,gnina v1.3.3 master:6fe1ce2   Built Jun 30 2026.,static_crystal_polymer,,
3HBO,equibind,scored,3e-05,gnina v1.3.3 master:6fe1ce2   Built Jun 30 2026.,static_crystal_polymer,,
3HBO,diffdock,scored,0.45531,gnina v1.3.3 master:6fe1ce2   Built Jun 30 2026.,static_crystal_polymer,,
3HDK,equibind,scored,7e-05,gnina v1.3.3 master:6fe1ce2   Built Jun 30 2026.,static_crystal_polymer,,
3HDK,diffdock,scored,0.55759,gnina v1.3.3 master:6fe1ce2   Built Jun 30 2026.,static_crystal_polymer,,
3HDZ,equibind,scored,0.01187,gnina v1.3.3 master:6fe1ce2   Built Jun 30 2026.,static_crystal_polymer,,
3HDZ,diffdock,scored,0.50399,gnina v1.3.3 master:6fe1ce2   Built Jun 30 2026.,static_crystal_polymer,,
3HFJ,equibind,scored,0.01632,gnina v1.3.3 master:6fe1ce2   Built Jun 30 2026.,static_crystal_polymer,,
3HFJ,diffdock,scored,0.6547,gnina v1.3.3 master:6fe1ce2   Built Jun 30 2026.,static_crystal_polymer,,
3HD3,equibind,scored,0.00093,gnina v1.3.3 master:6fe1ce2   Built Jun 30 2026.,static_crystal_polymer,,
3HD3,diffdock,scored,0.5048,gnina v1.3.3 master:6fe1ce2   Built Jun 30 2026.,static_crystal_polymer,,
3HJ0,equibind,scored,1e-05,gnina v1.3.3 master:6fe1ce2   Built Jun 30 2026.,static_crystal_polymer,,
3HJ0,diffdock,scored,0.62201,gnina v1.3.3 master:6fe1ce2   Built Jun 30 2026.,static_crystal_polymer,,
3H5S,equibind,scored,0.01606,gnina v1.3.3 master:6fe1ce2   Built Jun 30 2026.,static_crystal_polymer,,
3H5S,diffdock,scored,0.87896,gnina v1.3.3 master:6fe1ce2   Built Jun 30 2026.,static_crystal_polymer,,
3HHM,equibind,scored,0.36842,gnina v1.3.3 master:6fe1ce2   Built Jun 30 2026.,static_crystal_polymer,,
3HK1,equibind,scored,0.2444,gnina v1.3.3 master:6fe1ce2   Built Jun 30 2026.,static_crystal_polymer,,
3HK1,diffdock,scored,0.31307,gnina v1.3.3 master:6fe1ce2   Built Jun 30 2026.,static_crystal_polymer,,
3H9K,equibind,scored,0.01631,gnina v1.3.3 master:6fe1ce2   Built Jun 30 2026.,static_crystal_polymer,,
3H9K,diffdock,scored,0.80593,gnina v1.3.3 master:6fe1ce2   Built Jun 30 2026.,static_crystal_polymer,,
3HKQ,equibind,scored,0.0979,gnina v1.3.3 master:6fe1ce2   Built Jun 30 2026.,static_crystal_polymer,,
3HKQ,diffdock,scored,0.4905,gnina v1.3.3 master:6fe1ce2   Built Jun 30 2026.,static_crystal_polymer,,
3HFZ,equibind,scored,0.0001,gnina v1.3.3 master:6fe1ce2   Built Jun 30 2026.,static_crystal_polymer,,
3HFZ,diffdock,scored,0.89106,gnina v1.3.3 master:6fe1ce2   Built Jun 30 2026.,static_crystal_polymer,,
3HKU,equibind,scored,0.29582,gnina v1.3.3 master:6fe1ce2   Built Jun 30 2026.,static_crystal_polymer,,
3HKU,diffdock,scored,0.29356,gnina v1.3.3 master:6fe1ce2   Built Jun 30 2026.,static_crystal_polymer,,
3HL5,equibind,scored,0.0002,gnina v1.3.3 master:6fe1ce2   Built Jun 30 2026.,static_crystal_polymer,,
3HL5,diffdock,scored,0.34789,gnina v1.3.3 master:6fe1ce2   Built Jun 30 2026.,static_crystal_polymer,,
3HJO,equibind,scored,0.04553,gnina v1.3.3 master:6fe1ce2   Built Jun 30 2026.,static_crystal_polymer,,
3HJO,diffdock,scored,0.56391,gnina v1.3.3 master:6fe1ce2   Built Jun 30 2026.,static_crystal_polymer,,
3HIV,equibind,scored,0.0,gnina v1.3.3 master:6fe1ce2   Built Jun 30 2026.,static_crystal_polymer,,
3HIV,diffdock,scored,0.03201,gnina v1.3.3 master:6fe1ce2   Built Jun 30 2026.,static_crystal_polymer,,
3HB8,equibind,scored,0.0089,gnina v1.3.3 master:6fe1ce2   Built Jun 30 2026.,static_crystal_polymer,,
3HB8,diffdock,scored,0.82966,gnina v1.3.3 master:6fe1ce2   Built Jun 30 2026.,static_crystal_polymer,,
3HL7,equibind,scored,0.00961,gnina v1.3.3 master:6fe1ce2   Built Jun 30 2026.,static_crystal_polymer,,
3HL7,diffdock,scored,0.21498,gnina v1.3.3 master:6fe1ce2   Built Jun 30 2026.,static_crystal_polymer,,
3HNG,equibind,scored,0.271,gnina v1.3.3 master:6fe1ce2   Built Jun 30 2026.,static_crystal_polymer,,
3HNG,diffdock,scored,0.9873,gnina v1.3.3 master:6fe1ce2   Built Jun 30 2026.,static_crystal_polymer,,
3HLL,equibind,scored,0.15099,gnina v1.3.3 master:6fe1ce2   Built Jun 30 2026.,static_crystal_polymer,,
3HLL,diffdock,scored,0.71688,gnina v1.3.3 master:6fe1ce2   Built Jun 30 2026.,static_crystal_polymer,,
3HP2,equibind,scored,0.00056,gnina v1.3.3 master:6fe1ce2   Built Jun 30 2026.,static_crystal_polymer,,
3HP2,diffdock,scored,0.94769,gnina v1.3.3 master:6fe1ce2   Built Jun 30 2026.,static_crystal_polymer,,
3HP5,equibind,scored,0.42699,gnina v1.3.3 master:6fe1ce2   Built Jun 30 2026.,static_crystal_polymer,,
3HP5,diffdock,scored,0.61568,gnina v1.3.3 master:6fe1ce2   Built Jun 30 2026.,static_crystal_polymer,,
3HL8,equibind,scored,0.00595,gnina v1.3.3 master:6fe1ce2   Built Jun 30 2026.,static_crystal_polymer,,
3HL8,diffdock,scored,0.38361,gnina v1.3.3 master:6fe1ce2   Built Jun 30 2026.,static_crystal_polymer,,
3HHA,equibind,scored,0.00356,gnina v1.3.3 master:6fe1ce2   Built Jun 30 2026.,static_crystal_polymer,,
3HHA,diffdock,scored,0.72905,gnina v1.3.3 master:6fe1ce2   Built Jun 30 2026.,static_crystal_polymer,,
3HQR,equibind,scored,0.67749,gnina v1.3.3 master:6fe1ce2   Built Jun 30 2026.,static_crystal_polymer,,
3HQR,diffdock,scored,0.73598,gnina v1.3.3 master:6fe1ce2   Built Jun 30 2026.,static_crystal_polymer,,
3HR1,equibind,scored,0.03675,gnina v1.3.3 master:6fe1ce2   Built Jun 30 2026.,static_crystal_polymer,,
3HR1,diffdock,scored,0.65603,gnina v1.3.3 master:6fe1ce2   Built Jun 30 2026.,static_crystal_polymer,,
3HRB,equibind,scored,0.01301,gnina v1.3.3 master:6fe1ce2   Built Jun 30 2026.,static_crystal_polymer,,
3HRB,diffdock,scored,0.85719,gnina v1.3.3 master:6fe1ce2   Built Jun 30 2026.,static_crystal_polymer,,
3HRF,equibind,scored,0.03224,gnina v1.3.3 master:6fe1ce2   Built Jun 30 2026.,static_crystal_polymer,,
3HRF,diffdock,scored,0.13349,gnina v1.3.3 master:6fe1ce2   Built Jun 30 2026.,static_crystal_polymer,,
3H06,equibind,scored,0.13762,gnina v1.3.3 master:6fe1ce2   Built Jun 30 2026.,static_crystal_polymer,,
3H06,diffdock,scored,0.83076,gnina v1.3.3 master:6fe1ce2   Built Jun 30 2026.,static_crystal_polymer,,
3HS4,equibind,scored,0.50438,gnina v1.3.3 master:6fe1ce2   Built Jun 30 2026.,static_crystal_polymer,,
3HS4,diffdock,scored,0.90554,gnina v1.3.3 master:6fe1ce2   Built Jun 30 2026.,static_crystal_polymer,,
3HQ5,equibind,scored,0.00028,gnina v1.3.3 master:6fe1ce2   Built Jun 30 2026.,static_crystal_polymer,,
3HQ5,diffdock,scored,0.41387,gnina v1.3.3 master:6fe1ce2   Built Jun 30 2026.,static_crystal_polymer,,
3HUC,equibind,scored,0.43997,gnina v1.3.3 master:6fe1ce2   Built Jun 30 2026.,static_crystal_polymer,,
3HUC,diffdock,scored,0.83944,gnina v1.3.3 master:6fe1ce2   Built Jun 30 2026.,static_crystal_polymer,,
3HVH,equibind,scored,0.00108,gnina v1.3.3 master:6fe1ce2   Built Jun 30 2026.,static_crystal_polymer,,
3HVH,diffdock,scored,0.72399,gnina v1.3.3 master:6fe1ce2   Built Jun 30 2026.,static_crystal_polymer,,
3HV7,equibind,scored,0.76565,gnina v1.3.3 master:6fe1ce2   Built Jun 30 2026.,static_crystal_polymer,,
3HV7,diffdock,scored,0.84987,gnina v1.3.3 master:6fe1ce2   Built Jun 30 2026.,static_crystal_polymer,,
3HVK,equibind,scored,0.00678,gnina v1.3.3 master:6fe1ce2   Built Jun 30 2026.,static_crystal_polymer,,
3HVK,diffdock,scored,0.75422,gnina v1.3.3 master:6fe1ce2   Built Jun 30 2026.,static_crystal_polymer,,
3HV6,equibind,scored,0.30029,gnina v1.3.3 master:6fe1ce2   Built Jun 30 2026.,static_crystal_polymer,,
3HV6,diffdock,scored,0.63774,gnina v1.3.3 master:6fe1ce2   Built Jun 30 2026.,static_crystal_polymer,,
3HVJ,equibind,scored,3e-05,gnina v1.3.3 master:6fe1ce2   Built Jun 30 2026.,static_crystal_polymer,,
3HVJ,diffdock,scored,0.94054,gnina v1.3.3 master:6fe1ce2   Built Jun 30 2026.,static_crystal_polymer,,
3HX3,equibind,scored,0.46846,gnina v1.3.3 master:6fe1ce2   Built Jun 30 2026.,static_crystal_polymer,,
3HX3,diffdock,scored,0.51181,gnina v1.3.3 master:6fe1ce2   Built Jun 30 2026.,static_crystal_polymer,,
3HU3,equibind,scored,0.00401,gnina v1.3.3 master:6fe1ce2   Built Jun 30 2026.,static_crystal_polymer,,
3HU3,diffdock,scored,0.57542,gnina v1.3.3 master:6fe1ce2   Built Jun 30 2026.,static_crystal_polymer,,
3HY5,equibind,scored,0.13674,gnina v1.3.3 master:6fe1ce2   Built Jun 30 2026.,static_crystal_polymer,,
3HY5,diffdock,scored,0.32554,gnina v1.3.3 master:6fe1ce2   Built Jun 30 2026.,static_crystal_polymer,,
3HY7,equibind,scored,0.01313,gnina v1.3.3 master:6fe1ce2   Built Jun 30 2026.,static_crystal_polymer,,
3HY7,diffdock,scored,0.98213,gnina v1.3.3 master:6fe1ce2   Built Jun 30 2026.,static_crystal_polymer,,
3HXD,equibind,scored,0.0033,gnina v1.3.3 master:6fe1ce2   Built Jun 30 2026.,static_crystal_polymer,,
3HXD,diffdock,scored,0.25378,gnina v1.3.3 master:6fe1ce2   Built Jun 30 2026.,static_crystal_polymer,,
3HZM,equibind,scored,0.13604,gnina v1.3.3 master:6fe1ce2   Built Jun 30 2026.,static_crystal_polymer,,
3HZM,diffdock,scored,0.85134,gnina v1.3.3 master:6fe1ce2   Built Jun 30 2026.,static_crystal_polymer,,
3HXF,equibind,scored,1e-05,gnina v1.3.3 master:6fe1ce2   Built Jun 30 2026.,static_crystal_polymer,,
3HXF,diffdock,scored,0.50477,gnina v1.3.3 master:6fe1ce2   Built Jun 30 2026.,static_crystal_polymer,,
3HXB,equibind,scored,0.00668,gnina v1.3.3 master:6fe1ce2   Built Jun 30 2026.,static_crystal_polymer,,
3HXB,diffdock,scored,0.61118,gnina v1.3.3 master:6fe1ce2   Built Jun 30 2026.,static_crystal_polymer,,
3I1Y,equibind,scored,0.01542,gnina v1.3.3 master:6fe1ce2   Built Jun 30 2026.,static_crystal_polymer,,
3I1Y,diffdock,scored,0.95186,gnina v1.3.3 master:6fe1ce2   Built Jun 30 2026.,static_crystal_polymer,,
3HWW,equibind,scored,0.00059,gnina v1.3.3 master:6fe1ce2   Built Jun 30 2026.,static_crystal_polymer,,
3HWW,diffdock,scored,0.53333,gnina v1.3.3 master:6fe1ce2   Built Jun 30 2026.,static_crystal_polymer,,
3I0R,equibind,scored,0.00848,gnina v1.3.3 master:6fe1ce2   Built Jun 30 2026.,static_crystal_polymer,,
3I0R,diffdock,scored,0.46699,gnina v1.3.3 master:6fe1ce2   Built Jun 30 2026.,static_crystal_polymer,,
3I4A,equibind,scored,0.00207,gnina v1.3.3 master:6fe1ce2   Built Jun 30 2026.,static_crystal_polymer,,
3I4A,diffdock,scored,0.82762,gnina v1.3.3 master:6fe1ce2   Built Jun 30 2026.,static_crystal_polymer,,
3I4Y,equibind,scored,0.00051,gnina v1.3.3 master:6fe1ce2   Built Jun 30 2026.,static_crystal_polymer,,
3I4Y,diffdock,scored,0.79455,gnina v1.3.3 master:6fe1ce2   Built Jun 30 2026.,static_crystal_polymer,,
3I51,equibind,scored,2e-05,gnina v1.3.3 master:6fe1ce2   Built Jun 30 2026.,static_crystal_polymer,,
3I51,diffdock,scored,0.82571,gnina v1.3.3 master:6fe1ce2   Built Jun 30 2026.,static_crystal_polymer,,
3I6O,equibind,scored,0.0,gnina v1.3.3 master:6fe1ce2   Built Jun 30 2026.,static_crystal_polymer,,
3I6O,diffdock,scored,0.68757,gnina v1.3.3 master:6fe1ce2   Built Jun 30 2026.,static_crystal_polymer,,
3I0S,equibind,scored,0.14019,gnina v1.3.3 master:6fe1ce2   Built Jun 30 2026.,static_crystal_polymer,,
3I0S,diffdock,scored,0.34633,gnina v1.3.3 master:6fe1ce2   Built Jun 30 2026.,static_crystal_polymer,,
3I6M,equibind,scored,0.3795,gnina v1.3.3 master:6fe1ce2   Built Jun 30 2026.,static_crystal_polymer,,
3I6M,diffdock,scored,0.70163,gnina v1.3.3 master:6fe1ce2   Built Jun 30 2026.,static_crystal_polymer,,
3I6Z,equibind,scored,0.01246,gnina v1.3.3 master:6fe1ce2   Built Jun 30 2026.,static_crystal_polymer,,
3I6Z,diffdock,scored,0.5542,gnina v1.3.3 master:6fe1ce2   Built Jun 30 2026.,static_crystal_polymer,,
3I7G,equibind,scored,7e-05,gnina v1.3.3 master:6fe1ce2   Built Jun 30 2026.,static_crystal_polymer,,
3I7G,diffdock,scored,0.66796,gnina v1.3.3 master:6fe1ce2   Built Jun 30 2026.,static_crystal_polymer,,
3I73,equibind,scored,0.00177,gnina v1.3.3 master:6fe1ce2   Built Jun 30 2026.,static_crystal_polymer,,
3I73,diffdock,scored,0.14426,gnina v1.3.3 master:6fe1ce2   Built Jun 30 2026.,static_crystal_polymer,,
3I97,equibind,scored,0.05452,gnina v1.3.3 master:6fe1ce2   Built Jun 30 2026.,static_crystal_polymer,,
3I97,diffdock,scored,0.3951,gnina v1.3.3 master:6fe1ce2   Built Jun 30 2026.,static_crystal_polymer,,
3IBI,equibind,scored,0.03138,gnina v1.3.3 master:6fe1ce2   Built Jun 30 2026.,static_crystal_polymer,,
3IBI,diffdock,scored,0.92972,gnina v1.3.3 master:6fe1ce2   Built Jun 30 2026.,static_crystal_polymer,,
3IBN,equibind,scored,0.36855,gnina v1.3.3 master:6fe1ce2   Built Jun 30 2026.,static_crystal_polymer,,
3IBN,diffdock,scored,0.79472,gnina v1.3.3 master:6fe1ce2   Built Jun 30 2026.,static_crystal_polymer,,
3IBL,equibind,scored,0.68429,gnina v1.3.3 master:6fe1ce2   Built Jun 30 2026.,static_crystal_polymer,,
3IBL,diffdock,scored,0.61094,gnina v1.3.3 master:6fe1ce2   Built Jun 30 2026.,static_crystal_polymer,,
3I9G,equibind,scored,0.13801,gnina v1.3.3 master:6fe1ce2   Built Jun 30 2026.,static_crystal_polymer,,
3I9G,diffdock,scored,0.1887,gnina v1.3.3 master:6fe1ce2   Built Jun 30 2026.,static_crystal_polymer,,
3IA6,equibind,scored,0.00163,gnina v1.3.3 master:6fe1ce2   Built Jun 30 2026.,static_crystal_polymer,,
3IA6,diffdock,scored,0.92349,gnina v1.3.3 master:6fe1ce2   Built Jun 30 2026.,static_crystal_polymer,,
3IBU,equibind,scored,0.12739,gnina v1.3.3 master:6fe1ce2   Built Jun 30 2026.,static_crystal_polymer,,
3IBU,diffdock,scored,0.9392,gnina v1.3.3 master:6fe1ce2   Built Jun 30 2026.,static_crystal_polymer,,
3I25,equibind,scored,0.0,gnina v1.3.3 master:6fe1ce2   Built Jun 30 2026.,static_crystal_polymer,,
3I25,diffdock,scored,0.5599,gnina v1.3.3 master:6fe1ce2   Built Jun 30 2026.,static_crystal_polymer,,
3IEO,equibind,scored,0.34609,gnina v1.3.3 master:6fe1ce2   Built Jun 30 2026.,static_crystal_polymer,,
3IEO,diffdock,scored,0.07152,gnina v1.3.3 master:6fe1ce2   Built Jun 30 2026.,static_crystal_polymer,,
3IF7,equibind,scored,0.00093,gnina v1.3.3 master:6fe1ce2   Built Jun 30 2026.,static_crystal_polymer,,
3IF7,diffdock,scored,0.08227,gnina v1.3.3 master:6fe1ce2   Built Jun 30 2026.,static_crystal_polymer,,
3IG7,equibind,scored,0.35744,gnina v1.3.3 master:6fe1ce2   Built Jun 30 2026.,static_crystal_polymer,,
3IG7,diffdock,scored,0.53034,gnina v1.3.3 master:6fe1ce2   Built Jun 30 2026.,static_crystal_polymer,,
3IE3,equibind,scored,0.02244,gnina v1.3.3 master:6fe1ce2   Built Jun 30 2026.,static_crystal_polymer,,
3IE3,diffdock,scored,0.36437,gnina v1.3.3 master:6fe1ce2   Built Jun 30 2026.,static_crystal_polymer,,
3IGG,equibind,scored,0.53992,gnina v1.3.3 master:6fe1ce2   Built Jun 30 2026.,static_crystal_polymer,,
3IGG,diffdock,scored,0.97605,gnina v1.3.3 master:6fe1ce2   Built Jun 30 2026.,static_crystal_polymer,,
3IGP,equibind,scored,0.32645,gnina v1.3.3 master:6fe1ce2   Built Jun 30 2026.,static_crystal_polymer,,
3IGP,diffdock,scored,0.2704,gnina v1.3.3 master:6fe1ce2   Built Jun 30 2026.,static_crystal_polymer,,
3IIT,equibind,scored,0.06307,gnina v1.3.3 master:6fe1ce2   Built Jun 30 2026.,static_crystal_polymer,,
3IIT,diffdock,scored,0.95112,gnina v1.3.3 master:6fe1ce2   Built Jun 30 2026.,static_crystal_polymer,,
3IHZ,equibind,scored,0.14547,gnina v1.3.3 master:6fe1ce2   Built Jun 30 2026.,static_crystal_polymer,,
3IHZ,diffdock,scored,0.39462,gnina v1.3.3 master:6fe1ce2   Built Jun 30 2026.,static_crystal_polymer,,
3IG1,equibind,scored,0.54031,gnina v1.3.3 master:6fe1ce2   Built Jun 30 2026.,static_crystal_polymer,,
3IG1,diffdock,scored,0.89437,gnina v1.3.3 master:6fe1ce2   Built Jun 30 2026.,static_crystal_polymer,,
3IG6,equibind,scored,2e-05,gnina v1.3.3 master:6fe1ce2   Built Jun 30 2026.,static_crystal_polymer,,
3IG6,diffdock,scored,0.77248,gnina v1.3.3 master:6fe1ce2   Built Jun 30 2026.,static_crystal_polymer,,
3IJG,equibind,scored,0.00264,gnina v1.3.3 master:6fe1ce2   Built Jun 30 2026.,static_crystal_polymer,,
3IJG,diffdock,scored,0.20009,gnina v1.3.3 master:6fe1ce2   Built Jun 30 2026.,static_crystal_polymer,,
3IKD,equibind,scored,1e-05,gnina v1.3.3 master:6fe1ce2   Built Jun 30 2026.,static_crystal_polymer,,
3IKD,diffdock,scored,0.34875,gnina v1.3.3 master:6fe1ce2   Built Jun 30 2026.,static_crystal_polymer,,
3IL6,equibind,scored,0.10726,gnina v1.3.3 master:6fe1ce2   Built Jun 30 2026.,static_crystal_polymer,,
3IL6,diffdock,scored,0.65034,gnina v1.3.3 master:6fe1ce2   Built Jun 30 2026.,static_crystal_polymer,,
3IMY,diffdock,scored,0.97512,gnina v1.3.3 master:6fe1ce2   Built Jun 30 2026.,static_crystal_polymer,,
3GPJ,equibind,scored,0.23244,gnina v1.3.3 master:6fe1ce2   Built Jun 30 2026.,static_crystal_polymer,,
3I3B,equibind,scored,0.00116,gnina v1.3.3 master:6fe1ce2   Built Jun 30 2026.,static_crystal_polymer,,
3ILQ,equibind,scored,0.00307,gnina v1.3.3 master:6fe1ce2   Built Jun 30 2026.,static_crystal_polymer,,
3ILQ,diffdock,scored,0.53899,gnina v1.3.3 master:6fe1ce2   Built Jun 30 2026.,static_crystal_polymer,,
3IOF,equibind,scored,0.07447,gnina v1.3.3 master:6fe1ce2   Built Jun 30 2026.,static_crystal_polymer,,
3IOF,diffdock,scored,0.8113,gnina v1.3.3 master:6fe1ce2   Built Jun 30 2026.,static_crystal_polymer,,
3IMC,equibind,scored,0.00167,gnina v1.3.3 master:6fe1ce2   Built Jun 30 2026.,static_crystal_polymer,,
3IMC,diffdock,scored,0.90918,gnina v1.3.3 master:6fe1ce2   Built Jun 30 2026.,static_crystal_polymer,,
3IJH,equibind,scored,0.13936,gnina v1.3.3 master:6fe1ce2   Built Jun 30 2026.,static_crystal_polymer,,
3IJH,diffdock,scored,0.66845,gnina v1.3.3 master:6fe1ce2   Built Jun 30 2026.,static_crystal_polymer,,
3IOG,equibind,scored,0.15346,gnina v1.3.3 master:6fe1ce2   Built Jun 30 2026.,static_crystal_polymer,,
3IOG,diffdock,scored,0.54833,gnina v1.3.3 master:6fe1ce2   Built Jun 30 2026.,static_crystal_polymer,,
3IMG,equibind,scored,9e-05,gnina v1.3.3 master:6fe1ce2   Built Jun 30 2026.,static_crystal_polymer,,
3IMG,diffdock,scored,0.78311,gnina v1.3.3 master:6fe1ce2   Built Jun 30 2026.,static_crystal_polymer,,
3I3D,equibind,scored,0.39534,gnina v1.3.3 master:6fe1ce2   Built Jun 30 2026.,static_crystal_polymer,,
3IOI,equibind,scored,3e-05,gnina v1.3.3 master:6fe1ce2   Built Jun 30 2026.,static_crystal_polymer,,
3IOI,diffdock,scored,0.51696,gnina v1.3.3 master:6fe1ce2   Built Jun 30 2026.,static_crystal_polymer,,
3IP5,equibind,scored,0.06054,gnina v1.3.3 master:6fe1ce2   Built Jun 30 2026.,static_crystal_polymer,,
3IP5,diffdock,scored,0.1642,gnina v1.3.3 master:6fe1ce2   Built Jun 30 2026.,static_crystal_polymer,,
3IP6,equibind,scored,0.28904,gnina v1.3.3 master:6fe1ce2   Built Jun 30 2026.,static_crystal_polymer,,
3IP6,diffdock,scored,0.57462,gnina v1.3.3 master:6fe1ce2   Built Jun 30 2026.,static_crystal_polymer,,
3IP8,equibind,scored,0.25564,gnina v1.3.3 master:6fe1ce2   Built Jun 30 2026.,static_crystal_polymer,,
3IP8,diffdock,scored,0.82021,gnina v1.3.3 master:6fe1ce2   Built Jun 30 2026.,static_crystal_polymer,,
3IP9,equibind,scored,0.32607,gnina v1.3.3 master:6fe1ce2   Built Jun 30 2026.,static_crystal_polymer,,
3IP9,diffdock,scored,0.32654,gnina v1.3.3 master:6fe1ce2   Built Jun 30 2026.,static_crystal_polymer,,
3IPA,equibind,scored,0.1095,gnina v1.3.3 master:6fe1ce2   Built Jun 30 2026.,static_crystal_polymer,,
3IPA,diffdock,scored,0.07271,gnina v1.3.3 master:6fe1ce2   Built Jun 30 2026.,static_crystal_polymer,,
3IPX,equibind,scored,0.05665,gnina v1.3.3 master:6fe1ce2   Built Jun 30 2026.,static_crystal_polymer,,
3IPX,diffdock,scored,0.84141,gnina v1.3.3 master:6fe1ce2   Built Jun 30 2026.,static_crystal_polymer,,
3IPH,equibind,scored,0.62324,gnina v1.3.3 master:6fe1ce2   Built Jun 30 2026.,static_crystal_polymer,,
3IPH,diffdock,scored,0.76144,gnina v1.3.3 master:6fe1ce2   Built Jun 30 2026.,static_crystal_polymer,,
3ITC,equibind,scored,0.30989,gnina v1.3.3 master:6fe1ce2   Built Jun 30 2026.,static_crystal_polymer,,
3ITC,diffdock,scored,0.87998,gnina v1.3.3 master:6fe1ce2   Built Jun 30 2026.,static_crystal_polymer,,
3IPS,equibind,scored,0.0,gnina v1.3.3 master:6fe1ce2   Built Jun 30 2026.,static_crystal_polymer,,
3IPS,diffdock,scored,0.87606,gnina v1.3.3 master:6fe1ce2   Built Jun 30 2026.,static_crystal_polymer,,
3IU7,equibind,scored,0.6498,gnina v1.3.3 master:6fe1ce2   Built Jun 30 2026.,static_crystal_polymer,,
3IU7,diffdock,scored,0.96163,gnina v1.3.3 master:6fe1ce2   Built Jun 30 2026.,static_crystal_polymer,,
3IRX,equibind,scored,0.00786,gnina v1.3.3 master:6fe1ce2   Built Jun 30 2026.,static_crystal_polymer,,
3IRX,diffdock,scored,0.26406,gnina v1.3.3 master:6fe1ce2   Built Jun 30 2026.,static_crystal_polymer,,
3IU9,equibind,scored,0.12425,gnina v1.3.3 master:6fe1ce2   Built Jun 30 2026.,static_crystal_polymer,,
3IU9,diffdock,scored,0.6769,gnina v1.3.3 master:6fe1ce2   Built Jun 30 2026.,static_crystal_polymer,,
3IL5,equibind,scored,0.00023,gnina v1.3.3 master:6fe1ce2   Built Jun 30 2026.,static_crystal_polymer,,
3IL5,diffdock,scored,0.51526,gnina v1.3.3 master:6fe1ce2   Built Jun 30 2026.,static_crystal_polymer,,
3IUT,equibind,scored,0.06984,gnina v1.3.3 master:6fe1ce2   Built Jun 30 2026.,static_crystal_polymer,,
3IUT,diffdock,scored,0.80203,gnina v1.3.3 master:6fe1ce2   Built Jun 30 2026.,static_crystal_polymer,,
3IUC,equibind,scored,0.00014,gnina v1.3.3 master:6fe1ce2   Built Jun 30 2026.,static_crystal_polymer,,
3IUC,diffdock,scored,0.52038,gnina v1.3.3 master:6fe1ce2   Built Jun 30 2026.,static_crystal_polymer,,
3IVH,equibind,scored,1e-05,gnina v1.3.3 master:6fe1ce2   Built Jun 30 2026.,static_crystal_polymer,,
3IVH,diffdock,scored,0.98188,gnina v1.3.3 master:6fe1ce2   Built Jun 30 2026.,static_crystal_polymer,,
3IVC,equibind,scored,0.00019,gnina v1.3.3 master:6fe1ce2   Built Jun 30 2026.,static_crystal_polymer,,
3IVC,diffdock,scored,0.96093,gnina v1.3.3 master:6fe1ce2   Built Jun 30 2026.,static_crystal_polymer,,
3IVG,equibind,scored,0.00794,gnina v1.3.3 master:6fe1ce2   Built Jun 30 2026.,static_crystal_polymer,,
3IVG,diffdock,scored,0.74809,gnina v1.3.3 master:6fe1ce2   Built Jun 30 2026.,static_crystal_polymer,,
3IVX,equibind,scored,0.00029,gnina v1.3.3 master:6fe1ce2   Built Jun 30 2026.,static_crystal_polymer,,
3IVX,diffdock,scored,0.82065,gnina v1.3.3 master:6fe1ce2   Built Jun 30 2026.,static_crystal_polymer,,
3IW8,equibind,scored,0.0021,gnina v1.3.3 master:6fe1ce2   Built Jun 30 2026.,static_crystal_polymer,,
3IW8,diffdock,scored,0.93146,gnina v1.3.3 master:6fe1ce2   Built Jun 30 2026.,static_crystal_polymer,,
3IW7,equibind,scored,0.00096,gnina v1.3.3 master:6fe1ce2   Built Jun 30 2026.,static_crystal_polymer,,
3IW7,diffdock,scored,0.71041,gnina v1.3.3 master:6fe1ce2   Built Jun 30 2026.,static_crystal_polymer,,
3IW5,equibind,scored,0.09235,gnina v1.3.3 master:6fe1ce2   Built Jun 30 2026.,static_crystal_polymer,,
3IW5,diffdock,scored,0.6136,gnina v1.3.3 master:6fe1ce2   Built Jun 30 2026.,static_crystal_polymer,,
3ITH,equibind,scored,0.00152,gnina v1.3.3 master:6fe1ce2   Built Jun 30 2026.,static_crystal_polymer,,
3ITH,diffdock,scored,0.72348,gnina v1.3.3 master:6fe1ce2   Built Jun 30 2026.,static_crystal_polymer,,
3JDW,equibind,scored,0.63703,gnina v1.3.3 master:6fe1ce2   Built Jun 30 2026.,static_crystal_polymer,,
3JDW,diffdock,scored,0.91214,gnina v1.3.3 master:6fe1ce2   Built Jun 30 2026.,static_crystal_polymer,,
3HU2,equibind,scored,0.00826,gnina v1.3.3 master:6fe1ce2   Built Jun 30 2026.,static_crystal_polymer,,
3HU2,diffdock,scored,0.62101,gnina v1.3.3 master:6fe1ce2   Built Jun 30 2026.,static_crystal_polymer,,
3IWW,equibind,scored,0.00076,gnina v1.3.3 master:6fe1ce2   Built Jun 30 2026.,static_crystal_polymer,,
3IWW,diffdock,scored,0.90533,gnina v1.3.3 master:6fe1ce2   Built Jun 30 2026.,static_crystal_polymer,,
3HU1,equibind,scored,0.0004,gnina v1.3.3 master:6fe1ce2   Built Jun 30 2026.,static_crystal_polymer,,
3HU1,diffdock,scored,0.80288,gnina v1.3.3 master:6fe1ce2   Built Jun 30 2026.,static_crystal_polymer,,
3ITU,equibind,scored,0.00891,gnina v1.3.3 master:6fe1ce2   Built Jun 30 2026.,static_crystal_polymer,,
3ITU,diffdock,scored,0.95984,gnina v1.3.3 master:6fe1ce2   Built Jun 30 2026.,static_crystal_polymer,,
3IW4,equibind,scored,6e-05,gnina v1.3.3 master:6fe1ce2   Built Jun 30 2026.,static_crystal_polymer,,
3IW4,diffdock,scored,0.51564,gnina v1.3.3 master:6fe1ce2   Built Jun 30 2026.,static_crystal_polymer,,
3JRX,equibind,scored,0.0005,gnina v1.3.3 master:6fe1ce2   Built Jun 30 2026.,static_crystal_polymer,,
3JRX,diffdock,scored,0.2349,gnina v1.3.3 master:6fe1ce2   Built Jun 30 2026.,static_crystal_polymer,,
3JQA,equibind,scored,0.00259,gnina v1.3.3 master:6fe1ce2   Built Jun 30 2026.,static_crystal_polymer,,
3JQA,diffdock,scored,0.5448,gnina v1.3.3 master:6fe1ce2   Built Jun 30 2026.,static_crystal_polymer,,
3JRS,equibind,scored,0.00025,gnina v1.3.3 master:6fe1ce2   Built Jun 30 2026.,static_crystal_polymer,,
3JRS,diffdock,scored,0.77023,gnina v1.3.3 master:6fe1ce2   Built Jun 30 2026.,static_crystal_polymer,,
3JQB,equibind,scored,0.00504,gnina v1.3.3 master:6fe1ce2   Built Jun 30 2026.,static_crystal_polymer,,
3JQB,diffdock,scored,0.87405,gnina v1.3.3 master:6fe1ce2   Built Jun 30 2026.,static_crystal_polymer,,
3JQG,equibind,scored,0.12376,gnina v1.3.3 master:6fe1ce2   Built Jun 30 2026.,static_crystal_polymer,,
3JQG,diffdock,scored,0.499,gnina v1.3.3 master:6fe1ce2   Built Jun 30 2026.,static_crystal_polymer,,
3JSI,equibind,scored,0.03249,gnina v1.3.3 master:6fe1ce2   Built Jun 30 2026.,static_crystal_polymer,,
3JSI,diffdock,scored,0.92415,gnina v1.3.3 master:6fe1ce2   Built Jun 30 2026.,static_crystal_polymer,,
3JZB,diffdock,scored,0.49347,gnina v1.3.3 master:6fe1ce2   Built Jun 30 2026.,static_crystal_polymer,,
3JY0,equibind,scored,0.16435,gnina v1.3.3 master:6fe1ce2   Built Jun 30 2026.,static_crystal_polymer,,
3JY0,diffdock,scored,0.47481,gnina v1.3.3 master:6fe1ce2   Built Jun 30 2026.,static_crystal_polymer,,
3JQ9,equibind,scored,0.27117,gnina v1.3.3 master:6fe1ce2   Built Jun 30 2026.,static_crystal_polymer,,
3JQ9,diffdock,scored,0.69378,gnina v1.3.3 master:6fe1ce2   Built Jun 30 2026.,static_crystal_polymer,,
3JZC,diffdock,scored,0.93431,gnina v1.3.3 master:6fe1ce2   Built Jun 30 2026.,static_crystal_polymer,,
3JQ7,equibind,scored,0.0429,gnina v1.3.3 master:6fe1ce2   Built Jun 30 2026.,static_crystal_polymer,,
3JQ7,diffdock,scored,0.57438,gnina v1.3.3 master:6fe1ce2   Built Jun 30 2026.,static_crystal_polymer,,
3JSW,equibind,scored,0.00124,gnina v1.3.3 master:6fe1ce2   Built Jun 30 2026.,static_crystal_polymer,,
3JSW,diffdock,scored,0.77157,gnina v1.3.3 master:6fe1ce2   Built Jun 30 2026.,static_crystal_polymer,,
3JYJ,equibind,scored,6e-05,gnina v1.3.3 master:6fe1ce2   Built Jun 30 2026.,static_crystal_polymer,,
3JYJ,diffdock,scored,0.93037,gnina v1.3.3 master:6fe1ce2   Built Jun 30 2026.,static_crystal_polymer,,
3JZK,equibind,scored,0.00022,gnina v1.3.3 master:6fe1ce2   Built Jun 30 2026.,static_crystal_polymer,,
3JZK,diffdock,scored,0.03453,gnina v1.3.3 master:6fe1ce2   Built Jun 30 2026.,static_crystal_polymer,,
3K02,equibind,scored,2e-05,gnina v1.3.3 master:6fe1ce2   Built Jun 30 2026.,static_crystal_polymer,,
3K02,diffdock,scored,0.61827,gnina v1.3.3 master:6fe1ce2   Built Jun 30 2026.,static_crystal_polymer,,
3JZF,equibind,scored,0.12082,gnina v1.3.3 master:6fe1ce2   Built Jun 30 2026.,static_crystal_polymer,,
3JZF,diffdock,scored,0.80537,gnina v1.3.3 master:6fe1ce2   Built Jun 30 2026.,static_crystal_polymer,,
3K3G,equibind,scored,0.00067,gnina v1.3.3 master:6fe1ce2   Built Jun 30 2026.,static_crystal_polymer,,
3K3G,diffdock,scored,0.82826,gnina v1.3.3 master:6fe1ce2   Built Jun 30 2026.,static_crystal_polymer,,
3K37,equibind,scored,0.2448,gnina v1.3.3 master:6fe1ce2   Built Jun 30 2026.,static_crystal_polymer,,
3K37,diffdock,scored,0.96958,gnina v1.3.3 master:6fe1ce2   Built Jun 30 2026.,static_crystal_polymer,,
3K23,equibind,scored,0.00095,gnina v1.3.3 master:6fe1ce2   Built Jun 30 2026.,static_crystal_polymer,,
3K23,diffdock,scored,0.50696,gnina v1.3.3 master:6fe1ce2   Built Jun 30 2026.,static_crystal_polymer,,
3JUK,equibind,scored,0.0,gnina v1.3.3 master:6fe1ce2   Built Jun 30 2026.,static_crystal_polymer,,
3JUK,diffdock,scored,0.55592,gnina v1.3.3 master:6fe1ce2   Built Jun 30 2026.,static_crystal_polymer,,
3K22,equibind,scored,0.18666,gnina v1.3.3 master:6fe1ce2   Built Jun 30 2026.,static_crystal_polymer,,
3K22,diffdock,scored,0.86839,gnina v1.3.3 master:6fe1ce2   Built Jun 30 2026.,static_crystal_polymer,,
3K3I,equibind,scored,0.28361,gnina v1.3.3 master:6fe1ce2   Built Jun 30 2026.,static_crystal_polymer,,
3K3I,diffdock,scored,0.62931,gnina v1.3.3 master:6fe1ce2   Built Jun 30 2026.,static_crystal_polymer,,
3K41,equibind,scored,0.28835,gnina v1.3.3 master:6fe1ce2   Built Jun 30 2026.,static_crystal_polymer,,
3K41,diffdock,scored,0.43794,gnina v1.3.3 master:6fe1ce2   Built Jun 30 2026.,static_crystal_polymer,,
3K3B,equibind,scored,0.01029,gnina v1.3.3 master:6fe1ce2   Built Jun 30 2026.,static_crystal_polymer,,
3K3B,diffdock,scored,0.60011,gnina v1.3.3 master:6fe1ce2   Built Jun 30 2026.,static_crystal_polymer,,
3K54,equibind,scored,0.6633,gnina v1.3.3 master:6fe1ce2   Built Jun 30 2026.,static_crystal_polymer,,
3K54,diffdock,scored,0.11773,gnina v1.3.3 master:6fe1ce2   Built Jun 30 2026.,static_crystal_polymer,,
3JWQ,equibind,scored,0.02721,gnina v1.3.3 master:6fe1ce2   Built Jun 30 2026.,static_crystal_polymer,,
3JWQ,diffdock,scored,0.37897,gnina v1.3.3 master:6fe1ce2   Built Jun 30 2026.,static_crystal_polymer,,
3K5K,equibind,scored,0.00688,gnina v1.3.3 master:6fe1ce2   Built Jun 30 2026.,static_crystal_polymer,,
3K5K,diffdock,scored,0.64235,gnina v1.3.3 master:6fe1ce2   Built Jun 30 2026.,static_crystal_polymer,,
3K5U,equibind,scored,0.21879,gnina v1.3.3 master:6fe1ce2   Built Jun 30 2026.,static_crystal_polymer,,
3K5U,diffdock,scored,0.83682,gnina v1.3.3 master:6fe1ce2   Built Jun 30 2026.,static_crystal_polymer,,
3K5D,equibind,scored,0.00106,gnina v1.3.3 master:6fe1ce2   Built Jun 30 2026.,static_crystal_polymer,,
3K5D,diffdock,scored,0.07182,gnina v1.3.3 master:6fe1ce2   Built Jun 30 2026.,static_crystal_polymer,,
3K5F,equibind,scored,5e-05,gnina v1.3.3 master:6fe1ce2   Built Jun 30 2026.,static_crystal_polymer,,
3K5F,diffdock,scored,0.75806,gnina v1.3.3 master:6fe1ce2   Built Jun 30 2026.,static_crystal_polymer,,
3K4D,equibind,scored,0.00289,gnina v1.3.3 master:6fe1ce2   Built Jun 30 2026.,static_crystal_polymer,,
3K4D,diffdock,scored,0.71167,gnina v1.3.3 master:6fe1ce2   Built Jun 30 2026.,static_crystal_polymer,,
3K5G,equibind,scored,0.00053,gnina v1.3.3 master:6fe1ce2   Built Jun 30 2026.,static_crystal_polymer,,
3K5G,diffdock,scored,0.9349,gnina v1.3.3 master:6fe1ce2   Built Jun 30 2026.,static_crystal_polymer,,
3K5X,equibind,scored,0.70299,gnina v1.3.3 master:6fe1ce2   Built Jun 30 2026.,static_crystal_polymer,,
3K5X,diffdock,scored,0.97123,gnina v1.3.3 master:6fe1ce2   Built Jun 30 2026.,static_crystal_polymer,,
3K8C,equibind,scored,0.05414,gnina v1.3.3 master:6fe1ce2   Built Jun 30 2026.,static_crystal_polymer,,
3K8C,diffdock,scored,0.74222,gnina v1.3.3 master:6fe1ce2   Built Jun 30 2026.,static_crystal_polymer,,
3K5I,equibind,scored,0.00016,gnina v1.3.3 master:6fe1ce2   Built Jun 30 2026.,static_crystal_polymer,,
3K5I,diffdock,scored,0.76075,gnina v1.3.3 master:6fe1ce2   Built Jun 30 2026.,static_crystal_polymer,,
3KAC,equibind,scored,0.00567,gnina v1.3.3 master:6fe1ce2   Built Jun 30 2026.,static_crystal_polymer,,
3KAC,diffdock,scored,0.87214,gnina v1.3.3 master:6fe1ce2   Built Jun 30 2026.,static_crystal_polymer,,
3K7F,equibind,scored,0.0149,gnina v1.3.3 master:6fe1ce2   Built Jun 30 2026.,static_crystal_polymer,,
3K7F,diffdock,scored,0.2692,gnina v1.3.3 master:6fe1ce2   Built Jun 30 2026.,static_crystal_polymer,,
3K83,equibind,scored,0.11152,gnina v1.3.3 master:6fe1ce2   Built Jun 30 2026.,static_crystal_polymer,,
3K83,diffdock,scored,0.41614,gnina v1.3.3 master:6fe1ce2   Built Jun 30 2026.,static_crystal_polymer,,
3KAD,equibind,scored,0.17361,gnina v1.3.3 master:6fe1ce2   Built Jun 30 2026.,static_crystal_polymer,,
3KAD,diffdock,scored,0.11105,gnina v1.3.3 master:6fe1ce2   Built Jun 30 2026.,static_crystal_polymer,,
3K84,equibind,scored,0.00157,gnina v1.3.3 master:6fe1ce2   Built Jun 30 2026.,static_crystal_polymer,,
3K84,diffdock,scored,0.33249,gnina v1.3.3 master:6fe1ce2   Built Jun 30 2026.,static_crystal_polymer,,
3K8D,equibind,scored,0.00054,gnina v1.3.3 master:6fe1ce2   Built Jun 30 2026.,static_crystal_polymer,,
3K8D,diffdock,scored,0.37321,gnina v1.3.3 master:6fe1ce2   Built Jun 30 2026.,static_crystal_polymer,,
3KAG,equibind,scored,0.00324,gnina v1.3.3 master:6fe1ce2   Built Jun 30 2026.,static_crystal_polymer,,
3KAG,diffdock,scored,0.83891,gnina v1.3.3 master:6fe1ce2   Built Jun 30 2026.,static_crystal_polymer,,
3KB7,equibind,scored,0.50956,gnina v1.3.3 master:6fe1ce2   Built Jun 30 2026.,static_crystal_polymer,,
3KB7,diffdock,scored,0.65365,gnina v1.3.3 master:6fe1ce2   Built Jun 30 2026.,static_crystal_polymer,,
3K99,equibind,scored,0.0002,gnina v1.3.3 master:6fe1ce2   Built Jun 30 2026.,static_crystal_polymer,,
3K99,diffdock,scored,0.75981,gnina v1.3.3 master:6fe1ce2   Built Jun 30 2026.,static_crystal_polymer,,
3KDC,equibind,scored,0.09152,gnina v1.3.3 master:6fe1ce2   Built Jun 30 2026.,static_crystal_polymer,,
3KDC,diffdock,scored,0.72215,gnina v1.3.3 master:6fe1ce2   Built Jun 30 2026.,static_crystal_polymer,,
3KB3,equibind,scored,0.0783,gnina v1.3.3 master:6fe1ce2   Built Jun 30 2026.,static_crystal_polymer,,
3KB3,diffdock,scored,0.7055,gnina v1.3.3 master:6fe1ce2   Built Jun 30 2026.,static_crystal_polymer,,
3KDT,equibind,scored,3e-05,gnina v1.3.3 master:6fe1ce2   Built Jun 30 2026.,static_crystal_polymer,,
3KDT,diffdock,scored,0.78919,gnina v1.3.3 master:6fe1ce2   Built Jun 30 2026.,static_crystal_polymer,,
3KEC,equibind,scored,0.00472,gnina v1.3.3 master:6fe1ce2   Built Jun 30 2026.,static_crystal_polymer,,
3KEC,diffdock,scored,0.72189,gnina v1.3.3 master:6fe1ce2   Built Jun 30 2026.,static_crystal_polymer,,
3KDM,equibind,scored,0.10042,gnina v1.3.3 master:6fe1ce2   Built Jun 30 2026.,static_crystal_polymer,,
3KDM,diffdock,scored,0.45459,gnina v1.3.3 master:6fe1ce2   Built Jun 30 2026.,static_crystal_polymer,,
3KEJ,equibind,scored,0.0,gnina v1.3.3 master:6fe1ce2   Built Jun 30 2026.,static_crystal_polymer,,
3KEJ,diffdock,scored,0.63735,gnina v1.3.3 master:6fe1ce2   Built Jun 30 2026.,static_crystal_polymer,,
3KED,equibind,scored,0.75468,gnina v1.3.3 master:6fe1ce2   Built Jun 30 2026.,static_crystal_polymer,,
3KED,diffdock,scored,0.49735,gnina v1.3.3 master:6fe1ce2   Built Jun 30 2026.,static_crystal_polymer,,
3K8O,equibind,scored,0.00063,gnina v1.3.3 master:6fe1ce2   Built Jun 30 2026.,static_crystal_polymer,,
3K8O,diffdock,scored,0.66433,gnina v1.3.3 master:6fe1ce2   Built Jun 30 2026.,static_crystal_polymer,,
3ISS,equibind,scored,0.00155,gnina v1.3.3 master:6fe1ce2   Built Jun 30 2026.,static_crystal_polymer,,
3KF7,equibind,scored,0.02183,gnina v1.3.3 master:6fe1ce2   Built Jun 30 2026.,static_crystal_polymer,,
3KF7,diffdock,scored,0.06843,gnina v1.3.3 master:6fe1ce2   Built Jun 30 2026.,static_crystal_polymer,,
3KEK,equibind,scored,0.00103,gnina v1.3.3 master:6fe1ce2   Built Jun 30 2026.,static_crystal_polymer,,
3KEK,diffdock,scored,0.89276,gnina v1.3.3 master:6fe1ce2   Built Jun 30 2026.,static_crystal_polymer,,
3KGA,equibind,scored,0.0394,gnina v1.3.3 master:6fe1ce2   Built Jun 30 2026.,static_crystal_polymer,,
3KGA,diffdock,scored,0.76602,gnina v1.3.3 master:6fe1ce2   Built Jun 30 2026.,static_crystal_polymer,,
3KGQ,equibind,scored,0.03716,gnina v1.3.3 master:6fe1ce2   Built Jun 30 2026.,static_crystal_polymer,,
3KGQ,diffdock,scored,0.87555,gnina v1.3.3 master:6fe1ce2   Built Jun 30 2026.,static_crystal_polymer,,
3KIV,equibind,scored,0.21121,gnina v1.3.3 master:6fe1ce2   Built Jun 30 2026.,static_crystal_polymer,,
3KIV,diffdock,scored,0.58846,gnina v1.3.3 master:6fe1ce2   Built Jun 30 2026.,static_crystal_polymer,,
3KHV,equibind,scored,0.75944,gnina v1.3.3 master:6fe1ce2   Built Jun 30 2026.,static_crystal_polymer,,
3KHV,diffdock,scored,0.82702,gnina v1.3.3 master:6fe1ce2   Built Jun 30 2026.,static_crystal_polymer,,
3KBZ,equibind,scored,0.22594,gnina v1.3.3 master:6fe1ce2   Built Jun 30 2026.,static_crystal_polymer,,
3KBZ,diffdock,scored,0.86327,gnina v1.3.3 master:6fe1ce2   Built Jun 30 2026.,static_crystal_polymer,,
3KIG,equibind,scored,0.53421,gnina v1.3.3 master:6fe1ce2   Built Jun 30 2026.,static_crystal_polymer,,
3KIG,diffdock,scored,0.78279,gnina v1.3.3 master:6fe1ce2   Built Jun 30 2026.,static_crystal_polymer,,
3KJF,equibind,scored,0.00063,gnina v1.3.3 master:6fe1ce2   Built Jun 30 2026.,static_crystal_polymer,,
3KJF,diffdock,scored,0.35544,gnina v1.3.3 master:6fe1ce2   Built Jun 30 2026.,static_crystal_polymer,,
3KJN,equibind,scored,0.11175,gnina v1.3.3 master:6fe1ce2   Built Jun 30 2026.,static_crystal_polymer,,
3KJN,diffdock,scored,0.26963,gnina v1.3.3 master:6fe1ce2   Built Jun 30 2026.,static_crystal_polymer,,
3KKU,equibind,scored,0.03401,gnina v1.3.3 master:6fe1ce2   Built Jun 30 2026.,static_crystal_polymer,,
3KKU,diffdock,scored,0.21047,gnina v1.3.3 master:6fe1ce2   Built Jun 30 2026.,static_crystal_polymer,,
3KJQ,equibind,scored,0.43062,gnina v1.3.3 master:6fe1ce2   Built Jun 30 2026.,static_crystal_polymer,,
3KJQ,diffdock,scored,0.57413,gnina v1.3.3 master:6fe1ce2   Built Jun 30 2026.,static_crystal_polymer,,
3KL6,equibind,scored,0.00936,gnina v1.3.3 master:6fe1ce2   Built Jun 30 2026.,static_crystal_polymer,,
3KL6,diffdock,scored,0.89705,gnina v1.3.3 master:6fe1ce2   Built Jun 30 2026.,static_crystal_polymer,,
3KJD,equibind,scored,0.57034,gnina v1.3.3 master:6fe1ce2   Built Jun 30 2026.,static_crystal_polymer,,
3KJD,diffdock,scored,0.97434,gnina v1.3.3 master:6fe1ce2   Built Jun 30 2026.,static_crystal_polymer,,
3KFC,equibind,scored,0.19425,gnina v1.3.3 master:6fe1ce2   Built Jun 30 2026.,static_crystal_polymer,,
3KFC,diffdock,scored,0.70152,gnina v1.3.3 master:6fe1ce2   Built Jun 30 2026.,static_crystal_polymer,,
3KMC,equibind,scored,4e-05,gnina v1.3.3 master:6fe1ce2   Built Jun 30 2026.,static_crystal_polymer,,
3KMC,diffdock,scored,0.88459,gnina v1.3.3 master:6fe1ce2   Built Jun 30 2026.,static_crystal_polymer,,
3KME,equibind,scored,0.00668,gnina v1.3.3 master:6fe1ce2   Built Jun 30 2026.,static_crystal_polymer,,
3KME,diffdock,scored,0.79882,gnina v1.3.3 master:6fe1ce2   Built Jun 30 2026.,static_crystal_polymer,,
3KC3,equibind,scored,0.66198,gnina v1.3.3 master:6fe1ce2   Built Jun 30 2026.,static_crystal_polymer,,
3KPU,equibind,scored,0.00283,gnina v1.3.3 master:6fe1ce2   Built Jun 30 2026.,static_crystal_polymer,,
3KPU,diffdock,scored,0.74133,gnina v1.3.3 master:6fe1ce2   Built Jun 30 2026.,static_crystal_polymer,,
3KQB,equibind,scored,0.17181,gnina v1.3.3 master:6fe1ce2   Built Jun 30 2026.,static_crystal_polymer,,
3KQB,diffdock,scored,0.56197,gnina v1.3.3 master:6fe1ce2   Built Jun 30 2026.,static_crystal_polymer,,
3KPV,equibind,scored,0.00171,gnina v1.3.3 master:6fe1ce2   Built Jun 30 2026.,static_crystal_polymer,,
3KPV,diffdock,scored,0.65686,gnina v1.3.3 master:6fe1ce2   Built Jun 30 2026.,static_crystal_polymer,,
3KQD,equibind,scored,0.06843,gnina v1.3.3 master:6fe1ce2   Built Jun 30 2026.,static_crystal_polymer,,
3KQD,diffdock,scored,0.44364,gnina v1.3.3 master:6fe1ce2   Built Jun 30 2026.,static_crystal_polymer,,
3KMY,equibind,scored,8e-05,gnina v1.3.3 master:6fe1ce2   Built Jun 30 2026.,static_crystal_polymer,,
3KMY,diffdock,scored,0.80967,gnina v1.3.3 master:6fe1ce2   Built Jun 30 2026.,static_crystal_polymer,,
3KQC,equibind,scored,0.28412,gnina v1.3.3 master:6fe1ce2   Built Jun 30 2026.,static_crystal_polymer,,
3KQC,diffdock,scored,0.51654,gnina v1.3.3 master:6fe1ce2   Built Jun 30 2026.,static_crystal_polymer,,
3KPW,equibind,scored,0.01163,gnina v1.3.3 master:6fe1ce2   Built Jun 30 2026.,static_crystal_polymer,,
3KPW,diffdock,scored,0.64146,gnina v1.3.3 master:6fe1ce2   Built Jun 30 2026.,static_crystal_polymer,,
3KQE,equibind,scored,0.0238,gnina v1.3.3 master:6fe1ce2   Built Jun 30 2026.,static_crystal_polymer,,
3KQE,diffdock,scored,0.59051,gnina v1.3.3 master:6fe1ce2   Built Jun 30 2026.,static_crystal_polymer,,
3KQM,equibind,scored,0.01513,gnina v1.3.3 master:6fe1ce2   Built Jun 30 2026.,static_crystal_polymer,,
3KQM,diffdock,scored,0.67181,gnina v1.3.3 master:6fe1ce2   Built Jun 30 2026.,static_crystal_polymer,,
3KR0,equibind,scored,0.22515,gnina v1.3.3 master:6fe1ce2   Built Jun 30 2026.,static_crystal_polymer,,
3KR0,diffdock,scored,0.67239,gnina v1.3.3 master:6fe1ce2   Built Jun 30 2026.,static_crystal_polymer,,
3KQY,equibind,scored,0.38829,gnina v1.3.3 master:6fe1ce2   Built Jun 30 2026.,static_crystal_polymer,,
3KQY,diffdock,scored,0.2543,gnina v1.3.3 master:6fe1ce2   Built Jun 30 2026.,static_crystal_polymer,,
3KQP,equibind,scored,0.02096,gnina v1.3.3 master:6fe1ce2   Built Jun 30 2026.,static_crystal_polymer,,
3KQP,diffdock,scored,0.67576,gnina v1.3.3 master:6fe1ce2   Built Jun 30 2026.,static_crystal_polymer,,
3KR1,equibind,scored,0.06225,gnina v1.3.3 master:6fe1ce2   Built Jun 30 2026.,static_crystal_polymer,,
3KR1,diffdock,scored,0.79412,gnina v1.3.3 master:6fe1ce2   Built Jun 30 2026.,static_crystal_polymer,,
3KRL,equibind,scored,0.24777,gnina v1.3.3 master:6fe1ce2   Built Jun 30 2026.,static_crystal_polymer,,
3KRL,diffdock,scored,0.22729,gnina v1.3.3 master:6fe1ce2   Built Jun 30 2026.,static_crystal_polymer,,
3KR8,equibind,scored,0.44424,gnina v1.3.3 master:6fe1ce2   Built Jun 30 2026.,static_crystal_polymer,,
3KR8,diffdock,scored,0.87993,gnina v1.3.3 master:6fe1ce2   Built Jun 30 2026.,static_crystal_polymer,,
3KR2,equibind,scored,0.00301,gnina v1.3.3 master:6fe1ce2   Built Jun 30 2026.,static_crystal_polymer,,
3KR2,diffdock,scored,0.6556,gnina v1.3.3 master:6fe1ce2   Built Jun 30 2026.,static_crystal_polymer,,
3KW9,equibind,scored,0.15392,gnina v1.3.3 master:6fe1ce2   Built Jun 30 2026.,static_crystal_polymer,,
3KW9,diffdock,scored,0.09969,gnina v1.3.3 master:6fe1ce2   Built Jun 30 2026.,static_crystal_polymer,,
3KV2,equibind,scored,0.41519,gnina v1.3.3 master:6fe1ce2   Built Jun 30 2026.,static_crystal_polymer,,
3KV2,diffdock,scored,0.81525,gnina v1.3.3 master:6fe1ce2   Built Jun 30 2026.,static_crystal_polymer,,
3KQA,equibind,scored,0.00487,gnina v1.3.3 master:6fe1ce2   Built Jun 30 2026.,static_crystal_polymer,,
3KQA,diffdock,scored,0.58024,gnina v1.3.3 master:6fe1ce2   Built Jun 30 2026.,static_crystal_polymer,,
3KWA,equibind,scored,0.02926,gnina v1.3.3 master:6fe1ce2   Built Jun 30 2026.,static_crystal_polymer,,
3KWA,diffdock,scored,0.52031,gnina v1.3.3 master:6fe1ce2   Built Jun 30 2026.,static_crystal_polymer,,
3KQR,equibind,scored,0.46768,gnina v1.3.3 master:6fe1ce2   Built Jun 30 2026.,static_crystal_polymer,,
3KQR,diffdock,scored,0.85017,gnina v1.3.3 master:6fe1ce2   Built Jun 30 2026.,static_crystal_polymer,,
3KWZ,equibind,scored,0.0002,gnina v1.3.3 master:6fe1ce2   Built Jun 30 2026.,static_crystal_polymer,,
3KWZ,diffdock,scored,0.52164,gnina v1.3.3 master:6fe1ce2   Built Jun 30 2026.,static_crystal_polymer,,
3KSQ,equibind,scored,0.04075,gnina v1.3.3 master:6fe1ce2   Built Jun 30 2026.,static_crystal_polymer,,
3KSQ,diffdock,scored,0.02305,gnina v1.3.3 master:6fe1ce2   Built Jun 30 2026.,static_crystal_polymer,,
3KX1,equibind,scored,0.0044,gnina v1.3.3 master:6fe1ce2   Built Jun 30 2026.,static_crystal_polymer,,
3KX1,diffdock,scored,0.56029,gnina v1.3.3 master:6fe1ce2   Built Jun 30 2026.,static_crystal_polymer,,
3KSL,equibind,scored,0.15429,gnina v1.3.3 master:6fe1ce2   Built Jun 30 2026.,static_crystal_polymer,,
3KSL,diffdock,scored,0.7249,gnina v1.3.3 master:6fe1ce2   Built Jun 30 2026.,static_crystal_polymer,,
3KHJ,equibind,scored,0.00811,gnina v1.3.3 master:6fe1ce2   Built Jun 30 2026.,static_crystal_polymer,,
3KHJ,diffdock,scored,0.44352,gnina v1.3.3 master:6fe1ce2   Built Jun 30 2026.,static_crystal_polymer,,
3KYQ,equibind,scored,0.0668,gnina v1.3.3 master:6fe1ce2   Built Jun 30 2026.,static_crystal_polymer,,
3KYQ,diffdock,scored,0.37218,gnina v1.3.3 master:6fe1ce2   Built Jun 30 2026.,static_crystal_polymer,,
3KWB,equibind,scored,1e-05,gnina v1.3.3 master:6fe1ce2   Built Jun 30 2026.,static_crystal_polymer,,
3KWB,diffdock,scored,0.65827,gnina v1.3.3 master:6fe1ce2   Built Jun 30 2026.,static_crystal_polymer,,
3KRW,equibind,scored,0.00336,gnina v1.3.3 master:6fe1ce2   Built Jun 30 2026.,static_crystal_polymer,,
3KRW,diffdock,scored,0.89786,gnina v1.3.3 master:6fe1ce2   Built Jun 30 2026.,static_crystal_polymer,,
3L0E,equibind,scored,0.00257,gnina v1.3.3 master:6fe1ce2   Built Jun 30 2026.,static_crystal_polymer,,
3L0E,diffdock,scored,0.33042,gnina v1.3.3 master:6fe1ce2   Built Jun 30 2026.,static_crystal_polymer,,
3L1N,equibind,scored,0.1359,gnina v1.3.3 master:6fe1ce2   Built Jun 30 2026.,static_crystal_polymer,,
3L1N,diffdock,scored,0.51413,gnina v1.3.3 master:6fe1ce2   Built Jun 30 2026.,static_crystal_polymer,,
3L0N,equibind,scored,0.00135,gnina v1.3.3 master:6fe1ce2   Built Jun 30 2026.,static_crystal_polymer,,
3L0N,diffdock,scored,0.80234,gnina v1.3.3 master:6fe1ce2   Built Jun 30 2026.,static_crystal_polymer,,
3L0K,equibind,scored,0.01736,gnina v1.3.3 master:6fe1ce2   Built Jun 30 2026.,static_crystal_polymer,,
3L0K,diffdock,scored,0.84002,gnina v1.3.3 master:6fe1ce2   Built Jun 30 2026.,static_crystal_polymer,,
3L17,equibind,scored,0.13759,gnina v1.3.3 master:6fe1ce2   Built Jun 30 2026.,static_crystal_polymer,,
3L17,diffdock,scored,0.82037,gnina v1.3.3 master:6fe1ce2   Built Jun 30 2026.,static_crystal_polymer,,
3L3A,equibind,scored,0.19214,gnina v1.3.3 master:6fe1ce2   Built Jun 30 2026.,static_crystal_polymer,,
3L3A,diffdock,scored,0.69878,gnina v1.3.3 master:6fe1ce2   Built Jun 30 2026.,static_crystal_polymer,,
3L13,equibind,scored,0.04804,gnina v1.3.3 master:6fe1ce2   Built Jun 30 2026.,static_crystal_polymer,,
3L13,diffdock,scored,0.97448,gnina v1.3.3 master:6fe1ce2   Built Jun 30 2026.,static_crystal_polymer,,
3L1S,equibind,scored,0.04856,gnina v1.3.3 master:6fe1ce2   Built Jun 30 2026.,static_crystal_polymer,,
3L1S,diffdock,scored,0.98638,gnina v1.3.3 master:6fe1ce2   Built Jun 30 2026.,static_crystal_polymer,,
3L3L,equibind,scored,0.56163,gnina v1.3.3 master:6fe1ce2   Built Jun 30 2026.,static_crystal_polymer,,
3L3L,diffdock,scored,0.94012,gnina v1.3.3 master:6fe1ce2   Built Jun 30 2026.,static_crystal_polymer,,
3L38,equibind,scored,0.17314,gnina v1.3.3 master:6fe1ce2   Built Jun 30 2026.,static_crystal_polymer,,
3L38,diffdock,scored,0.5289,gnina v1.3.3 master:6fe1ce2   Built Jun 30 2026.,static_crystal_polymer,,
3L3M,equibind,scored,0.84627,gnina v1.3.3 master:6fe1ce2   Built Jun 30 2026.,static_crystal_polymer,,
3L3M,diffdock,scored,0.75526,gnina v1.3.3 master:6fe1ce2   Built Jun 30 2026.,static_crystal_polymer,,
3KWF,equibind,scored,0.05789,gnina v1.3.3 master:6fe1ce2   Built Jun 30 2026.,static_crystal_polymer,,
3KWF,diffdock,scored,0.46793,gnina v1.3.3 master:6fe1ce2   Built Jun 30 2026.,static_crystal_polymer,,
3L5R,equibind,scored,0.21124,gnina v1.3.3 master:6fe1ce2   Built Jun 30 2026.,static_crystal_polymer,,
3L5R,diffdock,scored,0.70162,gnina v1.3.3 master:6fe1ce2   Built Jun 30 2026.,static_crystal_polymer,,
3L6H,equibind,scored,0.24731,gnina v1.3.3 master:6fe1ce2   Built Jun 30 2026.,static_crystal_polymer,,
3L6H,diffdock,scored,0.97192,gnina v1.3.3 master:6fe1ce2   Built Jun 30 2026.,static_crystal_polymer,,
3L4W,equibind,scored,0.00738,gnina v1.3.3 master:6fe1ce2   Built Jun 30 2026.,static_crystal_polymer,,
3L4W,diffdock,scored,0.65998,gnina v1.3.3 master:6fe1ce2   Built Jun 30 2026.,static_crystal_polymer,,
3L4Z,equibind,scored,0.66952,gnina v1.3.3 master:6fe1ce2   Built Jun 30 2026.,static_crystal_polymer,,
3L4Z,diffdock,scored,0.65668,gnina v1.3.3 master:6fe1ce2   Built Jun 30 2026.,static_crystal_polymer,,
3L4U,equibind,scored,0.00498,gnina v1.3.3 master:6fe1ce2   Built Jun 30 2026.,static_crystal_polymer,,
3L4U,diffdock,scored,0.29865,gnina v1.3.3 master:6fe1ce2   Built Jun 30 2026.,static_crystal_polymer,,
3KWJ,equibind,scored,0.30308,gnina v1.3.3 master:6fe1ce2   Built Jun 30 2026.,static_crystal_polymer,,
3KWJ,diffdock,scored,0.63896,gnina v1.3.3 master:6fe1ce2   Built Jun 30 2026.,static_crystal_polymer,,
3L79,equibind,scored,2e-05,gnina v1.3.3 master:6fe1ce2   Built Jun 30 2026.,static_crystal_polymer,,
3L79,diffdock,scored,0.48908,gnina v1.3.3 master:6fe1ce2   Built Jun 30 2026.,static_crystal_polymer,,
3L58,equibind,scored,0.0,gnina v1.3.3 master:6fe1ce2   Built Jun 30 2026.,static_crystal_polymer,,
3L58,diffdock,scored,0.75634,gnina v1.3.3 master:6fe1ce2   Built Jun 30 2026.,static_crystal_polymer,,
3L7A,equibind,scored,0.00019,gnina v1.3.3 master:6fe1ce2   Built Jun 30 2026.,static_crystal_polymer,,
3L7A,diffdock,scored,0.38927,gnina v1.3.3 master:6fe1ce2   Built Jun 30 2026.,static_crystal_polymer,,
3L7B,equibind,scored,1e-05,gnina v1.3.3 master:6fe1ce2   Built Jun 30 2026.,static_crystal_polymer,,
3L7B,diffdock,scored,0.6318,gnina v1.3.3 master:6fe1ce2   Built Jun 30 2026.,static_crystal_polymer,,
3L8X,equibind,scored,0.59075,gnina v1.3.3 master:6fe1ce2   Built Jun 30 2026.,static_crystal_polymer,,
3L8X,diffdock,scored,0.74746,gnina v1.3.3 master:6fe1ce2   Built Jun 30 2026.,static_crystal_polymer,,
3L7C,equibind,scored,1e-05,gnina v1.3.3 master:6fe1ce2   Built Jun 30 2026.,static_crystal_polymer,,
3L7C,diffdock,scored,0.44924,gnina v1.3.3 master:6fe1ce2   Built Jun 30 2026.,static_crystal_polymer,,
3L7D,equibind,scored,0.00362,gnina v1.3.3 master:6fe1ce2   Built Jun 30 2026.,static_crystal_polymer,,
3L7D,diffdock,scored,0.17343,gnina v1.3.3 master:6fe1ce2   Built Jun 30 2026.,static_crystal_polymer,,
3L9N,equibind,scored,0.68272,gnina v1.3.3 master:6fe1ce2   Built Jun 30 2026.,static_crystal_polymer,,
3L9N,diffdock,scored,0.05717,gnina v1.3.3 master:6fe1ce2   Built Jun 30 2026.,static_crystal_polymer,,
3LBL,equibind,scored,1e-05,gnina v1.3.3 master:6fe1ce2   Built Jun 30 2026.,static_crystal_polymer,,
3LBL,diffdock,scored,0.87444,gnina v1.3.3 master:6fe1ce2   Built Jun 30 2026.,static_crystal_polymer,,
3LCO,equibind,scored,0.14975,gnina v1.3.3 master:6fe1ce2   Built Jun 30 2026.,static_crystal_polymer,,
3LCO,diffdock,scored,0.50152,gnina v1.3.3 master:6fe1ce2   Built Jun 30 2026.,static_crystal_polymer,,
3L9L,equibind,scored,0.57296,gnina v1.3.3 master:6fe1ce2   Built Jun 30 2026.,static_crystal_polymer,,
3L9L,diffdock,scored,0.59384,gnina v1.3.3 master:6fe1ce2   Built Jun 30 2026.,static_crystal_polymer,,
3L9M,equibind,scored,0.69699,gnina v1.3.3 master:6fe1ce2   Built Jun 30 2026.,static_crystal_polymer,,
3L9M,diffdock,scored,0.39798,gnina v1.3.3 master:6fe1ce2   Built Jun 30 2026.,static_crystal_polymer,,
3LBZ,equibind,scored,0.00351,gnina v1.3.3 master:6fe1ce2   Built Jun 30 2026.,static_crystal_polymer,,
3LBZ,diffdock,scored,0.15721,gnina v1.3.3 master:6fe1ce2   Built Jun 30 2026.,static_crystal_polymer,,
3LFS,equibind,scored,0.70308,gnina v1.3.3 master:6fe1ce2   Built Jun 30 2026.,static_crystal_polymer,,
3LFS,diffdock,scored,0.49313,gnina v1.3.3 master:6fe1ce2   Built Jun 30 2026.,static_crystal_polymer,,
3LFN,equibind,scored,0.65139,gnina v1.3.3 master:6fe1ce2   Built Jun 30 2026.,static_crystal_polymer,,
3LFN,diffdock,scored,0.94127,gnina v1.3.3 master:6fe1ce2   Built Jun 30 2026.,static_crystal_polymer,,
3LDQ,equibind,scored,0.02507,gnina v1.3.3 master:6fe1ce2   Built Jun 30 2026.,static_crystal_polymer,,
3LDQ,diffdock,scored,0.44631,gnina v1.3.3 master:6fe1ce2   Built Jun 30 2026.,static_crystal_polymer,,
3K3A,equibind,scored,0.01849,gnina v1.3.3 master:6fe1ce2   Built Jun 30 2026.,static_crystal_polymer,,
3LHJ,equibind,scored,0.05243,gnina v1.3.3 master:6fe1ce2   Built Jun 30 2026.,static_crystal_polymer,,
3LHJ,diffdock,scored,0.94217,gnina v1.3.3 master:6fe1ce2   Built Jun 30 2026.,static_crystal_polymer,,
3LIR,equibind,scored,0.00119,gnina v1.3.3 master:6fe1ce2   Built Jun 30 2026.,static_crystal_polymer,,
3LIR,diffdock,scored,0.57796,gnina v1.3.3 master:6fe1ce2   Built Jun 30 2026.,static_crystal_polymer,,
3LGP,equibind,scored,0.00116,gnina v1.3.3 master:6fe1ce2   Built Jun 30 2026.,static_crystal_polymer,,
3LGP,diffdock,scored,0.37701,gnina v1.3.3 master:6fe1ce2   Built Jun 30 2026.,static_crystal_polymer,,
3L7G,equibind,scored,0.01476,gnina v1.3.3 master:6fe1ce2   Built Jun 30 2026.,static_crystal_polymer,,
3L7G,diffdock,scored,0.83696,gnina v1.3.3 master:6fe1ce2   Built Jun 30 2026.,static_crystal_polymer,,
3LE8,equibind,scored,0.00033,gnina v1.3.3 master:6fe1ce2   Built Jun 30 2026.,static_crystal_polymer,,
3LE8,diffdock,scored,0.82193,gnina v1.3.3 master:6fe1ce2   Built Jun 30 2026.,static_crystal_polymer,,
3LJT,equibind,scored,0.04352,gnina v1.3.3 master:6fe1ce2   Built Jun 30 2026.,static_crystal_polymer,,
3LJT,diffdock,scored,0.23276,gnina v1.3.3 master:6fe1ce2   Built Jun 30 2026.,static_crystal_polymer,,
3LK1,equibind,scored,0.34958,gnina v1.3.3 master:6fe1ce2   Built Jun 30 2026.,static_crystal_polymer,,
3LK1,diffdock,scored,0.79345,gnina v1.3.3 master:6fe1ce2   Built Jun 30 2026.,static_crystal_polymer,,
3LI2,equibind,scored,0.08949,gnina v1.3.3 master:6fe1ce2   Built Jun 30 2026.,static_crystal_polymer,,
3LI2,diffdock,scored,0.60934,gnina v1.3.3 master:6fe1ce2   Built Jun 30 2026.,static_crystal_polymer,,
3LF0,equibind,scored,2e-05,gnina v1.3.3 master:6fe1ce2   Built Jun 30 2026.,static_crystal_polymer,,
3LF0,diffdock,scored,0.74954,gnina v1.3.3 master:6fe1ce2   Built Jun 30 2026.,static_crystal_polymer,,
3LK0,equibind,scored,0.01209,gnina v1.3.3 master:6fe1ce2   Built Jun 30 2026.,static_crystal_polymer,,
3LK0,diffdock,scored,0.29381,gnina v1.3.3 master:6fe1ce2   Built Jun 30 2026.,static_crystal_polymer,,
3LLE,equibind,scored,0.04503,gnina v1.3.3 master:6fe1ce2   Built Jun 30 2026.,static_crystal_polymer,,
3LLE,diffdock,scored,0.02223,gnina v1.3.3 master:6fe1ce2   Built Jun 30 2026.,static_crystal_polymer,,
3LMP,equibind,scored,0.01982,gnina v1.3.3 master:6fe1ce2   Built Jun 30 2026.,static_crystal_polymer,,
3LMP,diffdock,scored,0.56256,gnina v1.3.3 master:6fe1ce2   Built Jun 30 2026.,static_crystal_polymer,,
3K39,equibind,scored,0.00215,gnina v1.3.3 master:6fe1ce2   Built Jun 30 2026.,static_crystal_polymer,,
3LLM,equibind,scored,2e-05,gnina v1.3.3 master:6fe1ce2   Built Jun 30 2026.,static_crystal_polymer,,
3LLM,diffdock,scored,0.52106,gnina v1.3.3 master:6fe1ce2   Built Jun 30 2026.,static_crystal_polymer,,
3LGS,equibind,scored,0.00303,gnina v1.3.3 master:6fe1ce2   Built Jun 30 2026.,static_crystal_polymer,,
3LGS,diffdock,scored,0.67147,gnina v1.3.3 master:6fe1ce2   Built Jun 30 2026.,static_crystal_polymer,,
3LJ7,equibind,scored,0.00081,gnina v1.3.3 master:6fe1ce2   Built Jun 30 2026.,static_crystal_polymer,,
3LJ7,diffdock,scored,0.45135,gnina v1.3.3 master:6fe1ce2   Built Jun 30 2026.,static_crystal_polymer,,
3LJZ,equibind,scored,0.0,gnina v1.3.3 master:6fe1ce2   Built Jun 30 2026.,static_crystal_polymer,,
3LJZ,diffdock,scored,0.77777,gnina v1.3.3 master:6fe1ce2   Built Jun 30 2026.,static_crystal_polymer,,
3LOK,equibind,scored,0.29426,gnina v1.3.3 master:6fe1ce2   Built Jun 30 2026.,static_crystal_polymer,,
3LOK,diffdock,scored,0.04178,gnina v1.3.3 master:6fe1ce2   Built Jun 30 2026.,static_crystal_polymer,,
3LMK,equibind,scored,0.73738,gnina v1.3.3 master:6fe1ce2   Built Jun 30 2026.,static_crystal_polymer,,
3LMK,diffdock,scored,0.01428,gnina v1.3.3 master:6fe1ce2   Built Jun 30 2026.,static_crystal_polymer,,
3LOX,equibind,scored,0.00588,gnina v1.3.3 master:6fe1ce2   Built Jun 30 2026.,static_crystal_polymer,,
3LOX,diffdock,scored,0.15627,gnina v1.3.3 master:6fe1ce2   Built Jun 30 2026.,static_crystal_polymer,,
3LP4,equibind,scored,0.01472,gnina v1.3.3 master:6fe1ce2   Built Jun 30 2026.,static_crystal_polymer,,
3LP4,diffdock,scored,0.07988,gnina v1.3.3 master:6fe1ce2   Built Jun 30 2026.,static_crystal_polymer,,
3LP7,equibind,scored,0.47668,gnina v1.3.3 master:6fe1ce2   Built Jun 30 2026.,static_crystal_polymer,,
3LP7,diffdock,scored,0.89312,gnina v1.3.3 master:6fe1ce2   Built Jun 30 2026.,static_crystal_polymer,,
3LP0,equibind,scored,0.31345,gnina v1.3.3 master:6fe1ce2   Built Jun 30 2026.,static_crystal_polymer,,
3LP0,diffdock,scored,0.75245,gnina v1.3.3 master:6fe1ce2   Built Jun 30 2026.,static_crystal_polymer,,
3LS4,equibind,scored,0.00089,gnina v1.3.3 master:6fe1ce2   Built Jun 30 2026.,static_crystal_polymer,,
3LS4,diffdock,scored,0.4823,gnina v1.3.3 master:6fe1ce2   Built Jun 30 2026.,static_crystal_polymer,,
3LQ5,equibind,scored,0.00151,gnina v1.3.3 master:6fe1ce2   Built Jun 30 2026.,static_crystal_polymer,,
3LQ5,diffdock,scored,0.60672,gnina v1.3.3 master:6fe1ce2   Built Jun 30 2026.,static_crystal_polymer,,
3LVW,equibind,scored,0.02527,gnina v1.3.3 master:6fe1ce2   Built Jun 30 2026.,static_crystal_polymer,,
3LVW,diffdock,scored,0.65036,gnina v1.3.3 master:6fe1ce2   Built Jun 30 2026.,static_crystal_polymer,,
3LPG,equibind,scored,0.03378,gnina v1.3.3 master:6fe1ce2   Built Jun 30 2026.,static_crystal_polymer,,
3LPG,diffdock,scored,0.49507,gnina v1.3.3 master:6fe1ce2   Built Jun 30 2026.,static_crystal_polymer,,
3LPF,equibind,scored,1e-05,gnina v1.3.3 master:6fe1ce2   Built Jun 30 2026.,static_crystal_polymer,,
3LPF,diffdock,scored,0.59201,gnina v1.3.3 master:6fe1ce2   Built Jun 30 2026.,static_crystal_polymer,,
3LXG,equibind,scored,0.35408,gnina v1.3.3 master:6fe1ce2   Built Jun 30 2026.,static_crystal_polymer,,
3LXG,diffdock,scored,0.88326,gnina v1.3.3 master:6fe1ce2   Built Jun 30 2026.,static_crystal_polymer,,
3LOO,equibind,scored,0.00446,gnina v1.3.3 master:6fe1ce2   Built Jun 30 2026.,static_crystal_polymer,,
3LOO,diffdock,scored,0.32572,gnina v1.3.3 master:6fe1ce2   Built Jun 30 2026.,static_crystal_polymer,,
3LXK,equibind,scored,0.48042,gnina v1.3.3 master:6fe1ce2   Built Jun 30 2026.,static_crystal_polymer,,
3LXK,diffdock,scored,0.92764,gnina v1.3.3 master:6fe1ce2   Built Jun 30 2026.,static_crystal_polymer,,
3LXO,equibind,scored,0.12323,gnina v1.3.3 master:6fe1ce2   Built Jun 30 2026.,static_crystal_polymer,,
3LXO,diffdock,scored,0.33949,gnina v1.3.3 master:6fe1ce2   Built Jun 30 2026.,static_crystal_polymer,,
3LXE,equibind,scored,0.50636,gnina v1.3.3 master:6fe1ce2   Built Jun 30 2026.,static_crystal_polymer,,
3LXE,diffdock,scored,0.24602,gnina v1.3.3 master:6fe1ce2   Built Jun 30 2026.,static_crystal_polymer,,
3M6Q,equibind,scored,0.00234,gnina v1.3.3 master:6fe1ce2   Built Jun 30 2026.,static_crystal_polymer,,
3M6Q,diffdock,scored,0.19098,gnina v1.3.3 master:6fe1ce2   Built Jun 30 2026.,static_crystal_polymer,,
3M11,equibind,scored,0.45918,gnina v1.3.3 master:6fe1ce2   Built Jun 30 2026.,static_crystal_polymer,,
3M11,diffdock,scored,0.85429,gnina v1.3.3 master:6fe1ce2   Built Jun 30 2026.,static_crystal_polymer,,
3L2Y,equibind,scored,0.04013,gnina v1.3.3 master:6fe1ce2   Built Jun 30 2026.,static_crystal_polymer,,
3LPL,equibind,scored,0.12567,gnina v1.3.3 master:6fe1ce2   Built Jun 30 2026.,static_crystal_polymer,,
3LPL,diffdock,scored,0.72995,gnina v1.3.3 master:6fe1ce2   Built Jun 30 2026.,static_crystal_polymer,,
3LZZ,equibind,scored,0.00145,gnina v1.3.3 master:6fe1ce2   Built Jun 30 2026.,static_crystal_polymer,,
3LZZ,diffdock,scored,0.00849,gnina v1.3.3 master:6fe1ce2   Built Jun 30 2026.,static_crystal_polymer,,
3LVP,equibind,scored,0.0,gnina v1.3.3 master:6fe1ce2   Built Jun 30 2026.,static_crystal_polymer,,
3LVP,diffdock,scored,0.96705,gnina v1.3.3 master:6fe1ce2   Built Jun 30 2026.,static_crystal_polymer,,
3M6P,equibind,scored,2e-05,gnina v1.3.3 master:6fe1ce2   Built Jun 30 2026.,static_crystal_polymer,,
3M6P,diffdock,scored,0.78279,gnina v1.3.3 master:6fe1ce2   Built Jun 30 2026.,static_crystal_polymer,,
3M89,equibind,scored,0.00101,gnina v1.3.3 master:6fe1ce2   Built Jun 30 2026.,static_crystal_polymer,,
3M89,diffdock,scored,0.04011,gnina v1.3.3 master:6fe1ce2   Built Jun 30 2026.,static_crystal_polymer,,
3MBZ,diffdock,scored,0.19678,gnina v1.3.3 master:6fe1ce2   Built Jun 30 2026.,static_crystal_polymer,,
3M96,equibind,scored,0.04648,gnina v1.3.3 master:6fe1ce2   Built Jun 30 2026.,static_crystal_polymer,,
3M96,diffdock,scored,0.53641,gnina v1.3.3 master:6fe1ce2   Built Jun 30 2026.,static_crystal_polymer,,
3LDW,equibind,scored,0.27353,gnina v1.3.3 master:6fe1ce2   Built Jun 30 2026.,static_crystal_polymer,,
3LDW,diffdock,scored,0.74488,gnina v1.3.3 master:6fe1ce2   Built Jun 30 2026.,static_crystal_polymer,,
3MA3,equibind,scored,0.61091,gnina v1.3.3 master:6fe1ce2   Built Jun 30 2026.,static_crystal_polymer,,
3MA3,diffdock,scored,0.67589,gnina v1.3.3 master:6fe1ce2   Built Jun 30 2026.,static_crystal_polymer,,
3MAM,equibind,scored,0.00284,gnina v1.3.3 master:6fe1ce2   Built Jun 30 2026.,static_crystal_polymer,,
3MAM,diffdock,scored,0.34095,gnina v1.3.3 master:6fe1ce2   Built Jun 30 2026.,static_crystal_polymer,,
3MB6,equibind,scored,0.18125,gnina v1.3.3 master:6fe1ce2   Built Jun 30 2026.,static_crystal_polymer,,
3MB6,diffdock,scored,0.16448,gnina v1.3.3 master:6fe1ce2   Built Jun 30 2026.,static_crystal_polymer,,
3MCT,equibind,scored,0.63096,gnina v1.3.3 master:6fe1ce2   Built Jun 30 2026.,static_crystal_polymer,,
3MCT,diffdock,scored,0.81729,gnina v1.3.3 master:6fe1ce2   Built Jun 30 2026.,static_crystal_polymer,,
3MB7,equibind,scored,0.03142,gnina v1.3.3 master:6fe1ce2   Built Jun 30 2026.,static_crystal_polymer,,
3MB7,diffdock,scored,0.54169,gnina v1.3.3 master:6fe1ce2   Built Jun 30 2026.,static_crystal_polymer,,
3M6R,equibind,scored,0.02869,gnina v1.3.3 master:6fe1ce2   Built Jun 30 2026.,static_crystal_polymer,,
3M6R,diffdock,scored,0.87176,gnina v1.3.3 master:6fe1ce2   Built Jun 30 2026.,static_crystal_polymer,,
3M8U,equibind,scored,0.0015,gnina v1.3.3 master:6fe1ce2   Built Jun 30 2026.,static_crystal_polymer,,
3M8U,diffdock,scored,0.24922,gnina v1.3.3 master:6fe1ce2   Built Jun 30 2026.,static_crystal_polymer,,
3M8Q,equibind,scored,0.01303,gnina v1.3.3 master:6fe1ce2   Built Jun 30 2026.,static_crystal_polymer,,
3M8Q,diffdock,scored,0.73791,gnina v1.3.3 master:6fe1ce2   Built Jun 30 2026.,static_crystal_polymer,,
3MKF,diffdock,scored,0.27398,gnina v1.3.3 master:6fe1ce2   Built Jun 30 2026.,static_crystal_polymer,,
3MHC,equibind,scored,0.10253,gnina v1.3.3 master:6fe1ce2   Built Jun 30 2026.,static_crystal_polymer,,
3MHC,diffdock,scored,0.07324,gnina v1.3.3 master:6fe1ce2   Built Jun 30 2026.,static_crystal_polymer,,
3MFV,equibind,scored,0.01014,gnina v1.3.3 master:6fe1ce2   Built Jun 30 2026.,static_crystal_polymer,,
3MFV,diffdock,scored,0.60797,gnina v1.3.3 master:6fe1ce2   Built Jun 30 2026.,static_crystal_polymer,,
3MFW,equibind,scored,0.00626,gnina v1.3.3 master:6fe1ce2   Built Jun 30 2026.,static_crystal_polymer,,
3MFW,diffdock,scored,0.14537,gnina v1.3.3 master:6fe1ce2   Built Jun 30 2026.,static_crystal_polymer,,
3LW0,equibind,scored,0.0,gnina v1.3.3 master:6fe1ce2   Built Jun 30 2026.,static_crystal_polymer,,
3LW0,diffdock,scored,0.40838,gnina v1.3.3 master:6fe1ce2   Built Jun 30 2026.,static_crystal_polymer,,
3MHW,equibind,scored,0.77831,gnina v1.3.3 master:6fe1ce2   Built Jun 30 2026.,static_crystal_polymer,,
3MHW,diffdock,scored,0.96229,gnina v1.3.3 master:6fe1ce2   Built Jun 30 2026.,static_crystal_polymer,,
3MJ1,equibind,scored,0.26175,gnina v1.3.3 master:6fe1ce2   Built Jun 30 2026.,static_crystal_polymer,,
3MJ1,diffdock,scored,0.96155,gnina v1.3.3 master:6fe1ce2   Built Jun 30 2026.,static_crystal_polymer,,
3MJL,equibind,scored,0.00708,gnina v1.3.3 master:6fe1ce2   Built Jun 30 2026.,static_crystal_polymer,,
3MJL,diffdock,scored,0.07671,gnina v1.3.3 master:6fe1ce2   Built Jun 30 2026.,static_crystal_polymer,,
3MI3,equibind,scored,0.0012,gnina v1.3.3 master:6fe1ce2   Built Jun 30 2026.,static_crystal_polymer,,
3MI3,diffdock,scored,0.06216,gnina v1.3.3 master:6fe1ce2   Built Jun 30 2026.,static_crystal_polymer,,
3MJ5,equibind,scored,0.00027,gnina v1.3.3 master:6fe1ce2   Built Jun 30 2026.,static_crystal_polymer,,
3MJ5,diffdock,scored,0.86568,gnina v1.3.3 master:6fe1ce2   Built Jun 30 2026.,static_crystal_polymer,,
3ML5,equibind,scored,0.09788,gnina v1.3.3 master:6fe1ce2   Built Jun 30 2026.,static_crystal_polymer,,
3ML5,diffdock,scored,0.85324,gnina v1.3.3 master:6fe1ce2   Built Jun 30 2026.,static_crystal_polymer,,
3ML2,equibind,scored,0.54915,gnina v1.3.3 master:6fe1ce2   Built Jun 30 2026.,static_crystal_polymer,,
3ML2,diffdock,scored,0.85007,gnina v1.3.3 master:6fe1ce2   Built Jun 30 2026.,static_crystal_polymer,,
3MI2,equibind,scored,0.10097,gnina v1.3.3 master:6fe1ce2   Built Jun 30 2026.,static_crystal_polymer,,
3MI2,diffdock,scored,0.88862,gnina v1.3.3 master:6fe1ce2   Built Jun 30 2026.,static_crystal_polymer,,
3MMF,equibind,scored,0.43561,gnina v1.3.3 master:6fe1ce2   Built Jun 30 2026.,static_crystal_polymer,,
3MMF,diffdock,scored,0.57668,gnina v1.3.3 master:6fe1ce2   Built Jun 30 2026.,static_crystal_polymer,,
3MNA,equibind,scored,0.02908,gnina v1.3.3 master:6fe1ce2   Built Jun 30 2026.,static_crystal_polymer,,
3MNA,diffdock,scored,0.63382,gnina v1.3.3 master:6fe1ce2   Built Jun 30 2026.,static_crystal_polymer,,
3MLB,equibind,scored,0.17527,gnina v1.3.3 master:6fe1ce2   Built Jun 30 2026.,static_crystal_polymer,,
3MLB,diffdock,scored,0.65021,gnina v1.3.3 master:6fe1ce2   Built Jun 30 2026.,static_crystal_polymer,,
3MKS,equibind,scored,0.28174,gnina v1.3.3 master:6fe1ce2   Built Jun 30 2026.,static_crystal_polymer,,
3MKS,diffdock,scored,0.33918,gnina v1.3.3 master:6fe1ce2   Built Jun 30 2026.,static_crystal_polymer,,
3MOE,equibind,scored,0.65349,gnina v1.3.3 master:6fe1ce2   Built Jun 30 2026.,static_crystal_polymer,,
3MOE,diffdock,scored,0.81912,gnina v1.3.3 master:6fe1ce2   Built Jun 30 2026.,static_crystal_polymer,,
3MPT,equibind,scored,0.03904,gnina v1.3.3 master:6fe1ce2   Built Jun 30 2026.,static_crystal_polymer,,
3MPT,diffdock,scored,0.45152,gnina v1.3.3 master:6fe1ce2   Built Jun 30 2026.,static_crystal_polymer,,
3MKN,equibind,scored,0.0,gnina v1.3.3 master:6fe1ce2   Built Jun 30 2026.,static_crystal_polymer,,
3MKN,diffdock,scored,0.38111,gnina v1.3.3 master:6fe1ce2   Built Jun 30 2026.,static_crystal_polymer,,
3MQF,equibind,scored,5e-05,gnina v1.3.3 master:6fe1ce2   Built Jun 30 2026.,static_crystal_polymer,,
3MQF,diffdock,scored,0.66803,gnina v1.3.3 master:6fe1ce2   Built Jun 30 2026.,static_crystal_polymer,,
3MOH,equibind,scored,0.49738,gnina v1.3.3 master:6fe1ce2   Built Jun 30 2026.,static_crystal_polymer,,
3MOH,diffdock,scored,0.31553,gnina v1.3.3 master:6fe1ce2   Built Jun 30 2026.,static_crystal_polymer,,
3MRT,equibind,scored,0.00978,gnina v1.3.3 master:6fe1ce2   Built Jun 30 2026.,static_crystal_polymer,,
3MRT,diffdock,scored,0.7689,gnina v1.3.3 master:6fe1ce2   Built Jun 30 2026.,static_crystal_polymer,,
3MOF,equibind,scored,0.59524,gnina v1.3.3 master:6fe1ce2   Built Jun 30 2026.,static_crystal_polymer,,
3MOF,diffdock,scored,0.79042,gnina v1.3.3 master:6fe1ce2   Built Jun 30 2026.,static_crystal_polymer,,
3MS9,equibind,scored,0.00112,gnina v1.3.3 master:6fe1ce2   Built Jun 30 2026.,static_crystal_polymer,,
3MS9,diffdock,scored,0.93286,gnina v1.3.3 master:6fe1ce2   Built Jun 30 2026.,static_crystal_polymer,,
3MLE,equibind,scored,0.23056,gnina v1.3.3 master:6fe1ce2   Built Jun 30 2026.,static_crystal_polymer,,
3MLE,diffdock,scored,0.45658,gnina v1.3.3 master:6fe1ce2   Built Jun 30 2026.,static_crystal_polymer,,
3MRV,equibind,scored,0.01766,gnina v1.3.3 master:6fe1ce2   Built Jun 30 2026.,static_crystal_polymer,,
3MRV,diffdock,scored,0.70606,gnina v1.3.3 master:6fe1ce2   Built Jun 30 2026.,static_crystal_polymer,,
3MUF,equibind,scored,0.38719,gnina v1.3.3 master:6fe1ce2   Built Jun 30 2026.,static_crystal_polymer,,
3MUF,diffdock,scored,0.82503,gnina v1.3.3 master:6fe1ce2   Built Jun 30 2026.,static_crystal_polymer,,
3MS7,equibind,scored,0.00013,gnina v1.3.3 master:6fe1ce2   Built Jun 30 2026.,static_crystal_polymer,,
3MS7,diffdock,scored,0.76772,gnina v1.3.3 master:6fe1ce2   Built Jun 30 2026.,static_crystal_polymer,,
3MT7,equibind,scored,0.00036,gnina v1.3.3 master:6fe1ce2   Built Jun 30 2026.,static_crystal_polymer,,
3MT7,diffdock,scored,0.80045,gnina v1.3.3 master:6fe1ce2   Built Jun 30 2026.,static_crystal_polymer,,
3MT8,equibind,scored,0.00456,gnina v1.3.3 master:6fe1ce2   Built Jun 30 2026.,static_crystal_polymer,,
3MT8,diffdock,scored,0.82281,gnina v1.3.3 master:6fe1ce2   Built Jun 30 2026.,static_crystal_polymer,,
3MTA,equibind,scored,0.04705,gnina v1.3.3 master:6fe1ce2   Built Jun 30 2026.,static_crystal_polymer,,
3MTA,diffdock,scored,0.73229,gnina v1.3.3 master:6fe1ce2   Built Jun 30 2026.,static_crystal_polymer,,
3MXR,diffdock,scored,0.24099,gnina v1.3.3 master:6fe1ce2   Built Jun 30 2026.,static_crystal_polymer,,
3MV5,equibind,scored,0.51268,gnina v1.3.3 master:6fe1ce2   Built Jun 30 2026.,static_crystal_polymer,,
3MV5,diffdock,scored,0.85219,gnina v1.3.3 master:6fe1ce2   Built Jun 30 2026.,static_crystal_polymer,,
3MTD,equibind,scored,0.02237,gnina v1.3.3 master:6fe1ce2   Built Jun 30 2026.,static_crystal_polymer,,
3MTD,diffdock,scored,0.91606,gnina v1.3.3 master:6fe1ce2   Built Jun 30 2026.,static_crystal_polymer,,
3MTB,equibind,scored,0.00196,gnina v1.3.3 master:6fe1ce2   Built Jun 30 2026.,static_crystal_polymer,,
3MTB,diffdock,scored,0.7587,gnina v1.3.3 master:6fe1ce2   Built Jun 30 2026.,static_crystal_polymer,,
3MXF,equibind,scored,0.0137,gnina v1.3.3 master:6fe1ce2   Built Jun 30 2026.,static_crystal_polymer,,
3MXF,diffdock,scored,0.92058,gnina v1.3.3 master:6fe1ce2   Built Jun 30 2026.,static_crystal_polymer,,
3MXS,diffdock,scored,0.18738,gnina v1.3.3 master:6fe1ce2   Built Jun 30 2026.,static_crystal_polymer,,
3MSJ,equibind,scored,5e-05,gnina v1.3.3 master:6fe1ce2   Built Jun 30 2026.,static_crystal_polymer,,
3MSJ,diffdock,scored,0.90122,gnina v1.3.3 master:6fe1ce2   Built Jun 30 2026.,static_crystal_polymer,,
3MXD,equibind,scored,0.03195,gnina v1.3.3 master:6fe1ce2   Built Jun 30 2026.,static_crystal_polymer,,
3MXD,diffdock,scored,0.6535,gnina v1.3.3 master:6fe1ce2   Built Jun 30 2026.,static_crystal_polymer,,
3MYQ,equibind,scored,0.069,gnina v1.3.3 master:6fe1ce2   Built Jun 30 2026.,static_crystal_polymer,,
3MYQ,diffdock,scored,0.75187,gnina v1.3.3 master:6fe1ce2   Built Jun 30 2026.,static_crystal_polymer,,
3MZ6,equibind,scored,0.15313,gnina v1.3.3 master:6fe1ce2   Built Jun 30 2026.,static_crystal_polymer,,
3MZ6,diffdock,scored,0.44248,gnina v1.3.3 master:6fe1ce2   Built Jun 30 2026.,static_crystal_polymer,,
3MVM,equibind,scored,0.00143,gnina v1.3.3 master:6fe1ce2   Built Jun 30 2026.,static_crystal_polymer,,
3MVM,diffdock,scored,0.30687,gnina v1.3.3 master:6fe1ce2   Built Jun 30 2026.,static_crystal_polymer,,
3N0H,equibind,scored,0.16317,gnina v1.3.3 master:6fe1ce2   Built Jun 30 2026.,static_crystal_polymer,,
3N0H,diffdock,scored,0.45202,gnina v1.3.3 master:6fe1ce2   Built Jun 30 2026.,static_crystal_polymer,,
3MVL,equibind,scored,4e-05,gnina v1.3.3 master:6fe1ce2   Built Jun 30 2026.,static_crystal_polymer,,
3MVL,diffdock,scored,0.62457,gnina v1.3.3 master:6fe1ce2   Built Jun 30 2026.,static_crystal_polymer,,
3MZC,equibind,scored,0.28537,gnina v1.3.3 master:6fe1ce2   Built Jun 30 2026.,static_crystal_polymer,,
3MZC,diffdock,scored,0.78956,gnina v1.3.3 master:6fe1ce2   Built Jun 30 2026.,static_crystal_polymer,,
3N1W,equibind,scored,0.61595,gnina v1.3.3 master:6fe1ce2   Built Jun 30 2026.,static_crystal_polymer,,
3N1W,diffdock,scored,0.87219,gnina v1.3.3 master:6fe1ce2   Built Jun 30 2026.,static_crystal_polymer,,
3N0N,equibind,scored,0.37306,gnina v1.3.3 master:6fe1ce2   Built Jun 30 2026.,static_crystal_polymer,,
3N0N,diffdock,scored,0.84113,gnina v1.3.3 master:6fe1ce2   Built Jun 30 2026.,static_crystal_polymer,,
3N1V,equibind,scored,0.48626,gnina v1.3.3 master:6fe1ce2   Built Jun 30 2026.,static_crystal_polymer,,
3N1V,diffdock,scored,0.93918,gnina v1.3.3 master:6fe1ce2   Built Jun 30 2026.,static_crystal_polymer,,
3N35,equibind,scored,0.67222,gnina v1.3.3 master:6fe1ce2   Built Jun 30 2026.,static_crystal_polymer,,
3N35,diffdock,scored,0.82816,gnina v1.3.3 master:6fe1ce2   Built Jun 30 2026.,static_crystal_polymer,,
3N3L,equibind,scored,0.20556,gnina v1.3.3 master:6fe1ce2   Built Jun 30 2026.,static_crystal_polymer,,
3N3L,diffdock,scored,0.82394,gnina v1.3.3 master:6fe1ce2   Built Jun 30 2026.,static_crystal_polymer,,
3N3G,equibind,scored,0.19266,gnina v1.3.3 master:6fe1ce2   Built Jun 30 2026.,static_crystal_polymer,,
3N3G,diffdock,scored,0.2568,gnina v1.3.3 master:6fe1ce2   Built Jun 30 2026.,static_crystal_polymer,,
3N45,equibind,scored,0.00491,gnina v1.3.3 master:6fe1ce2   Built Jun 30 2026.,static_crystal_polymer,,
3N45,diffdock,scored,0.58388,gnina v1.3.3 master:6fe1ce2   Built Jun 30 2026.,static_crystal_polymer,,
3MWW,equibind,scored,0.00294,gnina v1.3.3 master:6fe1ce2   Built Jun 30 2026.,static_crystal_polymer,,
3MWW,diffdock,scored,0.56437,gnina v1.3.3 master:6fe1ce2   Built Jun 30 2026.,static_crystal_polymer,,
3N46,equibind,scored,0.00103,gnina v1.3.3 master:6fe1ce2   Built Jun 30 2026.,static_crystal_polymer,,
3N46,diffdock,scored,0.69951,gnina v1.3.3 master:6fe1ce2   Built Jun 30 2026.,static_crystal_polymer,,
3N49,equibind,scored,0.24519,gnina v1.3.3 master:6fe1ce2   Built Jun 30 2026.,static_crystal_polymer,,
3N49,diffdock,scored,0.95497,gnina v1.3.3 master:6fe1ce2   Built Jun 30 2026.,static_crystal_polymer,,
3N4C,equibind,scored,0.00086,gnina v1.3.3 master:6fe1ce2   Built Jun 30 2026.,static_crystal_polymer,,
3N4C,diffdock,scored,0.49426,gnina v1.3.3 master:6fe1ce2   Built Jun 30 2026.,static_crystal_polymer,,
3N76,equibind,scored,0.18556,gnina v1.3.3 master:6fe1ce2   Built Jun 30 2026.,static_crystal_polymer,,
3N76,diffdock,scored,0.93478,gnina v1.3.3 master:6fe1ce2   Built Jun 30 2026.,static_crystal_polymer,,
3N7H,equibind,scored,0.0078,gnina v1.3.3 master:6fe1ce2   Built Jun 30 2026.,static_crystal_polymer,,
3N7H,diffdock,scored,0.54375,gnina v1.3.3 master:6fe1ce2   Built Jun 30 2026.,static_crystal_polymer,,
3N1C,equibind,scored,0.00299,gnina v1.3.3 master:6fe1ce2   Built Jun 30 2026.,static_crystal_polymer,,
3N1C,diffdock,scored,0.76608,gnina v1.3.3 master:6fe1ce2   Built Jun 30 2026.,static_crystal_polymer,,
3N4L,equibind,scored,0.00017,gnina v1.3.3 master:6fe1ce2   Built Jun 30 2026.,static_crystal_polymer,,
3N4L,diffdock,scored,0.88528,gnina v1.3.3 master:6fe1ce2   Built Jun 30 2026.,static_crystal_polymer,,
3N7S,equibind,scored,0.0,gnina v1.3.3 master:6fe1ce2   Built Jun 30 2026.,static_crystal_polymer,,
3N7S,diffdock,scored,0.40167,gnina v1.3.3 master:6fe1ce2   Built Jun 30 2026.,static_crystal_polymer,,
3N9S,equibind,scored,0.00638,gnina v1.3.3 master:6fe1ce2   Built Jun 30 2026.,static_crystal_polymer,,
3N9S,diffdock,scored,0.97631,gnina v1.3.3 master:6fe1ce2   Built Jun 30 2026.,static_crystal_polymer,,
3NAM,equibind,scored,0.00041,gnina v1.3.3 master:6fe1ce2   Built Jun 30 2026.,static_crystal_polymer,,
3NAM,diffdock,scored,0.80027,gnina v1.3.3 master:6fe1ce2   Built Jun 30 2026.,static_crystal_polymer,,
3MV0,equibind,scored,0.0003,gnina v1.3.3 master:6fe1ce2   Built Jun 30 2026.,static_crystal_polymer,,
3NB5,equibind,scored,0.21445,gnina v1.3.3 master:6fe1ce2   Built Jun 30 2026.,static_crystal_polymer,,
3NB5,diffdock,scored,0.86706,gnina v1.3.3 master:6fe1ce2   Built Jun 30 2026.,static_crystal_polymer,,
3N5K,equibind,scored,0.00428,gnina v1.3.3 master:6fe1ce2   Built Jun 30 2026.,static_crystal_polymer,,
3N5K,diffdock,scored,0.47276,gnina v1.3.3 master:6fe1ce2   Built Jun 30 2026.,static_crystal_polymer,,
3N23,equibind,scored,0.02732,gnina v1.3.3 master:6fe1ce2   Built Jun 30 2026.,static_crystal_polymer,,
3N23,diffdock,scored,0.36454,gnina v1.3.3 master:6fe1ce2   Built Jun 30 2026.,static_crystal_polymer,,
3NAL,equibind,scored,0.00041,gnina v1.3.3 master:6fe1ce2   Built Jun 30 2026.,static_crystal_polymer,,
3NAL,diffdock,scored,0.55738,gnina v1.3.3 master:6fe1ce2   Built Jun 30 2026.,static_crystal_polymer,,
3MUZ,equibind,scored,0.62651,gnina v1.3.3 master:6fe1ce2   Built Jun 30 2026.,static_crystal_polymer,,
3NC9,equibind,scored,0.02142,gnina v1.3.3 master:6fe1ce2   Built Jun 30 2026.,static_crystal_polymer,,
3NC9,diffdock,scored,0.51787,gnina v1.3.3 master:6fe1ce2   Built Jun 30 2026.,static_crystal_polymer,,
3NAN,equibind,scored,0.0,gnina v1.3.3 master:6fe1ce2   Built Jun 30 2026.,static_crystal_polymer,,
3NAN,diffdock,scored,0.66711,gnina v1.3.3 master:6fe1ce2   Built Jun 30 2026.,static_crystal_polymer,,
3NCQ,equibind,scored,3e-05,gnina v1.3.3 master:6fe1ce2   Built Jun 30 2026.,static_crystal_polymer,,
3NCQ,diffdock,scored,0.68504,gnina v1.3.3 master:6fe1ce2   Built Jun 30 2026.,static_crystal_polymer,,
3NBA,equibind,scored,0.00022,gnina v1.3.3 master:6fe1ce2   Built Jun 30 2026.,static_crystal_polymer,,
3NBA,diffdock,scored,0.65482,gnina v1.3.3 master:6fe1ce2   Built Jun 30 2026.,static_crystal_polymer,,
3NCR,equibind,scored,0.0002,gnina v1.3.3 master:6fe1ce2   Built Jun 30 2026.,static_crystal_polymer,,
3NCR,diffdock,scored,0.61009,gnina v1.3.3 master:6fe1ce2   Built Jun 30 2026.,static_crystal_polymer,,
3NEO,equibind,scored,0.01054,gnina v1.3.3 master:6fe1ce2   Built Jun 30 2026.,static_crystal_polymer,,
3NEO,diffdock,scored,0.46483,gnina v1.3.3 master:6fe1ce2   Built Jun 30 2026.,static_crystal_polymer,,
3NEX,equibind,scored,0.0,gnina v1.3.3 master:6fe1ce2   Built Jun 30 2026.,static_crystal_polymer,,
3NEX,diffdock,scored,0.34061,gnina v1.3.3 master:6fe1ce2   Built Jun 30 2026.,static_crystal_polymer,,
3NF6,equibind,scored,9e-05,gnina v1.3.3 master:6fe1ce2   Built Jun 30 2026.,static_crystal_polymer,,
3NF6,diffdock,scored,0.80166,gnina v1.3.3 master:6fe1ce2   Built Jun 30 2026.,static_crystal_polymer,,
3NF7,equibind,scored,0.06835,gnina v1.3.3 master:6fe1ce2   Built Jun 30 2026.,static_crystal_polymer,,
3NF7,diffdock,scored,0.83172,gnina v1.3.3 master:6fe1ce2   Built Jun 30 2026.,static_crystal_polymer,,
3NF9,equibind,scored,0.0,gnina v1.3.3 master:6fe1ce2   Built Jun 30 2026.,static_crystal_polymer,,
3NF9,diffdock,scored,0.85399,gnina v1.3.3 master:6fe1ce2   Built Jun 30 2026.,static_crystal_polymer,,
3NHI,equibind,scored,0.01496,gnina v1.3.3 master:6fe1ce2   Built Jun 30 2026.,static_crystal_polymer,,
3NHI,diffdock,scored,0.53273,gnina v1.3.3 master:6fe1ce2   Built Jun 30 2026.,static_crystal_polymer,,
3NCZ,equibind,scored,0.0131,gnina v1.3.3 master:6fe1ce2   Built Jun 30 2026.,static_crystal_polymer,,
3NCZ,diffdock,scored,0.91892,gnina v1.3.3 master:6fe1ce2   Built Jun 30 2026.,static_crystal_polymer,,
3NI5,equibind,scored,0.01955,gnina v1.3.3 master:6fe1ce2   Built Jun 30 2026.,static_crystal_polymer,,
3NI5,diffdock,scored,0.30084,gnina v1.3.3 master:6fe1ce2   Built Jun 30 2026.,static_crystal_polymer,,
3MG8,equibind,scored,0.07963,gnina v1.3.3 master:6fe1ce2   Built Jun 30 2026.,static_crystal_polymer,,
3NGA,equibind,scored,0.05014,gnina v1.3.3 master:6fe1ce2   Built Jun 30 2026.,static_crystal_polymer,,
3NGA,diffdock,scored,0.92727,gnina v1.3.3 master:6fe1ce2   Built Jun 30 2026.,static_crystal_polymer,,
3NK8,equibind,scored,0.52772,gnina v1.3.3 master:6fe1ce2   Built Jun 30 2026.,static_crystal_polymer,,
3NK8,diffdock,scored,0.56922,gnina v1.3.3 master:6fe1ce2   Built Jun 30 2026.,static_crystal_polymer,,
3NLB,equibind,scored,0.54913,gnina v1.3.3 master:6fe1ce2   Built Jun 30 2026.,static_crystal_polymer,,
3NLB,diffdock,scored,0.7316,gnina v1.3.3 master:6fe1ce2   Built Jun 30 2026.,static_crystal_polymer,,
3NM6,equibind,scored,0.00151,gnina v1.3.3 master:6fe1ce2   Built Jun 30 2026.,static_crystal_polymer,,
3NM6,diffdock,scored,0.84695,gnina v1.3.3 master:6fe1ce2   Built Jun 30 2026.,static_crystal_polymer,,
3MG0,equibind,scored,0.75365,gnina v1.3.3 master:6fe1ce2   Built Jun 30 2026.,static_crystal_polymer,,
3MG4,equibind,scored,0.10224,gnina v1.3.3 master:6fe1ce2   Built Jun 30 2026.,static_crystal_polymer,,
3NJQ,equibind,scored,6e-05,gnina v1.3.3 master:6fe1ce2   Built Jun 30 2026.,static_crystal_polymer,,
3NJQ,diffdock,scored,0.47772,gnina v1.3.3 master:6fe1ce2   Built Jun 30 2026.,static_crystal_polymer,,
3NMQ,equibind,scored,0.57733,gnina v1.3.3 master:6fe1ce2   Built Jun 30 2026.,static_crystal_polymer,,
3NMQ,diffdock,scored,0.60264,gnina v1.3.3 master:6fe1ce2   Built Jun 30 2026.,static_crystal_polymer,,
3NNU,equibind,scored,0.00196,gnina v1.3.3 master:6fe1ce2   Built Jun 30 2026.,static_crystal_polymer,,
3NNU,diffdock,scored,0.5287,gnina v1.3.3 master:6fe1ce2   Built Jun 30 2026.,static_crystal_polymer,,
3NNW,equibind,scored,0.06845,gnina v1.3.3 master:6fe1ce2   Built Jun 30 2026.,static_crystal_polymer,,
3NNW,diffdock,scored,0.46389,gnina v1.3.3 master:6fe1ce2   Built Jun 30 2026.,static_crystal_polymer,,
3NQ3,equibind,scored,0.73405,gnina v1.3.3 master:6fe1ce2   Built Jun 30 2026.,static_crystal_polymer,,
3NQ3,diffdock,scored,0.66294,gnina v1.3.3 master:6fe1ce2   Built Jun 30 2026.,static_crystal_polymer,,
3NOK,equibind,scored,0.00143,gnina v1.3.3 master:6fe1ce2   Built Jun 30 2026.,static_crystal_polymer,,
3NOK,diffdock,scored,0.30868,gnina v1.3.3 master:6fe1ce2   Built Jun 30 2026.,static_crystal_polymer,,
3N9R,equibind,scored,0.05148,gnina v1.3.3 master:6fe1ce2   Built Jun 30 2026.,static_crystal_polymer,,
3N9R,diffdock,scored,0.97989,gnina v1.3.3 master:6fe1ce2   Built Jun 30 2026.,static_crystal_polymer,,
3NQ9,equibind,scored,0.71389,gnina v1.3.3 master:6fe1ce2   Built Jun 30 2026.,static_crystal_polymer,,
3NQ9,diffdock,scored,0.43754,gnina v1.3.3 master:6fe1ce2   Built Jun 30 2026.,static_crystal_polymer,,
3NS9,equibind,scored,0.1452,gnina v1.3.3 master:6fe1ce2   Built Jun 30 2026.,static_crystal_polymer,,
3NS9,diffdock,scored,0.67151,gnina v1.3.3 master:6fe1ce2   Built Jun 30 2026.,static_crystal_polymer,,
3NP7,equibind,scored,0.01093,gnina v1.3.3 master:6fe1ce2   Built Jun 30 2026.,static_crystal_polymer,,
3NP7,diffdock,scored,0.45665,gnina v1.3.3 master:6fe1ce2   Built Jun 30 2026.,static_crystal_polymer,,
3NPA,equibind,scored,0.02944,gnina v1.3.3 master:6fe1ce2   Built Jun 30 2026.,static_crystal_polymer,,
3NPA,diffdock,scored,0.37828,gnina v1.3.3 master:6fe1ce2   Built Jun 30 2026.,static_crystal_polymer,,
3NP9,equibind,scored,0.24064,gnina v1.3.3 master:6fe1ce2   Built Jun 30 2026.,static_crystal_polymer,,
3NP9,diffdock,scored,0.5241,gnina v1.3.3 master:6fe1ce2   Built Jun 30 2026.,static_crystal_polymer,,
3NTP,equibind,scored,0.00849,gnina v1.3.3 master:6fe1ce2   Built Jun 30 2026.,static_crystal_polymer,,
3NTP,diffdock,scored,0.27476,gnina v1.3.3 master:6fe1ce2   Built Jun 30 2026.,static_crystal_polymer,,
3NUY,equibind,scored,0.72756,gnina v1.3.3 master:6fe1ce2   Built Jun 30 2026.,static_crystal_polymer,,
3NUY,diffdock,scored,0.69392,gnina v1.3.3 master:6fe1ce2   Built Jun 30 2026.,static_crystal_polymer,,
3NWB,equibind,scored,0.00372,gnina v1.3.3 master:6fe1ce2   Built Jun 30 2026.,static_crystal_polymer,,
3NWB,diffdock,scored,0.83198,gnina v1.3.3 master:6fe1ce2   Built Jun 30 2026.,static_crystal_polymer,,
3NWE,equibind,scored,0.00488,gnina v1.3.3 master:6fe1ce2   Built Jun 30 2026.,static_crystal_polymer,,
3NWE,diffdock,scored,0.92953,gnina v1.3.3 master:6fe1ce2   Built Jun 30 2026.,static_crystal_polymer,,
3NWW,equibind,scored,0.00015,gnina v1.3.3 master:6fe1ce2   Built Jun 30 2026.,static_crystal_polymer,,
3NWW,diffdock,scored,0.59574,gnina v1.3.3 master:6fe1ce2   Built Jun 30 2026.,static_crystal_polymer,,
3NYX,equibind,scored,0.14322,gnina v1.3.3 master:6fe1ce2   Built Jun 30 2026.,static_crystal_polymer,,
3NYX,diffdock,scored,0.77573,gnina v1.3.3 master:6fe1ce2   Built Jun 30 2026.,static_crystal_polymer,,
3O0J,equibind,scored,0.25512,gnina v1.3.3 master:6fe1ce2   Built Jun 30 2026.,static_crystal_polymer,,
3O0J,diffdock,scored,0.61418,gnina v1.3.3 master:6fe1ce2   Built Jun 30 2026.,static_crystal_polymer,,
3O0U,equibind,scored,0.49195,gnina v1.3.3 master:6fe1ce2   Built Jun 30 2026.,static_crystal_polymer,,
3O0U,diffdock,scored,0.66646,gnina v1.3.3 master:6fe1ce2   Built Jun 30 2026.,static_crystal_polymer,,
3NZU,equibind,scored,0.61364,gnina v1.3.3 master:6fe1ce2   Built Jun 30 2026.,static_crystal_polymer,,
3NZU,diffdock,scored,0.82118,gnina v1.3.3 master:6fe1ce2   Built Jun 30 2026.,static_crystal_polymer,,
3O7U,equibind,scored,0.15136,gnina v1.3.3 master:6fe1ce2   Built Jun 30 2026.,static_crystal_polymer,,
3O7U,diffdock,scored,0.96013,gnina v1.3.3 master:6fe1ce2   Built Jun 30 2026.,static_crystal_polymer,,
3O64,equibind,scored,0.18442,gnina v1.3.3 master:6fe1ce2   Built Jun 30 2026.,static_crystal_polymer,,
3O64,diffdock,scored,0.40719,gnina v1.3.3 master:6fe1ce2   Built Jun 30 2026.,static_crystal_polymer,,
3NSH,equibind,scored,0.00079,gnina v1.3.3 master:6fe1ce2   Built Jun 30 2026.,static_crystal_polymer,,
3NSH,diffdock,scored,0.98783,gnina v1.3.3 master:6fe1ce2   Built Jun 30 2026.,static_crystal_polymer,,
3NXQ,equibind,scored,0.00011,gnina v1.3.3 master:6fe1ce2   Built Jun 30 2026.,static_crystal_polymer,,
3NXQ,diffdock,scored,0.37149,gnina v1.3.3 master:6fe1ce2   Built Jun 30 2026.,static_crystal_polymer,,
3O6T,equibind,scored,0.00521,gnina v1.3.3 master:6fe1ce2   Built Jun 30 2026.,static_crystal_polymer,,
3O6T,diffdock,scored,0.53816,gnina v1.3.3 master:6fe1ce2   Built Jun 30 2026.,static_crystal_polymer,,
3O8H,equibind,scored,0.0,gnina v1.3.3 master:6fe1ce2   Built Jun 30 2026.,static_crystal_polymer,,
3O8H,diffdock,scored,0.22574,gnina v1.3.3 master:6fe1ce2   Built Jun 30 2026.,static_crystal_polymer,,
3O75,equibind,scored,0.00183,gnina v1.3.3 master:6fe1ce2   Built Jun 30 2026.,static_crystal_polymer,,
3O75,diffdock,scored,0.93528,gnina v1.3.3 master:6fe1ce2   Built Jun 30 2026.,static_crystal_polymer,,
3O8P,equibind,scored,0.38806,gnina v1.3.3 master:6fe1ce2   Built Jun 30 2026.,static_crystal_polymer,,
3O8P,diffdock,scored,0.56918,gnina v1.3.3 master:6fe1ce2   Built Jun 30 2026.,static_crystal_polymer,,
3O9B,equibind,scored,0.67818,gnina v1.3.3 master:6fe1ce2   Built Jun 30 2026.,static_crystal_polymer,,
3O9B,diffdock,scored,0.87602,gnina v1.3.3 master:6fe1ce2   Built Jun 30 2026.,static_crystal_polymer,,
3O9C,equibind,scored,0.62263,gnina v1.3.3 master:6fe1ce2   Built Jun 30 2026.,static_crystal_polymer,,
3O9C,diffdock,scored,0.6985,gnina v1.3.3 master:6fe1ce2   Built Jun 30 2026.,static_crystal_polymer,,
3O4K,equibind,scored,0.0,gnina v1.3.3 master:6fe1ce2   Built Jun 30 2026.,static_crystal_polymer,,
3O4K,diffdock,scored,0.10894,gnina v1.3.3 master:6fe1ce2   Built Jun 30 2026.,static_crystal_polymer,,
3NIF,equibind,scored,0.00366,gnina v1.3.3 master:6fe1ce2   Built Jun 30 2026.,static_crystal_polymer,,
3NIF,diffdock,scored,0.90357,gnina v1.3.3 master:6fe1ce2   Built Jun 30 2026.,static_crystal_polymer,,
3O9H,equibind,scored,0.31441,gnina v1.3.3 master:6fe1ce2   Built Jun 30 2026.,static_crystal_polymer,,
3O9H,diffdock,scored,0.64079,gnina v1.3.3 master:6fe1ce2   Built Jun 30 2026.,static_crystal_polymer,,
3O84,equibind,scored,0.16579,gnina v1.3.3 master:6fe1ce2   Built Jun 30 2026.,static_crystal_polymer,,
3O84,diffdock,scored,0.16028,gnina v1.3.3 master:6fe1ce2   Built Jun 30 2026.,static_crystal_polymer,,
3N7A,equibind,scored,0.0132,gnina v1.3.3 master:6fe1ce2   Built Jun 30 2026.,static_crystal_polymer,,
3NYD,equibind,scored,0.00055,gnina v1.3.3 master:6fe1ce2   Built Jun 30 2026.,static_crystal_polymer,,
3NYD,diffdock,scored,0.93049,gnina v1.3.3 master:6fe1ce2   Built Jun 30 2026.,static_crystal_polymer,,
3OCP,equibind,scored,0.08237,gnina v1.3.3 master:6fe1ce2   Built Jun 30 2026.,static_crystal_polymer,,
3OCP,diffdock,scored,0.04799,gnina v1.3.3 master:6fe1ce2   Built Jun 30 2026.,static_crystal_polymer,,
3O86,equibind,scored,0.2758,gnina v1.3.3 master:6fe1ce2   Built Jun 30 2026.,static_crystal_polymer,,
3O86,diffdock,scored,0.41095,gnina v1.3.3 master:6fe1ce2   Built Jun 30 2026.,static_crystal_polymer,,
3OCT,equibind,scored,0.07072,gnina v1.3.3 master:6fe1ce2   Built Jun 30 2026.,static_crystal_polymer,,
3OCT,diffdock,scored,0.45124,gnina v1.3.3 master:6fe1ce2   Built Jun 30 2026.,static_crystal_polymer,,
3OCZ,equibind,scored,0.02818,gnina v1.3.3 master:6fe1ce2   Built Jun 30 2026.,static_crystal_polymer,,
3OCZ,diffdock,scored,0.43655,gnina v1.3.3 master:6fe1ce2   Built Jun 30 2026.,static_crystal_polymer,,
3OAY,equibind,scored,0.01737,gnina v1.3.3 master:6fe1ce2   Built Jun 30 2026.,static_crystal_polymer,,
3OAY,diffdock,scored,0.92266,gnina v1.3.3 master:6fe1ce2   Built Jun 30 2026.,static_crystal_polymer,,
3OCB,equibind,scored,2e-05,gnina v1.3.3 master:6fe1ce2   Built Jun 30 2026.,static_crystal_polymer,,
3OCB,diffdock,scored,0.41337,gnina v1.3.3 master:6fe1ce2   Built Jun 30 2026.,static_crystal_polymer,,
3OE6,equibind,scored,0.00475,gnina v1.3.3 master:6fe1ce2   Built Jun 30 2026.,static_crystal_polymer,,
3OE6,diffdock,scored,0.65162,gnina v1.3.3 master:6fe1ce2   Built Jun 30 2026.,static_crystal_polymer,,
3OG7,equibind,scored,0.00052,gnina v1.3.3 master:6fe1ce2   Built Jun 30 2026.,static_crystal_polymer,,
3OG7,diffdock,scored,0.49406,gnina v1.3.3 master:6fe1ce2   Built Jun 30 2026.,static_crystal_polymer,,
3OE9,equibind,scored,0.17718,gnina v1.3.3 master:6fe1ce2   Built Jun 30 2026.,static_crystal_polymer,,
3OE9,diffdock,scored,0.8213,gnina v1.3.3 master:6fe1ce2   Built Jun 30 2026.,static_crystal_polymer,,
3ODU,equibind,scored,9e-05,gnina v1.3.3 master:6fe1ce2   Built Jun 30 2026.,static_crystal_polymer,,
3ODU,diffdock,scored,0.90211,gnina v1.3.3 master:6fe1ce2   Built Jun 30 2026.,static_crystal_polymer,,
3OGQ,equibind,scored,0.43045,gnina v1.3.3 master:6fe1ce2   Built Jun 30 2026.,static_crystal_polymer,,
3OGQ,diffdock,scored,0.81389,gnina v1.3.3 master:6fe1ce2   Built Jun 30 2026.,static_crystal_polymer,,
3OC0,equibind,scored,0.00308,gnina v1.3.3 master:6fe1ce2   Built Jun 30 2026.,static_crystal_polymer,,
3OC0,diffdock,scored,0.70761,gnina v1.3.3 master:6fe1ce2   Built Jun 30 2026.,static_crystal_polymer,,
3OGP,equibind,scored,0.02258,gnina v1.3.3 master:6fe1ce2   Built Jun 30 2026.,static_crystal_polymer,,
3OGP,diffdock,scored,0.51027,gnina v1.3.3 master:6fe1ce2   Built Jun 30 2026.,static_crystal_polymer,,
3OIK,equibind,scored,0.62708,gnina v1.3.3 master:6fe1ce2   Built Jun 30 2026.,static_crystal_polymer,,
3OIK,diffdock,scored,0.39483,gnina v1.3.3 master:6fe1ce2   Built Jun 30 2026.,static_crystal_polymer,,
3N8N,equibind,scored,0.00705,gnina v1.3.3 master:6fe1ce2   Built Jun 30 2026.,static_crystal_polymer,,
3OIL,equibind,scored,0.14043,gnina v1.3.3 master:6fe1ce2   Built Jun 30 2026.,static_crystal_polymer,,
3OIL,diffdock,scored,0.33807,gnina v1.3.3 master:6fe1ce2   Built Jun 30 2026.,static_crystal_polymer,,
3OE8,equibind,scored,0.00079,gnina v1.3.3 master:6fe1ce2   Built Jun 30 2026.,static_crystal_polymer,,
3OE8,diffdock,scored,0.73108,gnina v1.3.3 master:6fe1ce2   Built Jun 30 2026.,static_crystal_polymer,,
3OIM,equibind,scored,0.39424,gnina v1.3.3 master:6fe1ce2   Built Jun 30 2026.,static_crystal_polymer,,
3OIM,diffdock,scored,0.66695,gnina v1.3.3 master:6fe1ce2   Built Jun 30 2026.,static_crystal_polymer,,
3OHF,equibind,scored,0.00057,gnina v1.3.3 master:6fe1ce2   Built Jun 30 2026.,static_crystal_polymer,,
3OHF,diffdock,scored,0.80879,gnina v1.3.3 master:6fe1ce2   Built Jun 30 2026.,static_crystal_polymer,,
3OHH,equibind,scored,0.0,gnina v1.3.3 master:6fe1ce2   Built Jun 30 2026.,static_crystal_polymer,,
3OHH,diffdock,scored,0.69835,gnina v1.3.3 master:6fe1ce2   Built Jun 30 2026.,static_crystal_polymer,,
3OKC,equibind,scored,0.00225,gnina v1.3.3 master:6fe1ce2   Built Jun 30 2026.,static_crystal_polymer,,
3OKC,diffdock,scored,0.68454,gnina v1.3.3 master:6fe1ce2   Built Jun 30 2026.,static_crystal_polymer,,
3OKU,equibind,scored,0.09979,gnina v1.3.3 master:6fe1ce2   Built Jun 30 2026.,static_crystal_polymer,,
3OKU,diffdock,scored,0.72297,gnina v1.3.3 master:6fe1ce2   Built Jun 30 2026.,static_crystal_polymer,,
3OKH,equibind,scored,0.00245,gnina v1.3.3 master:6fe1ce2   Built Jun 30 2026.,static_crystal_polymer,,
3OKH,diffdock,scored,0.4713,gnina v1.3.3 master:6fe1ce2   Built Jun 30 2026.,static_crystal_polymer,,
3OHI,equibind,scored,0.01739,gnina v1.3.3 master:6fe1ce2   Built Jun 30 2026.,static_crystal_polymer,,
3OHI,diffdock,scored,0.82281,gnina v1.3.3 master:6fe1ce2   Built Jun 30 2026.,static_crystal_polymer,,
3OKI,equibind,scored,1e-05,gnina v1.3.3 master:6fe1ce2   Built Jun 30 2026.,static_crystal_polymer,,
3OKI,diffdock,scored,0.95729,gnina v1.3.3 master:6fe1ce2   Built Jun 30 2026.,static_crystal_polymer,,
3OOB,equibind,scored,0.00172,gnina v1.3.3 master:6fe1ce2   Built Jun 30 2026.,static_crystal_polymer,,
3OOB,diffdock,scored,0.05789,gnina v1.3.3 master:6fe1ce2   Built Jun 30 2026.,static_crystal_polymer,,
3OKV,equibind,scored,0.28146,gnina v1.3.3 master:6fe1ce2   Built Jun 30 2026.,static_crystal_polymer,,
3OKV,diffdock,scored,0.22496,gnina v1.3.3 master:6fe1ce2   Built Jun 30 2026.,static_crystal_polymer,,
3OKA,equibind,scored,1e-05,gnina v1.3.3 master:6fe1ce2   Built Jun 30 2026.,static_crystal_polymer,,
3OKA,diffdock,scored,0.22674,gnina v1.3.3 master:6fe1ce2   Built Jun 30 2026.,static_crystal_polymer,,
3OT8,equibind,scored,0.19419,gnina v1.3.3 master:6fe1ce2   Built Jun 30 2026.,static_crystal_polymer,,
3OT8,diffdock,scored,0.47475,gnina v1.3.3 master:6fe1ce2   Built Jun 30 2026.,static_crystal_polymer,,
3OT3,equibind,scored,0.09806,gnina v1.3.3 master:6fe1ce2   Built Jun 30 2026.,static_crystal_polymer,,
3OT3,diffdock,scored,0.91571,gnina v1.3.3 master:6fe1ce2   Built Jun 30 2026.,static_crystal_polymer,,
3ORN,equibind,scored,0.00302,gnina v1.3.3 master:6fe1ce2   Built Jun 30 2026.,static_crystal_polymer,,
3ORN,diffdock,scored,0.28813,gnina v1.3.3 master:6fe1ce2   Built Jun 30 2026.,static_crystal_polymer,,
3OLF,equibind,scored,0.0,gnina v1.3.3 master:6fe1ce2   Built Jun 30 2026.,static_crystal_polymer,,
3OLF,diffdock,scored,0.99685,gnina v1.3.3 master:6fe1ce2   Built Jun 30 2026.,static_crystal_polymer,,
3OMM,equibind,scored,0.0,gnina v1.3.3 master:6fe1ce2   Built Jun 30 2026.,static_crystal_polymer,,
3OMM,diffdock,scored,0.97433,gnina v1.3.3 master:6fe1ce2   Built Jun 30 2026.,static_crystal_polymer,,
3OTF,equibind,scored,0.20156,gnina v1.3.3 master:6fe1ce2   Built Jun 30 2026.,static_crystal_polymer,,
3OTF,diffdock,scored,0.8347,gnina v1.3.3 master:6fe1ce2   Built Jun 30 2026.,static_crystal_polymer,,
3N2C,equibind,scored,0.00779,gnina v1.3.3 master:6fe1ce2   Built Jun 30 2026.,static_crystal_polymer,,
3OUJ,equibind,scored,0.35461,gnina v1.3.3 master:6fe1ce2   Built Jun 30 2026.,static_crystal_polymer,,
3OUJ,diffdock,scored,0.92993,gnina v1.3.3 master:6fe1ce2   Built Jun 30 2026.,static_crystal_polymer,,
3OVN,equibind,scored,0.51455,gnina v1.3.3 master:6fe1ce2   Built Jun 30 2026.,static_crystal_polymer,,
3OVN,diffdock,scored,0.67622,gnina v1.3.3 master:6fe1ce2   Built Jun 30 2026.,static_crystal_polymer,,
3OTQ,equibind,scored,0.03146,gnina v1.3.3 master:6fe1ce2   Built Jun 30 2026.,static_crystal_polymer,,
3OTQ,diffdock,scored,0.87609,gnina v1.3.3 master:6fe1ce2   Built Jun 30 2026.,static_crystal_polymer,,
3OQF,equibind,scored,0.00089,gnina v1.3.3 master:6fe1ce2   Built Jun 30 2026.,static_crystal_polymer,,
3OQF,diffdock,scored,0.867,gnina v1.3.3 master:6fe1ce2   Built Jun 30 2026.,static_crystal_polymer,,
3OW3,equibind,scored,0.01934,gnina v1.3.3 master:6fe1ce2   Built Jun 30 2026.,static_crystal_polymer,,
3OW3,diffdock,scored,0.72805,gnina v1.3.3 master:6fe1ce2   Built Jun 30 2026.,static_crystal_polymer,,
3OWD,equibind,scored,0.00569,gnina v1.3.3 master:6fe1ce2   Built Jun 30 2026.,static_crystal_polymer,,
3OWD,diffdock,scored,0.63408,gnina v1.3.3 master:6fe1ce2   Built Jun 30 2026.,static_crystal_polymer,,
3OVX,equibind,scored,0.03287,gnina v1.3.3 master:6fe1ce2   Built Jun 30 2026.,static_crystal_polymer,,
3OVX,diffdock,scored,0.60126,gnina v1.3.3 master:6fe1ce2   Built Jun 30 2026.,static_crystal_polymer,,
3OWL,equibind,scored,0.0687,gnina v1.3.3 master:6fe1ce2   Built Jun 30 2026.,static_crystal_polymer,,
3OWL,diffdock,scored,0.11815,gnina v1.3.3 master:6fe1ce2   Built Jun 30 2026.,static_crystal_polymer,,
3OXI,equibind,scored,0.70509,gnina v1.3.3 master:6fe1ce2   Built Jun 30 2026.,static_crystal_polymer,,
3OXI,diffdock,scored,0.94227,gnina v1.3.3 master:6fe1ce2   Built Jun 30 2026.,static_crystal_polymer,,
3OYQ,equibind,scored,0.1511,gnina v1.3.3 master:6fe1ce2   Built Jun 30 2026.,static_crystal_polymer,,
3OYQ,diffdock,scored,0.34516,gnina v1.3.3 master:6fe1ce2   Built Jun 30 2026.,static_crystal_polymer,,
3OXC,equibind,scored,0.00213,gnina v1.3.3 master:6fe1ce2   Built Jun 30 2026.,static_crystal_polymer,,
3OXC,diffdock,scored,0.71401,gnina v1.3.3 master:6fe1ce2   Built Jun 30 2026.,static_crystal_polymer,,
3OY0,equibind,scored,0.35283,gnina v1.3.3 master:6fe1ce2   Built Jun 30 2026.,static_crystal_polymer,,
3OY0,diffdock,scored,0.59986,gnina v1.3.3 master:6fe1ce2   Built Jun 30 2026.,static_crystal_polymer,,
3P17,equibind,scored,0.18331,gnina v1.3.3 master:6fe1ce2   Built Jun 30 2026.,static_crystal_polymer,,
3P17,diffdock,scored,0.43767,gnina v1.3.3 master:6fe1ce2   Built Jun 30 2026.,static_crystal_polymer,,
3OW4,equibind,scored,0.00275,gnina v1.3.3 master:6fe1ce2   Built Jun 30 2026.,static_crystal_polymer,,
3OW4,diffdock,scored,0.44528,gnina v1.3.3 master:6fe1ce2   Built Jun 30 2026.,static_crystal_polymer,,
3P0G,equibind,scored,0.02246,gnina v1.3.3 master:6fe1ce2   Built Jun 30 2026.,static_crystal_polymer,,
3P0G,diffdock,scored,0.46798,gnina v1.3.3 master:6fe1ce2   Built Jun 30 2026.,static_crystal_polymer,,
3OZJ,equibind,scored,0.00427,gnina v1.3.3 master:6fe1ce2   Built Jun 30 2026.,static_crystal_polymer,,
3OZJ,diffdock,scored,0.50254,gnina v1.3.3 master:6fe1ce2   Built Jun 30 2026.,static_crystal_polymer,,
3OZP,equibind,scored,0.00505,gnina v1.3.3 master:6fe1ce2   Built Jun 30 2026.,static_crystal_polymer,,
3OZP,diffdock,scored,0.92448,gnina v1.3.3 master:6fe1ce2   Built Jun 30 2026.,static_crystal_polymer,,
3P1D,equibind,scored,0.03672,gnina v1.3.3 master:6fe1ce2   Built Jun 30 2026.,static_crystal_polymer,,
3P1D,diffdock,scored,0.87758,gnina v1.3.3 master:6fe1ce2   Built Jun 30 2026.,static_crystal_polymer,,
3P2H,equibind,scored,0.22555,gnina v1.3.3 master:6fe1ce2   Built Jun 30 2026.,static_crystal_polymer,,
3P2H,diffdock,scored,0.91733,gnina v1.3.3 master:6fe1ce2   Built Jun 30 2026.,static_crystal_polymer,,
3P3T,equibind,scored,0.0,gnina v1.3.3 master:6fe1ce2   Built Jun 30 2026.,static_crystal_polymer,,
3P3T,diffdock,scored,0.21209,gnina v1.3.3 master:6fe1ce2   Built Jun 30 2026.,static_crystal_polymer,,
3P3U,equibind,scored,0.01945,gnina v1.3.3 master:6fe1ce2   Built Jun 30 2026.,static_crystal_polymer,,
3P3U,diffdock,scored,0.32099,gnina v1.3.3 master:6fe1ce2   Built Jun 30 2026.,static_crystal_polymer,,
3P4V,equibind,scored,0.4344,gnina v1.3.3 master:6fe1ce2   Built Jun 30 2026.,static_crystal_polymer,,
3P4V,diffdock,scored,0.3463,gnina v1.3.3 master:6fe1ce2   Built Jun 30 2026.,static_crystal_polymer,,
3OZG,equibind,scored,0.00028,gnina v1.3.3 master:6fe1ce2   Built Jun 30 2026.,static_crystal_polymer,,
3OZG,diffdock,scored,0.6706,gnina v1.3.3 master:6fe1ce2   Built Jun 30 2026.,static_crystal_polymer,,
3OZ1,equibind,scored,1e-05,gnina v1.3.3 master:6fe1ce2   Built Jun 30 2026.,static_crystal_polymer,,
3OZ1,diffdock,scored,0.16724,gnina v1.3.3 master:6fe1ce2   Built Jun 30 2026.,static_crystal_polymer,,
3P5K,equibind,scored,0.59054,gnina v1.3.3 master:6fe1ce2   Built Jun 30 2026.,static_crystal_polymer,,
3P5K,diffdock,scored,0.44362,gnina v1.3.3 master:6fe1ce2   Built Jun 30 2026.,static_crystal_polymer,,
3P78,equibind,scored,0.01804,gnina v1.3.3 master:6fe1ce2   Built Jun 30 2026.,static_crystal_polymer,,
3P78,diffdock,scored,0.74551,gnina v1.3.3 master:6fe1ce2   Built Jun 30 2026.,static_crystal_polymer,,
3OTX,equibind,scored,0.0,gnina v1.3.3 master:6fe1ce2   Built Jun 30 2026.,static_crystal_polymer,,
3OTX,diffdock,scored,0.43096,gnina v1.3.3 master:6fe1ce2   Built Jun 30 2026.,static_crystal_polymer,,
3P79,equibind,scored,0.20869,gnina v1.3.3 master:6fe1ce2   Built Jun 30 2026.,static_crystal_polymer,,
3P79,diffdock,scored,0.25935,gnina v1.3.3 master:6fe1ce2   Built Jun 30 2026.,static_crystal_polymer,,
3P7A,equibind,scored,0.27326,gnina v1.3.3 master:6fe1ce2   Built Jun 30 2026.,static_crystal_polymer,,
3P7A,diffdock,scored,0.92299,gnina v1.3.3 master:6fe1ce2   Built Jun 30 2026.,static_crystal_polymer,,
3P7B,equibind,scored,0.19467,gnina v1.3.3 master:6fe1ce2   Built Jun 30 2026.,static_crystal_polymer,,
3P7B,diffdock,scored,0.91214,gnina v1.3.3 master:6fe1ce2   Built Jun 30 2026.,static_crystal_polymer,,
3P7C,equibind,scored,0.23701,gnina v1.3.3 master:6fe1ce2   Built Jun 30 2026.,static_crystal_polymer,,
3P7C,diffdock,scored,0.56523,gnina v1.3.3 master:6fe1ce2   Built Jun 30 2026.,static_crystal_polymer,,
3P7I,equibind,scored,0.10747,gnina v1.3.3 master:6fe1ce2   Built Jun 30 2026.,static_crystal_polymer,,
3P7I,diffdock,scored,0.93219,gnina v1.3.3 master:6fe1ce2   Built Jun 30 2026.,static_crystal_polymer,,
3PAX,equibind,scored,0.51341,gnina v1.3.3 master:6fe1ce2   Built Jun 30 2026.,static_crystal_polymer,,
3PAX,diffdock,scored,0.97064,gnina v1.3.3 master:6fe1ce2   Built Jun 30 2026.,static_crystal_polymer,,
3P8E,equibind,scored,0.00046,gnina v1.3.3 master:6fe1ce2   Built Jun 30 2026.,static_crystal_polymer,,
3P8E,diffdock,scored,0.82662,gnina v1.3.3 master:6fe1ce2   Built Jun 30 2026.,static_crystal_polymer,,
3PB7,equibind,scored,0.00187,gnina v1.3.3 master:6fe1ce2   Built Jun 30 2026.,static_crystal_polymer,,
3PB7,diffdock,scored,0.40167,gnina v1.3.3 master:6fe1ce2   Built Jun 30 2026.,static_crystal_polymer,,
3PA8,equibind,scored,0.00269,gnina v1.3.3 master:6fe1ce2   Built Jun 30 2026.,static_crystal_polymer,,
3PA8,diffdock,scored,0.38004,gnina v1.3.3 master:6fe1ce2   Built Jun 30 2026.,static_crystal_polymer,,
3PB8,equibind,scored,0.14531,gnina v1.3.3 master:6fe1ce2   Built Jun 30 2026.,static_crystal_polymer,,
3PB8,diffdock,scored,0.8753,gnina v1.3.3 master:6fe1ce2   Built Jun 30 2026.,static_crystal_polymer,,
3PB3,equibind,scored,0.00294,gnina v1.3.3 master:6fe1ce2   Built Jun 30 2026.,static_crystal_polymer,,
3PB3,diffdock,scored,0.87266,gnina v1.3.3 master:6fe1ce2   Built Jun 30 2026.,static_crystal_polymer,,
3P8H,equibind,scored,0.03605,gnina v1.3.3 master:6fe1ce2   Built Jun 30 2026.,static_crystal_polymer,,
3P8H,diffdock,scored,0.87172,gnina v1.3.3 master:6fe1ce2   Built Jun 30 2026.,static_crystal_polymer,,
3P23,equibind,scored,0.00281,gnina v1.3.3 master:6fe1ce2   Built Jun 30 2026.,static_crystal_polymer,,
3P23,diffdock,scored,0.64321,gnina v1.3.3 master:6fe1ce2   Built Jun 30 2026.,static_crystal_polymer,,
3PB9,equibind,scored,0.23262,gnina v1.3.3 master:6fe1ce2   Built Jun 30 2026.,static_crystal_polymer,,
3PB9,diffdock,scored,0.89923,gnina v1.3.3 master:6fe1ce2   Built Jun 30 2026.,static_crystal_polymer,,
3PBB,equibind,scored,0.00103,gnina v1.3.3 master:6fe1ce2   Built Jun 30 2026.,static_crystal_polymer,,
3PBB,diffdock,scored,0.55248,gnina v1.3.3 master:6fe1ce2   Built Jun 30 2026.,static_crystal_polymer,,
3P4R,equibind,scored,0.92097,gnina v1.3.3 master:6fe1ce2   Built Jun 30 2026.,static_crystal_polymer,,
3P4R,diffdock,scored,0.08399,gnina v1.3.3 master:6fe1ce2   Built Jun 30 2026.,static_crystal_polymer,,
3P50,equibind,scored,0.6116,gnina v1.3.3 master:6fe1ce2   Built Jun 30 2026.,static_crystal_polymer,,
3P50,diffdock,scored,0.58597,gnina v1.3.3 master:6fe1ce2   Built Jun 30 2026.,static_crystal_polymer,,
3PCU,equibind,scored,0.31234,gnina v1.3.3 master:6fe1ce2   Built Jun 30 2026.,static_crystal_polymer,,
3PCU,diffdock,scored,0.69019,gnina v1.3.3 master:6fe1ce2   Built Jun 30 2026.,static_crystal_polymer,,
3P4W,equibind,scored,0.84146,gnina v1.3.3 master:6fe1ce2   Built Jun 30 2026.,static_crystal_polymer,,
3P4W,diffdock,scored,0.88919,gnina v1.3.3 master:6fe1ce2   Built Jun 30 2026.,static_crystal_polymer,,
3PD2,equibind,scored,9e-05,gnina v1.3.3 master:6fe1ce2   Built Jun 30 2026.,static_crystal_polymer,,
3PD2,diffdock,scored,0.57374,gnina v1.3.3 master:6fe1ce2   Built Jun 30 2026.,static_crystal_polymer,,
3PD4,equibind,scored,0.10177,gnina v1.3.3 master:6fe1ce2   Built Jun 30 2026.,static_crystal_polymer,,
3PD4,diffdock,scored,0.77048,gnina v1.3.3 master:6fe1ce2   Built Jun 30 2026.,static_crystal_polymer,,
3PE1,equibind,scored,0.64799,gnina v1.3.3 master:6fe1ce2   Built Jun 30 2026.,static_crystal_polymer,,
3PE1,diffdock,scored,0.98514,gnina v1.3.3 master:6fe1ce2   Built Jun 30 2026.,static_crystal_polymer,,
3PD9,equibind,scored,0.05042,gnina v1.3.3 master:6fe1ce2   Built Jun 30 2026.,static_crystal_polymer,,
3PD9,diffdock,scored,0.70578,gnina v1.3.3 master:6fe1ce2   Built Jun 30 2026.,static_crystal_polymer,,
3PCJ,equibind,scored,0.79395,gnina v1.3.3 master:6fe1ce2   Built Jun 30 2026.,static_crystal_polymer,,
3PCJ,diffdock,scored,0.88485,gnina v1.3.3 master:6fe1ce2   Built Jun 30 2026.,static_crystal_polymer,,
3PCE,equibind,scored,0.79515,gnina v1.3.3 master:6fe1ce2   Built Jun 30 2026.,static_crystal_polymer,,
3PCE,diffdock,scored,0.7433,gnina v1.3.3 master:6fe1ce2   Built Jun 30 2026.,static_crystal_polymer,,
3PCK,equibind,scored,0.75301,gnina v1.3.3 master:6fe1ce2   Built Jun 30 2026.,static_crystal_polymer,,
3PCK,diffdock,scored,0.93227,gnina v1.3.3 master:6fe1ce2   Built Jun 30 2026.,static_crystal_polymer,,
3PCB,equibind,scored,0.80141,gnina v1.3.3 master:6fe1ce2   Built Jun 30 2026.,static_crystal_polymer,,
3PCB,diffdock,scored,0.53943,gnina v1.3.3 master:6fe1ce2   Built Jun 30 2026.,static_crystal_polymer,,
3PIZ,equibind,scored,0.01188,gnina v1.3.3 master:6fe1ce2   Built Jun 30 2026.,static_crystal_polymer,,
3PIZ,diffdock,scored,0.676,gnina v1.3.3 master:6fe1ce2   Built Jun 30 2026.,static_crystal_polymer,,
3PIX,equibind,scored,0.22641,gnina v1.3.3 master:6fe1ce2   Built Jun 30 2026.,static_crystal_polymer,,
3PIX,diffdock,scored,0.93804,gnina v1.3.3 master:6fe1ce2   Built Jun 30 2026.,static_crystal_polymer,,
3PCF,equibind,scored,0.06559,gnina v1.3.3 master:6fe1ce2   Built Jun 30 2026.,static_crystal_polymer,,
3PCF,diffdock,scored,0.61452,gnina v1.3.3 master:6fe1ce2   Built Jun 30 2026.,static_crystal_polymer,,
3PGU,equibind,scored,0.02485,gnina v1.3.3 master:6fe1ce2   Built Jun 30 2026.,static_crystal_polymer,,
3PGU,diffdock,scored,0.32613,gnina v1.3.3 master:6fe1ce2   Built Jun 30 2026.,static_crystal_polymer,,
3PJ2,equibind,scored,0.03974,gnina v1.3.3 master:6fe1ce2   Built Jun 30 2026.,static_crystal_polymer,,
3PJ2,diffdock,scored,0.78129,gnina v1.3.3 master:6fe1ce2   Built Jun 30 2026.,static_crystal_polymer,,
3OGM,equibind,scored,0.3048,gnina v1.3.3 master:6fe1ce2   Built Jun 30 2026.,static_crystal_polymer,,
3PCC,equibind,scored,0.85177,gnina v1.3.3 master:6fe1ce2   Built Jun 30 2026.,static_crystal_polymer,,
3PCC,diffdock,scored,0.71021,gnina v1.3.3 master:6fe1ce2   Built Jun 30 2026.,static_crystal_polymer,,
3PJ8,equibind,scored,0.24227,gnina v1.3.3 master:6fe1ce2   Built Jun 30 2026.,static_crystal_polymer,,
3PJ8,diffdock,scored,0.85137,gnina v1.3.3 master:6fe1ce2   Built Jun 30 2026.,static_crystal_polymer,,
3PDQ,equibind,scored,2e-05,gnina v1.3.3 master:6fe1ce2   Built Jun 30 2026.,static_crystal_polymer,,
3PDQ,diffdock,scored,0.86754,gnina v1.3.3 master:6fe1ce2   Built Jun 30 2026.,static_crystal_polymer,,
3PKB,equibind,scored,0.62243,gnina v1.3.3 master:6fe1ce2   Built Jun 30 2026.,static_crystal_polymer,,
3PKB,diffdock,scored,0.95908,gnina v1.3.3 master:6fe1ce2   Built Jun 30 2026.,static_crystal_polymer,,
3PKA,equibind,scored,0.00337,gnina v1.3.3 master:6fe1ce2   Built Jun 30 2026.,static_crystal_polymer,,
3PKA,diffdock,scored,0.70398,gnina v1.3.3 master:6fe1ce2   Built Jun 30 2026.,static_crystal_polymer,,
3PCH,equibind,scored,0.8773,gnina v1.3.3 master:6fe1ce2   Built Jun 30 2026.,static_crystal_polymer,,
3PCH,diffdock,scored,0.63417,gnina v1.3.3 master:6fe1ce2   Built Jun 30 2026.,static_crystal_polymer,,
3PKC,equibind,scored,0.02283,gnina v1.3.3 master:6fe1ce2   Built Jun 30 2026.,static_crystal_polymer,,
3PKC,diffdock,scored,0.91009,gnina v1.3.3 master:6fe1ce2   Built Jun 30 2026.,static_crystal_polymer,,
3PJG,equibind,scored,2e-05,gnina v1.3.3 master:6fe1ce2   Built Jun 30 2026.,static_crystal_polymer,,
3PJG,diffdock,scored,0.28264,gnina v1.3.3 master:6fe1ce2   Built Jun 30 2026.,static_crystal_polymer,,
3PKE,equibind,scored,0.19301,gnina v1.3.3 master:6fe1ce2   Built Jun 30 2026.,static_crystal_polymer,,
3PKE,diffdock,scored,0.96429,gnina v1.3.3 master:6fe1ce2   Built Jun 30 2026.,static_crystal_polymer,,
3PKD,equibind,scored,0.51556,gnina v1.3.3 master:6fe1ce2   Built Jun 30 2026.,static_crystal_polymer,,
3PKD,diffdock,scored,0.63098,gnina v1.3.3 master:6fe1ce2   Built Jun 30 2026.,static_crystal_polymer,,
3PN1,equibind,scored,0.12003,gnina v1.3.3 master:6fe1ce2   Built Jun 30 2026.,static_crystal_polymer,,
3PN1,diffdock,scored,0.8898,gnina v1.3.3 master:6fe1ce2   Built Jun 30 2026.,static_crystal_polymer,,
3PM1,equibind,scored,0.00048,gnina v1.3.3 master:6fe1ce2   Built Jun 30 2026.,static_crystal_polymer,,
3PM1,diffdock,scored,0.59486,gnina v1.3.3 master:6fe1ce2   Built Jun 30 2026.,static_crystal_polymer,,
3PN4,equibind,scored,0.00086,gnina v1.3.3 master:6fe1ce2   Built Jun 30 2026.,static_crystal_polymer,,
3PN4,diffdock,scored,0.86586,gnina v1.3.3 master:6fe1ce2   Built Jun 30 2026.,static_crystal_polymer,,
3PO6,equibind,scored,0.19168,gnina v1.3.3 master:6fe1ce2   Built Jun 30 2026.,static_crystal_polymer,,
3PO6,diffdock,scored,0.2229,gnina v1.3.3 master:6fe1ce2   Built Jun 30 2026.,static_crystal_polymer,,
3PFP,equibind,scored,0.00035,gnina v1.3.3 master:6fe1ce2   Built Jun 30 2026.,static_crystal_polymer,,
3PFP,diffdock,scored,0.92214,gnina v1.3.3 master:6fe1ce2   Built Jun 30 2026.,static_crystal_polymer,,
3PN3,equibind,scored,4e-05,gnina v1.3.3 master:6fe1ce2   Built Jun 30 2026.,static_crystal_polymer,,
3PN3,diffdock,scored,0.41068,gnina v1.3.3 master:6fe1ce2   Built Jun 30 2026.,static_crystal_polymer,,
3POZ,equibind,scored,0.02918,gnina v1.3.3 master:6fe1ce2   Built Jun 30 2026.,static_crystal_polymer,,
3POZ,diffdock,scored,0.5815,gnina v1.3.3 master:6fe1ce2   Built Jun 30 2026.,static_crystal_polymer,,
3PP1,equibind,scored,0.09439,gnina v1.3.3 master:6fe1ce2   Built Jun 30 2026.,static_crystal_polymer,,
3PP1,diffdock,scored,0.81101,gnina v1.3.3 master:6fe1ce2   Built Jun 30 2026.,static_crystal_polymer,,
3OEU,equibind,scored,0.18907,gnina v1.3.3 master:6fe1ce2   Built Jun 30 2026.,static_crystal_polymer,,
3PI5,equibind,scored,3e-05,gnina v1.3.3 master:6fe1ce2   Built Jun 30 2026.,static_crystal_polymer,,
3PI5,diffdock,scored,0.74077,gnina v1.3.3 master:6fe1ce2   Built Jun 30 2026.,static_crystal_polymer,,
3PPK,equibind,scored,0.00324,gnina v1.3.3 master:6fe1ce2   Built Jun 30 2026.,static_crystal_polymer,,
3PPK,diffdock,scored,0.30704,gnina v1.3.3 master:6fe1ce2   Built Jun 30 2026.,static_crystal_polymer,,
3PPO,equibind,scored,0.00408,gnina v1.3.3 master:6fe1ce2   Built Jun 30 2026.,static_crystal_polymer,,
3PPO,diffdock,scored,0.91171,gnina v1.3.3 master:6fe1ce2   Built Jun 30 2026.,static_crystal_polymer,,
3PCN,equibind,scored,0.59715,gnina v1.3.3 master:6fe1ce2   Built Jun 30 2026.,static_crystal_polymer,,
3PCN,diffdock,scored,0.82908,gnina v1.3.3 master:6fe1ce2   Built Jun 30 2026.,static_crystal_polymer,,
3PPQ,equibind,scored,0.02611,gnina v1.3.3 master:6fe1ce2   Built Jun 30 2026.,static_crystal_polymer,,
3PPQ,diffdock,scored,0.77817,gnina v1.3.3 master:6fe1ce2   Built Jun 30 2026.,static_crystal_polymer,,
3PPR,equibind,scored,0.00403,gnina v1.3.3 master:6fe1ce2   Built Jun 30 2026.,static_crystal_polymer,,
3PPR,diffdock,scored,0.89841,gnina v1.3.3 master:6fe1ce2   Built Jun 30 2026.,static_crystal_polymer,,
3PPP,equibind,scored,0.00467,gnina v1.3.3 master:6fe1ce2   Built Jun 30 2026.,static_crystal_polymer,,
3PPP,diffdock,scored,0.96582,gnina v1.3.3 master:6fe1ce2   Built Jun 30 2026.,static_crystal_polymer,,
3PTY,equibind,scored,0.02372,gnina v1.3.3 master:6fe1ce2   Built Jun 30 2026.,static_crystal_polymer,,
3PTY,diffdock,scored,0.13465,gnina v1.3.3 master:6fe1ce2   Built Jun 30 2026.,static_crystal_polymer,,
3PTG,equibind,scored,0.65996,gnina v1.3.3 master:6fe1ce2   Built Jun 30 2026.,static_crystal_polymer,,
3PTG,diffdock,scored,0.76106,gnina v1.3.3 master:6fe1ce2   Built Jun 30 2026.,static_crystal_polymer,,
3PRZ,equibind,scored,0.32304,gnina v1.3.3 master:6fe1ce2   Built Jun 30 2026.,static_crystal_polymer,,
3PRZ,diffdock,scored,0.9797,gnina v1.3.3 master:6fe1ce2   Built Jun 30 2026.,static_crystal_polymer,,
3PWH,equibind,scored,0.34022,gnina v1.3.3 master:6fe1ce2   Built Jun 30 2026.,static_crystal_polymer,,
3PWH,diffdock,scored,0.74362,gnina v1.3.3 master:6fe1ce2   Built Jun 30 2026.,static_crystal_polymer,,
3PY0,equibind,scored,0.39147,gnina v1.3.3 master:6fe1ce2   Built Jun 30 2026.,static_crystal_polymer,,
3PY0,diffdock,scored,0.81048,gnina v1.3.3 master:6fe1ce2   Built Jun 30 2026.,static_crystal_polymer,,
3PS6,equibind,scored,0.23643,gnina v1.3.3 master:6fe1ce2   Built Jun 30 2026.,static_crystal_polymer,,
3PS6,diffdock,scored,0.83113,gnina v1.3.3 master:6fe1ce2   Built Jun 30 2026.,static_crystal_polymer,,
3PPM,equibind,scored,0.25681,gnina v1.3.3 master:6fe1ce2   Built Jun 30 2026.,static_crystal_polymer,,
3PPM,diffdock,scored,0.69839,gnina v1.3.3 master:6fe1ce2   Built Jun 30 2026.,static_crystal_polymer,,
3PSD,equibind,scored,0.00012,gnina v1.3.3 master:6fe1ce2   Built Jun 30 2026.,static_crystal_polymer,,
3PSD,diffdock,scored,0.58527,gnina v1.3.3 master:6fe1ce2   Built Jun 30 2026.,static_crystal_polymer,,
3Q1X,equibind,scored,0.2564,gnina v1.3.3 master:6fe1ce2   Built Jun 30 2026.,static_crystal_polymer,,
3Q1X,diffdock,scored,0.6656,gnina v1.3.3 master:6fe1ce2   Built Jun 30 2026.,static_crystal_polymer,,
3PWW,equibind,scored,0.00041,gnina v1.3.3 master:6fe1ce2   Built Jun 30 2026.,static_crystal_polymer,,
3PWW,diffdock,scored,0.83757,gnina v1.3.3 master:6fe1ce2   Built Jun 30 2026.,static_crystal_polymer,,
3Q2M,equibind,scored,0.16228,gnina v1.3.3 master:6fe1ce2   Built Jun 30 2026.,static_crystal_polymer,,
3Q2M,diffdock,scored,0.26373,gnina v1.3.3 master:6fe1ce2   Built Jun 30 2026.,static_crystal_polymer,,
3PYY,equibind,scored,0.0,gnina v1.3.3 master:6fe1ce2   Built Jun 30 2026.,static_crystal_polymer,,
3PYY,diffdock,scored,0.57486,gnina v1.3.3 master:6fe1ce2   Built Jun 30 2026.,static_crystal_polymer,,
3PR0,equibind,scored,0.00193,gnina v1.3.3 master:6fe1ce2   Built Jun 30 2026.,static_crystal_polymer,,
3PR0,diffdock,scored,0.29122,gnina v1.3.3 master:6fe1ce2   Built Jun 30 2026.,static_crystal_polymer,,
3Q3K,equibind,scored,0.02625,gnina v1.3.3 master:6fe1ce2   Built Jun 30 2026.,static_crystal_polymer,,
3Q3K,diffdock,scored,0.72091,gnina v1.3.3 master:6fe1ce2   Built Jun 30 2026.,static_crystal_polymer,,
3Q2J,equibind,scored,0.00597,gnina v1.3.3 master:6fe1ce2   Built Jun 30 2026.,static_crystal_polymer,,
3Q2J,diffdock,scored,0.83414,gnina v1.3.3 master:6fe1ce2   Built Jun 30 2026.,static_crystal_polymer,,
3PZ3,equibind,scored,0.00365,gnina v1.3.3 master:6fe1ce2   Built Jun 30 2026.,static_crystal_polymer,,
3PZ3,diffdock,scored,0.04214,gnina v1.3.3 master:6fe1ce2   Built Jun 30 2026.,static_crystal_polymer,,
3Q2H,equibind,scored,0.0142,gnina v1.3.3 master:6fe1ce2   Built Jun 30 2026.,static_crystal_polymer,,
3Q2H,diffdock,scored,0.55325,gnina v1.3.3 master:6fe1ce2   Built Jun 30 2026.,static_crystal_polymer,,
3Q6W,equibind,scored,0.61658,gnina v1.3.3 master:6fe1ce2   Built Jun 30 2026.,static_crystal_polymer,,
3Q6W,diffdock,scored,0.75978,gnina v1.3.3 master:6fe1ce2   Built Jun 30 2026.,static_crystal_polymer,,
3Q3T,equibind,scored,0.0053,gnina v1.3.3 master:6fe1ce2   Built Jun 30 2026.,static_crystal_polymer,,
3Q3T,diffdock,scored,0.65861,gnina v1.3.3 master:6fe1ce2   Built Jun 30 2026.,static_crystal_polymer,,
3Q4B,equibind,scored,0.00029,gnina v1.3.3 master:6fe1ce2   Built Jun 30 2026.,static_crystal_polymer,,
3Q4B,diffdock,scored,0.75453,gnina v1.3.3 master:6fe1ce2   Built Jun 30 2026.,static_crystal_polymer,,
3Q72,equibind,scored,2e-05,gnina v1.3.3 master:6fe1ce2   Built Jun 30 2026.,static_crystal_polymer,,
3Q72,diffdock,scored,0.22634,gnina v1.3.3 master:6fe1ce2   Built Jun 30 2026.,static_crystal_polymer,,
3Q6K,equibind,scored,0.21465,gnina v1.3.3 master:6fe1ce2   Built Jun 30 2026.,static_crystal_polymer,,
3Q6K,diffdock,scored,0.10997,gnina v1.3.3 master:6fe1ce2   Built Jun 30 2026.,static_crystal_polymer,,
3Q2A,equibind,scored,0.02994,gnina v1.3.3 master:6fe1ce2   Built Jun 30 2026.,static_crystal_polymer,,
3Q2A,diffdock,scored,0.24167,gnina v1.3.3 master:6fe1ce2   Built Jun 30 2026.,static_crystal_polymer,,
3Q7P,equibind,scored,0.0,gnina v1.3.3 master:6fe1ce2   Built Jun 30 2026.,static_crystal_polymer,,
3Q7P,diffdock,scored,0.39413,gnina v1.3.3 master:6fe1ce2   Built Jun 30 2026.,static_crystal_polymer,,
3Q5H,equibind,scored,0.0005,gnina v1.3.3 master:6fe1ce2   Built Jun 30 2026.,static_crystal_polymer,,
3Q5H,diffdock,scored,0.62883,gnina v1.3.3 master:6fe1ce2   Built Jun 30 2026.,static_crystal_polymer,,
3Q7Q,equibind,scored,5e-05,gnina v1.3.3 master:6fe1ce2   Built Jun 30 2026.,static_crystal_polymer,,
3Q7Q,diffdock,scored,0.30861,gnina v1.3.3 master:6fe1ce2   Built Jun 30 2026.,static_crystal_polymer,,
3QA2,equibind,scored,0.20575,gnina v1.3.3 master:6fe1ce2   Built Jun 30 2026.,static_crystal_polymer,,
3QA2,diffdock,scored,0.77121,gnina v1.3.3 master:6fe1ce2   Built Jun 30 2026.,static_crystal_polymer,,
3Q92,equibind,scored,0.05796,gnina v1.3.3 master:6fe1ce2   Built Jun 30 2026.,static_crystal_polymer,,
3Q92,diffdock,scored,0.30105,gnina v1.3.3 master:6fe1ce2   Built Jun 30 2026.,static_crystal_polymer,,
3Q8H,equibind,scored,3e-05,gnina v1.3.3 master:6fe1ce2   Built Jun 30 2026.,static_crystal_polymer,,
3Q8H,diffdock,scored,0.79416,gnina v1.3.3 master:6fe1ce2   Built Jun 30 2026.,static_crystal_polymer,,
3QAI,equibind,scored,0.26321,gnina v1.3.3 master:6fe1ce2   Built Jun 30 2026.,static_crystal_polymer,,
3QAI,diffdock,scored,0.77973,gnina v1.3.3 master:6fe1ce2   Built Jun 30 2026.,static_crystal_polymer,,
3QCH,equibind,scored,0.04349,gnina v1.3.3 master:6fe1ce2   Built Jun 30 2026.,static_crystal_polymer,,
3QCH,diffdock,scored,0.91264,gnina v1.3.3 master:6fe1ce2   Built Jun 30 2026.,static_crystal_polymer,,
3QCI,equibind,scored,0.00472,gnina v1.3.3 master:6fe1ce2   Built Jun 30 2026.,static_crystal_polymer,,
3QCI,diffdock,scored,0.21734,gnina v1.3.3 master:6fe1ce2   Built Jun 30 2026.,static_crystal_polymer,,
3QC4,equibind,scored,6e-05,gnina v1.3.3 master:6fe1ce2   Built Jun 30 2026.,static_crystal_polymer,,
3QC4,diffdock,scored,0.82865,gnina v1.3.3 master:6fe1ce2   Built Jun 30 2026.,static_crystal_polymer,,
3QCE,equibind,scored,0.11423,gnina v1.3.3 master:6fe1ce2   Built Jun 30 2026.,static_crystal_polymer,,
3QCE,diffdock,scored,0.52002,gnina v1.3.3 master:6fe1ce2   Built Jun 30 2026.,static_crystal_polymer,,
3Q7J,equibind,scored,0.00099,gnina v1.3.3 master:6fe1ce2   Built Jun 30 2026.,static_crystal_polymer,,
3Q7J,diffdock,scored,0.32318,gnina v1.3.3 master:6fe1ce2   Built Jun 30 2026.,static_crystal_polymer,,
3QCL,equibind,scored,0.00017,gnina v1.3.3 master:6fe1ce2   Built Jun 30 2026.,static_crystal_polymer,,
3QCL,diffdock,scored,0.58207,gnina v1.3.3 master:6fe1ce2   Built Jun 30 2026.,static_crystal_polymer,,
3QD0,equibind,scored,0.42356,gnina v1.3.3 master:6fe1ce2   Built Jun 30 2026.,static_crystal_polymer,,
3QD0,diffdock,scored,0.81567,gnina v1.3.3 master:6fe1ce2   Built Jun 30 2026.,static_crystal_polymer,,
3QCF,equibind,scored,0.19194,gnina v1.3.3 master:6fe1ce2   Built Jun 30 2026.,static_crystal_polymer,,
3QCF,diffdock,scored,0.86786,gnina v1.3.3 master:6fe1ce2   Built Jun 30 2026.,static_crystal_polymer,,
3QGW,equibind,scored,0.00122,gnina v1.3.3 master:6fe1ce2   Built Jun 30 2026.,static_crystal_polymer,,
3QGW,diffdock,scored,0.92196,gnina v1.3.3 master:6fe1ce2   Built Jun 30 2026.,static_crystal_polymer,,
3QBH,equibind,scored,3e-05,gnina v1.3.3 master:6fe1ce2   Built Jun 30 2026.,static_crystal_polymer,,
3QBH,diffdock,scored,0.77084,gnina v1.3.3 master:6fe1ce2   Built Jun 30 2026.,static_crystal_polymer,,
3QGY,equibind,scored,0.06525,gnina v1.3.3 master:6fe1ce2   Built Jun 30 2026.,static_crystal_polymer,,
3QGY,diffdock,scored,0.29798,gnina v1.3.3 master:6fe1ce2   Built Jun 30 2026.,static_crystal_polymer,,
3QFV,equibind,scored,0.16353,gnina v1.3.3 master:6fe1ce2   Built Jun 30 2026.,static_crystal_polymer,,
3QFV,diffdock,scored,0.72086,gnina v1.3.3 master:6fe1ce2   Built Jun 30 2026.,static_crystal_polymer,,
3QI1,equibind,scored,0.00056,gnina v1.3.3 master:6fe1ce2   Built Jun 30 2026.,static_crystal_polymer,,
3QI1,diffdock,scored,0.57634,gnina v1.3.3 master:6fe1ce2   Built Jun 30 2026.,static_crystal_polymer,,
3QIN,equibind,scored,0.004,gnina v1.3.3 master:6fe1ce2   Built Jun 30 2026.,static_crystal_polymer,,
3QIN,diffdock,scored,0.73692,gnina v1.3.3 master:6fe1ce2   Built Jun 30 2026.,static_crystal_polymer,,
3QIO,equibind,scored,0.09598,gnina v1.3.3 master:6fe1ce2   Built Jun 30 2026.,static_crystal_polymer,,
3QIO,diffdock,scored,0.83359,gnina v1.3.3 master:6fe1ce2   Built Jun 30 2026.,static_crystal_polymer,,
3QI4,equibind,scored,0.0319,gnina v1.3.3 master:6fe1ce2   Built Jun 30 2026.,static_crystal_polymer,,
3QI4,diffdock,scored,0.41972,gnina v1.3.3 master:6fe1ce2   Built Jun 30 2026.,static_crystal_polymer,,
3QIY,equibind,scored,0.00112,gnina v1.3.3 master:6fe1ce2   Built Jun 30 2026.,static_crystal_polymer,,
3QIY,diffdock,scored,0.78998,gnina v1.3.3 master:6fe1ce2   Built Jun 30 2026.,static_crystal_polymer,,
3QLM,equibind,scored,0.0098,gnina v1.3.3 master:6fe1ce2   Built Jun 30 2026.,static_crystal_polymer,,
3QLM,diffdock,scored,0.32737,gnina v1.3.3 master:6fe1ce2   Built Jun 30 2026.,static_crystal_polymer,,
3QJ0,equibind,scored,0.00707,gnina v1.3.3 master:6fe1ce2   Built Jun 30 2026.,static_crystal_polymer,,
3QJ0,diffdock,scored,0.51175,gnina v1.3.3 master:6fe1ce2   Built Jun 30 2026.,static_crystal_polymer,,
3QKK,equibind,scored,0.06307,gnina v1.3.3 master:6fe1ce2   Built Jun 30 2026.,static_crystal_polymer,,
3QKK,diffdock,scored,0.50662,gnina v1.3.3 master:6fe1ce2   Built Jun 30 2026.,static_crystal_polymer,,
3QEM,equibind,scored,0.01874,gnina v1.3.3 master:6fe1ce2   Built Jun 30 2026.,static_crystal_polymer,,
3QEM,diffdock,scored,0.63197,gnina v1.3.3 master:6fe1ce2   Built Jun 30 2026.,static_crystal_polymer,,
3QKL,equibind,scored,0.36865,gnina v1.3.3 master:6fe1ce2   Built Jun 30 2026.,static_crystal_polymer,,
3QKL,diffdock,scored,0.73785,gnina v1.3.3 master:6fe1ce2   Built Jun 30 2026.,static_crystal_polymer,,
3QKM,equibind,scored,0.01516,gnina v1.3.3 master:6fe1ce2   Built Jun 30 2026.,static_crystal_polymer,,
3QKM,diffdock,scored,0.15844,gnina v1.3.3 master:6fe1ce2   Built Jun 30 2026.,static_crystal_polymer,,
3QIP,equibind,scored,0.14778,gnina v1.3.3 master:6fe1ce2   Built Jun 30 2026.,static_crystal_polymer,,
3QIP,diffdock,scored,0.09233,gnina v1.3.3 master:6fe1ce2   Built Jun 30 2026.,static_crystal_polymer,,
3QOX,equibind,scored,0.31197,gnina v1.3.3 master:6fe1ce2   Built Jun 30 2026.,static_crystal_polymer,,
3QOX,diffdock,scored,0.81679,gnina v1.3.3 master:6fe1ce2   Built Jun 30 2026.,static_crystal_polymer,,
3QFZ,equibind,scored,0.28771,gnina v1.3.3 master:6fe1ce2   Built Jun 30 2026.,static_crystal_polymer,,
3QFZ,diffdock,scored,0.44784,gnina v1.3.3 master:6fe1ce2   Built Jun 30 2026.,static_crystal_polymer,,
3QPO,equibind,scored,0.21648,gnina v1.3.3 master:6fe1ce2   Built Jun 30 2026.,static_crystal_polymer,,
3QPO,diffdock,scored,0.26091,gnina v1.3.3 master:6fe1ce2   Built Jun 30 2026.,static_crystal_polymer,,
3QQK,equibind,scored,0.27683,gnina v1.3.3 master:6fe1ce2   Built Jun 30 2026.,static_crystal_polymer,,
3QQK,diffdock,scored,0.57858,gnina v1.3.3 master:6fe1ce2   Built Jun 30 2026.,static_crystal_polymer,,
3QPN,equibind,scored,0.45908,gnina v1.3.3 master:6fe1ce2   Built Jun 30 2026.,static_crystal_polymer,,
3QPN,diffdock,scored,0.88868,gnina v1.3.3 master:6fe1ce2   Built Jun 30 2026.,static_crystal_polymer,,
3QPP,equibind,scored,0.01583,gnina v1.3.3 master:6fe1ce2   Built Jun 30 2026.,static_crystal_polymer,,
3QPP,diffdock,scored,0.59941,gnina v1.3.3 master:6fe1ce2   Built Jun 30 2026.,static_crystal_polymer,,
3QC9,equibind,scored,0.13864,gnina v1.3.3 master:6fe1ce2   Built Jun 30 2026.,static_crystal_polymer,,
3QC9,diffdock,scored,0.64549,gnina v1.3.3 master:6fe1ce2   Built Jun 30 2026.,static_crystal_polymer,,
3QFY,equibind,scored,0.66143,gnina v1.3.3 master:6fe1ce2   Built Jun 30 2026.,static_crystal_polymer,,
3QFY,diffdock,scored,0.51903,gnina v1.3.3 master:6fe1ce2   Built Jun 30 2026.,static_crystal_polymer,,
3QS5,equibind,scored,0.02857,gnina v1.3.3 master:6fe1ce2   Built Jun 30 2026.,static_crystal_polymer,,
3QS5,diffdock,scored,0.25753,gnina v1.3.3 master:6fe1ce2   Built Jun 30 2026.,static_crystal_polymer,,
3QS6,equibind,scored,0.03793,gnina v1.3.3 master:6fe1ce2   Built Jun 30 2026.,static_crystal_polymer,,
3QS6,diffdock,scored,0.67416,gnina v1.3.3 master:6fe1ce2   Built Jun 30 2026.,static_crystal_polymer,,
3QS4,equibind,scored,0.42501,gnina v1.3.3 master:6fe1ce2   Built Jun 30 2026.,static_crystal_polymer,,
3QS4,diffdock,scored,0.23095,gnina v1.3.3 master:6fe1ce2   Built Jun 30 2026.,static_crystal_polymer,,
3QRI,equibind,scored,0.02826,gnina v1.3.3 master:6fe1ce2   Built Jun 30 2026.,static_crystal_polymer,,
3QRI,diffdock,scored,0.46698,gnina v1.3.3 master:6fe1ce2   Built Jun 30 2026.,static_crystal_polymer,,
3QSD,equibind,scored,0.07957,gnina v1.3.3 master:6fe1ce2   Built Jun 30 2026.,static_crystal_polymer,,
3QSD,diffdock,scored,0.43023,gnina v1.3.3 master:6fe1ce2   Built Jun 30 2026.,static_crystal_polymer,,
3QRJ,equibind,scored,0.00011,gnina v1.3.3 master:6fe1ce2   Built Jun 30 2026.,static_crystal_polymer,,
3QRJ,diffdock,scored,0.54123,gnina v1.3.3 master:6fe1ce2   Built Jun 30 2026.,static_crystal_polymer,,
3QTF,equibind,scored,0.68176,gnina v1.3.3 master:6fe1ce2   Built Jun 30 2026.,static_crystal_polymer,,
3QTF,diffdock,scored,0.73395,gnina v1.3.3 master:6fe1ce2   Built Jun 30 2026.,static_crystal_polymer,,
3QTO,equibind,scored,0.19472,gnina v1.3.3 master:6fe1ce2   Built Jun 30 2026.,static_crystal_polymer,,
3QTO,diffdock,scored,0.29055,gnina v1.3.3 master:6fe1ce2   Built Jun 30 2026.,static_crystal_polymer,,
3QTV,equibind,scored,0.09355,gnina v1.3.3 master:6fe1ce2   Built Jun 30 2026.,static_crystal_polymer,,
3QTV,diffdock,scored,0.23837,gnina v1.3.3 master:6fe1ce2   Built Jun 30 2026.,static_crystal_polymer,,
3QUE,equibind,scored,0.00251,gnina v1.3.3 master:6fe1ce2   Built Jun 30 2026.,static_crystal_polymer,,
3QUE,diffdock,scored,0.26173,gnina v1.3.3 master:6fe1ce2   Built Jun 30 2026.,static_crystal_polymer,,
3QUP,equibind,scored,0.65982,gnina v1.3.3 master:6fe1ce2   Built Jun 30 2026.,static_crystal_polymer,,
3QUP,diffdock,scored,0.28384,gnina v1.3.3 master:6fe1ce2   Built Jun 30 2026.,static_crystal_polymer,,
3QT6,equibind,scored,0.00166,gnina v1.3.3 master:6fe1ce2   Built Jun 30 2026.,static_crystal_polymer,,
3QT6,diffdock,scored,0.82139,gnina v1.3.3 master:6fe1ce2   Built Jun 30 2026.,static_crystal_polymer,,
3QWC,equibind,scored,0.44806,gnina v1.3.3 master:6fe1ce2   Built Jun 30 2026.,static_crystal_polymer,,
3QWC,diffdock,scored,0.23332,gnina v1.3.3 master:6fe1ce2   Built Jun 30 2026.,static_crystal_polymer,,
3QX5,equibind,scored,0.39176,gnina v1.3.3 master:6fe1ce2   Built Jun 30 2026.,static_crystal_polymer,,
3QX5,diffdock,scored,0.62234,gnina v1.3.3 master:6fe1ce2   Built Jun 30 2026.,static_crystal_polymer,,
3R00,equibind,scored,0.78109,gnina v1.3.3 master:6fe1ce2   Built Jun 30 2026.,static_crystal_polymer,,
3R00,diffdock,scored,0.88903,gnina v1.3.3 master:6fe1ce2   Built Jun 30 2026.,static_crystal_polymer,,
3R01,equibind,scored,0.9192,gnina v1.3.3 master:6fe1ce2   Built Jun 30 2026.,static_crystal_polymer,,
3R01,diffdock,scored,0.65712,gnina v1.3.3 master:6fe1ce2   Built Jun 30 2026.,static_crystal_polymer,,
3R17,equibind,scored,0.17853,gnina v1.3.3 master:6fe1ce2   Built Jun 30 2026.,static_crystal_polymer,,
3R17,diffdock,scored,0.84434,gnina v1.3.3 master:6fe1ce2   Built Jun 30 2026.,static_crystal_polymer,,
3QX9,equibind,scored,2e-05,gnina v1.3.3 master:6fe1ce2   Built Jun 30 2026.,static_crystal_polymer,,
3QX9,diffdock,scored,0.42063,gnina v1.3.3 master:6fe1ce2   Built Jun 30 2026.,static_crystal_polymer,,
3R1V,equibind,scored,0.00031,gnina v1.3.3 master:6fe1ce2   Built Jun 30 2026.,static_crystal_polymer,,
3R1V,diffdock,scored,0.33191,gnina v1.3.3 master:6fe1ce2   Built Jun 30 2026.,static_crystal_polymer,,
3R2Y,equibind,scored,0.19186,gnina v1.3.3 master:6fe1ce2   Built Jun 30 2026.,static_crystal_polymer,,
3R2Y,diffdock,scored,0.51423,gnina v1.3.3 master:6fe1ce2   Built Jun 30 2026.,static_crystal_polymer,,
3QND,equibind,scored,0.06999,gnina v1.3.3 master:6fe1ce2   Built Jun 30 2026.,static_crystal_polymer,,
3QND,diffdock,scored,0.83757,gnina v1.3.3 master:6fe1ce2   Built Jun 30 2026.,static_crystal_polymer,,
3R4M,equibind,scored,0.09989,gnina v1.3.3 master:6fe1ce2   Built Jun 30 2026.,static_crystal_polymer,,
3R4M,diffdock,scored,0.87504,gnina v1.3.3 master:6fe1ce2   Built Jun 30 2026.,static_crystal_polymer,,
3R0I,equibind,scored,0.02381,gnina v1.3.3 master:6fe1ce2   Built Jun 30 2026.,static_crystal_polymer,,
3R0I,diffdock,scored,0.79233,gnina v1.3.3 master:6fe1ce2   Built Jun 30 2026.,static_crystal_polymer,,
3R5N,equibind,scored,0.10649,gnina v1.3.3 master:6fe1ce2   Built Jun 30 2026.,static_crystal_polymer,,
3R5N,diffdock,scored,0.43994,gnina v1.3.3 master:6fe1ce2   Built Jun 30 2026.,static_crystal_polymer,,
3R4N,equibind,scored,0.00199,gnina v1.3.3 master:6fe1ce2   Built Jun 30 2026.,static_crystal_polymer,,
3R4N,diffdock,scored,0.63944,gnina v1.3.3 master:6fe1ce2   Built Jun 30 2026.,static_crystal_polymer,,
3R4P,equibind,scored,0.00059,gnina v1.3.3 master:6fe1ce2   Built Jun 30 2026.,static_crystal_polymer,,
3R4P,diffdock,scored,0.82498,gnina v1.3.3 master:6fe1ce2   Built Jun 30 2026.,static_crystal_polymer,,
3QO9,equibind,scored,0.37819,gnina v1.3.3 master:6fe1ce2   Built Jun 30 2026.,static_crystal_polymer,,
3QO9,diffdock,scored,0.33564,gnina v1.3.3 master:6fe1ce2   Built Jun 30 2026.,static_crystal_polymer,,
3R5T,equibind,scored,6e-05,gnina v1.3.3 master:6fe1ce2   Built Jun 30 2026.,static_crystal_polymer,,
3R5T,diffdock,scored,0.41359,gnina v1.3.3 master:6fe1ce2   Built Jun 30 2026.,static_crystal_polymer,,
3R5M,equibind,scored,0.00367,gnina v1.3.3 master:6fe1ce2   Built Jun 30 2026.,static_crystal_polymer,,
3R5M,diffdock,scored,0.47006,gnina v1.3.3 master:6fe1ce2   Built Jun 30 2026.,static_crystal_polymer,,
3R6U,equibind,scored,0.70844,gnina v1.3.3 master:6fe1ce2   Built Jun 30 2026.,static_crystal_polymer,,
3R6U,diffdock,scored,0.96767,gnina v1.3.3 master:6fe1ce2   Built Jun 30 2026.,static_crystal_polymer,,
3R8Z,equibind,scored,0.14582,gnina v1.3.3 master:6fe1ce2   Built Jun 30 2026.,static_crystal_polymer,,
3R8Z,diffdock,scored,0.78123,gnina v1.3.3 master:6fe1ce2   Built Jun 30 2026.,static_crystal_polymer,,
3R8U,equibind,scored,0.63055,gnina v1.3.3 master:6fe1ce2   Built Jun 30 2026.,static_crystal_polymer,,
3R8U,diffdock,scored,0.22979,gnina v1.3.3 master:6fe1ce2   Built Jun 30 2026.,static_crystal_polymer,,
3R92,equibind,scored,0.81565,gnina v1.3.3 master:6fe1ce2   Built Jun 30 2026.,static_crystal_polymer,,
3R92,diffdock,scored,0.67203,gnina v1.3.3 master:6fe1ce2   Built Jun 30 2026.,static_crystal_polymer,,
3RDO,equibind,scored,0.65314,gnina v1.3.3 master:6fe1ce2   Built Jun 30 2026.,static_crystal_polymer,,
3RDO,diffdock,scored,0.93385,gnina v1.3.3 master:6fe1ce2   Built Jun 30 2026.,static_crystal_polymer,,
3RDQ,equibind,scored,0.37269,gnina v1.3.3 master:6fe1ce2   Built Jun 30 2026.,static_crystal_polymer,,
3RDQ,diffdock,scored,0.90909,gnina v1.3.3 master:6fe1ce2   Built Jun 30 2026.,static_crystal_polymer,,
3RCJ,equibind,scored,0.67883,gnina v1.3.3 master:6fe1ce2   Built Jun 30 2026.,static_crystal_polymer,,
3RCJ,diffdock,scored,0.82688,gnina v1.3.3 master:6fe1ce2   Built Jun 30 2026.,static_crystal_polymer,,
3REY,equibind,scored,0.32994,gnina v1.3.3 master:6fe1ce2   Built Jun 30 2026.,static_crystal_polymer,,
3REY,diffdock,scored,0.14814,gnina v1.3.3 master:6fe1ce2   Built Jun 30 2026.,static_crystal_polymer,,
3QZQ,equibind,scored,3e-05,gnina v1.3.3 master:6fe1ce2   Built Jun 30 2026.,static_crystal_polymer,,
3QZQ,diffdock,scored,0.87889,gnina v1.3.3 master:6fe1ce2   Built Jun 30 2026.,static_crystal_polymer,,
3RHK,equibind,scored,0.00014,gnina v1.3.3 master:6fe1ce2   Built Jun 30 2026.,static_crystal_polymer,,
3RHK,diffdock,scored,0.65168,gnina v1.3.3 master:6fe1ce2   Built Jun 30 2026.,static_crystal_polymer,,
3RI1,equibind,scored,0.02003,gnina v1.3.3 master:6fe1ce2   Built Jun 30 2026.,static_crystal_polymer,,
3RI1,diffdock,scored,0.76047,gnina v1.3.3 master:6fe1ce2   Built Jun 30 2026.,static_crystal_polymer,,
3RBU,equibind,scored,0.02785,gnina v1.3.3 master:6fe1ce2   Built Jun 30 2026.,static_crystal_polymer,,
3RBU,diffdock,scored,0.8388,gnina v1.3.3 master:6fe1ce2   Built Jun 30 2026.,static_crystal_polymer,,
3RIN,equibind,scored,0.08185,gnina v1.3.3 master:6fe1ce2   Built Jun 30 2026.,static_crystal_polymer,,
3RIN,diffdock,scored,0.95026,gnina v1.3.3 master:6fe1ce2   Built Jun 30 2026.,static_crystal_polymer,,
3RDH,equibind,scored,0.75411,gnina v1.3.3 master:6fe1ce2   Built Jun 30 2026.,static_crystal_polymer,,
3RDH,diffdock,scored,0.06603,gnina v1.3.3 master:6fe1ce2   Built Jun 30 2026.,static_crystal_polymer,,
3RKB,equibind,scored,0.55265,gnina v1.3.3 master:6fe1ce2   Built Jun 30 2026.,static_crystal_polymer,,
3RKB,diffdock,scored,0.38258,gnina v1.3.3 master:6fe1ce2   Built Jun 30 2026.,static_crystal_polymer,,
3RL3,equibind,scored,0.00272,gnina v1.3.3 master:6fe1ce2   Built Jun 30 2026.,static_crystal_polymer,,
3RL3,diffdock,scored,0.35469,gnina v1.3.3 master:6fe1ce2   Built Jun 30 2026.,static_crystal_polymer,,
3RLP,equibind,scored,0.00025,gnina v1.3.3 master:6fe1ce2   Built Jun 30 2026.,static_crystal_polymer,,
3RLP,diffdock,scored,0.72224,gnina v1.3.3 master:6fe1ce2   Built Jun 30 2026.,static_crystal_polymer,,
3RJW,equibind,scored,0.00197,gnina v1.3.3 master:6fe1ce2   Built Jun 30 2026.,static_crystal_polymer,,
3RJW,diffdock,scored,0.76812,gnina v1.3.3 master:6fe1ce2   Built Jun 30 2026.,static_crystal_polymer,,
3RCD,equibind,scored,0.00041,gnina v1.3.3 master:6fe1ce2   Built Jun 30 2026.,static_crystal_polymer,,
3RCD,diffdock,scored,0.36944,gnina v1.3.3 master:6fe1ce2   Built Jun 30 2026.,static_crystal_polymer,,
3RLQ,equibind,scored,0.02705,gnina v1.3.3 master:6fe1ce2   Built Jun 30 2026.,static_crystal_polymer,,
3RLQ,diffdock,scored,0.73016,gnina v1.3.3 master:6fe1ce2   Built Jun 30 2026.,static_crystal_polymer,,
3ROC,equibind,scored,0.18482,gnina v1.3.3 master:6fe1ce2   Built Jun 30 2026.,static_crystal_polymer,,
3ROC,diffdock,scored,0.43086,gnina v1.3.3 master:6fe1ce2   Built Jun 30 2026.,static_crystal_polymer,,
3RR4,equibind,scored,0.80829,gnina v1.3.3 master:6fe1ce2   Built Jun 30 2026.,static_crystal_polymer,,
3RR4,diffdock,scored,0.97699,gnina v1.3.3 master:6fe1ce2   Built Jun 30 2026.,static_crystal_polymer,,
3RO4,equibind,scored,0.05999,gnina v1.3.3 master:6fe1ce2   Built Jun 30 2026.,static_crystal_polymer,,
3RO4,diffdock,scored,0.44267,gnina v1.3.3 master:6fe1ce2   Built Jun 30 2026.,static_crystal_polymer,,
3RSX,equibind,scored,0.49844,gnina v1.3.3 master:6fe1ce2   Built Jun 30 2026.,static_crystal_polymer,,
3RSX,diffdock,scored,0.89236,gnina v1.3.3 master:6fe1ce2   Built Jun 30 2026.,static_crystal_polymer,,
3R2B,equibind,scored,1e-05,gnina v1.3.3 master:6fe1ce2   Built Jun 30 2026.,static_crystal_polymer,,
3RT6,equibind,scored,0.06754,gnina v1.3.3 master:6fe1ce2   Built Jun 30 2026.,static_crystal_polymer,,
3RT6,diffdock,scored,0.91317,gnina v1.3.3 master:6fe1ce2   Built Jun 30 2026.,static_crystal_polymer,,
3RM9,equibind,scored,0.00043,gnina v1.3.3 master:6fe1ce2   Built Jun 30 2026.,static_crystal_polymer,,
3RM9,diffdock,scored,0.69714,gnina v1.3.3 master:6fe1ce2   Built Jun 30 2026.,static_crystal_polymer,,
3RT8,equibind,scored,0.68229,gnina v1.3.3 master:6fe1ce2   Built Jun 30 2026.,static_crystal_polymer,,
3RT8,diffdock,scored,0.97327,gnina v1.3.3 master:6fe1ce2   Built Jun 30 2026.,static_crystal_polymer,,
3QO3,equibind,scored,0.48299,gnina v1.3.3 master:6fe1ce2   Built Jun 30 2026.,static_crystal_polymer,,
3QO3,diffdock,scored,0.53496,gnina v1.3.3 master:6fe1ce2   Built Jun 30 2026.,static_crystal_polymer,,
3RTH,equibind,scored,0.63062,gnina v1.3.3 master:6fe1ce2   Built Jun 30 2026.,static_crystal_polymer,,
3RTH,diffdock,scored,0.39622,gnina v1.3.3 master:6fe1ce2   Built Jun 30 2026.,static_crystal_polymer,,
3RTM,equibind,scored,0.00057,gnina v1.3.3 master:6fe1ce2   Built Jun 30 2026.,static_crystal_polymer,,
3RTM,diffdock,scored,0.11237,gnina v1.3.3 master:6fe1ce2   Built Jun 30 2026.,static_crystal_polymer,,
3RTP,equibind,scored,0.39474,gnina v1.3.3 master:6fe1ce2   Built Jun 30 2026.,static_crystal_polymer,,
3RTP,diffdock,scored,0.41197,gnina v1.3.3 master:6fe1ce2   Built Jun 30 2026.,static_crystal_polymer,,
3RU1,equibind,scored,0.06301,gnina v1.3.3 master:6fe1ce2   Built Jun 30 2026.,static_crystal_polymer,,
3RU1,diffdock,scored,0.3842,gnina v1.3.3 master:6fe1ce2   Built Jun 30 2026.,static_crystal_polymer,,
3RVG,equibind,scored,0.6911,gnina v1.3.3 master:6fe1ce2   Built Jun 30 2026.,static_crystal_polymer,,
3RVG,diffdock,scored,0.93121,gnina v1.3.3 master:6fe1ce2   Built Jun 30 2026.,static_crystal_polymer,,
3RIK,equibind,scored,0.03948,gnina v1.3.3 master:6fe1ce2   Built Jun 30 2026.,static_crystal_polymer,,
3RIK,diffdock,scored,0.42271,gnina v1.3.3 master:6fe1ce2   Built Jun 30 2026.,static_crystal_polymer,,
3RTF,equibind,scored,0.00043,gnina v1.3.3 master:6fe1ce2   Built Jun 30 2026.,static_crystal_polymer,,
3RTF,diffdock,scored,0.99184,gnina v1.3.3 master:6fe1ce2   Built Jun 30 2026.,static_crystal_polymer,,
3RSB,equibind,scored,0.0,gnina v1.3.3 master:6fe1ce2   Built Jun 30 2026.,static_crystal_polymer,,
3RSB,diffdock,scored,0.06627,gnina v1.3.3 master:6fe1ce2   Built Jun 30 2026.,static_crystal_polymer,,
3RT4,equibind,scored,0.00018,gnina v1.3.3 master:6fe1ce2   Built Jun 30 2026.,static_crystal_polymer,,
3RT4,diffdock,scored,0.33904,gnina v1.3.3 master:6fe1ce2   Built Jun 30 2026.,static_crystal_polymer,,
3RV4,equibind,scored,0.02164,gnina v1.3.3 master:6fe1ce2   Built Jun 30 2026.,static_crystal_polymer,,
3RV4,diffdock,scored,0.2746,gnina v1.3.3 master:6fe1ce2   Built Jun 30 2026.,static_crystal_polymer,,
3RIL,equibind,scored,0.00108,gnina v1.3.3 master:6fe1ce2   Built Jun 30 2026.,static_crystal_polymer,,
3RIL,diffdock,scored,0.5312,gnina v1.3.3 master:6fe1ce2   Built Jun 30 2026.,static_crystal_polymer,,
3RVI,equibind,scored,0.00293,gnina v1.3.3 master:6fe1ce2   Built Jun 30 2026.,static_crystal_polymer,,
3RVI,diffdock,scored,0.64682,gnina v1.3.3 master:6fe1ce2   Built Jun 30 2026.,static_crystal_polymer,,
3RWP,equibind,scored,0.33229,gnina v1.3.3 master:6fe1ce2   Built Jun 30 2026.,static_crystal_polymer,,
3RWP,diffdock,scored,0.73803,gnina v1.3.3 master:6fe1ce2   Built Jun 30 2026.,static_crystal_polymer,,
3RXA,equibind,scored,0.50741,gnina v1.3.3 master:6fe1ce2   Built Jun 30 2026.,static_crystal_polymer,,
3RXA,diffdock,scored,0.8752,gnina v1.3.3 master:6fe1ce2   Built Jun 30 2026.,static_crystal_polymer,,
3RXD,equibind,scored,0.9207,gnina v1.3.3 master:6fe1ce2   Built Jun 30 2026.,static_crystal_polymer,,
3RXD,diffdock,scored,0.94881,gnina v1.3.3 master:6fe1ce2   Built Jun 30 2026.,static_crystal_polymer,,
3RV6,equibind,scored,0.00012,gnina v1.3.3 master:6fe1ce2   Built Jun 30 2026.,static_crystal_polymer,,
3RV6,diffdock,scored,0.95829,gnina v1.3.3 master:6fe1ce2   Built Jun 30 2026.,static_crystal_polymer,,
3RX7,equibind,scored,0.01248,gnina v1.3.3 master:6fe1ce2   Built Jun 30 2026.,static_crystal_polymer,,
3RX7,diffdock,scored,0.2645,gnina v1.3.3 master:6fe1ce2   Built Jun 30 2026.,static_crystal_polymer,,
3RX5,equibind,scored,0.00038,gnina v1.3.3 master:6fe1ce2   Built Jun 30 2026.,static_crystal_polymer,,
3RX5,diffdock,scored,0.72606,gnina v1.3.3 master:6fe1ce2   Built Jun 30 2026.,static_crystal_polymer,,
3RXF,equibind,scored,0.54816,gnina v1.3.3 master:6fe1ce2   Built Jun 30 2026.,static_crystal_polymer,,
3RXF,diffdock,scored,0.84085,gnina v1.3.3 master:6fe1ce2   Built Jun 30 2026.,static_crystal_polymer,,
3RUP,equibind,scored,3e-05,gnina v1.3.3 master:6fe1ce2   Built Jun 30 2026.,static_crystal_polymer,,
3RUP,diffdock,scored,0.60607,gnina v1.3.3 master:6fe1ce2   Built Jun 30 2026.,static_crystal_polymer,,
3RXG,equibind,scored,0.59886,gnina v1.3.3 master:6fe1ce2   Built Jun 30 2026.,static_crystal_polymer,,
3RXG,diffdock,scored,0.79817,gnina v1.3.3 master:6fe1ce2   Built Jun 30 2026.,static_crystal_polymer,,
3RXH,equibind,scored,0.40924,gnina v1.3.3 master:6fe1ce2   Built Jun 30 2026.,static_crystal_polymer,,
3RXH,diffdock,scored,0.89061,gnina v1.3.3 master:6fe1ce2   Built Jun 30 2026.,static_crystal_polymer,,
3RX8,equibind,scored,0.10289,gnina v1.3.3 master:6fe1ce2   Built Jun 30 2026.,static_crystal_polymer,,
3RX8,diffdock,scored,0.41345,gnina v1.3.3 master:6fe1ce2   Built Jun 30 2026.,static_crystal_polymer,,
3RXI,equibind,scored,0.63051,gnina v1.3.3 master:6fe1ce2   Built Jun 30 2026.,static_crystal_polymer,,
3RXI,diffdock,scored,0.89924,gnina v1.3.3 master:6fe1ce2   Built Jun 30 2026.,static_crystal_polymer,,
3RXK,equibind,scored,0.50079,gnina v1.3.3 master:6fe1ce2   Built Jun 30 2026.,static_crystal_polymer,,
3RXK,diffdock,scored,0.81465,gnina v1.3.3 master:6fe1ce2   Built Jun 30 2026.,static_crystal_polymer,,
3RXL,equibind,scored,0.65133,gnina v1.3.3 master:6fe1ce2   Built Jun 30 2026.,static_crystal_polymer,,
3RXL,diffdock,scored,0.84428,gnina v1.3.3 master:6fe1ce2   Built Jun 30 2026.,static_crystal_polymer,,
3RXP,equibind,scored,0.28696,gnina v1.3.3 master:6fe1ce2   Built Jun 30 2026.,static_crystal_polymer,,
3RXP,diffdock,scored,0.91357,gnina v1.3.3 master:6fe1ce2   Built Jun 30 2026.,static_crystal_polymer,,
3RXM,equibind,scored,0.64082,gnina v1.3.3 master:6fe1ce2   Built Jun 30 2026.,static_crystal_polymer,,
3RXM,diffdock,scored,0.68375,gnina v1.3.3 master:6fe1ce2   Built Jun 30 2026.,static_crystal_polymer,,
3RXO,equibind,scored,0.81312,gnina v1.3.3 master:6fe1ce2   Built Jun 30 2026.,static_crystal_polymer,,
3RXO,diffdock,scored,0.88293,gnina v1.3.3 master:6fe1ce2   Built Jun 30 2026.,static_crystal_polymer,,
3RV3,equibind,scored,9e-05,gnina v1.3.3 master:6fe1ce2   Built Jun 30 2026.,static_crystal_polymer,,
3RV3,diffdock,scored,0.40686,gnina v1.3.3 master:6fe1ce2   Built Jun 30 2026.,static_crystal_polymer,,
3S0D,equibind,scored,0.35356,gnina v1.3.3 master:6fe1ce2   Built Jun 30 2026.,static_crystal_polymer,,
3S0D,diffdock,scored,0.63006,gnina v1.3.3 master:6fe1ce2   Built Jun 30 2026.,static_crystal_polymer,,
3S0E,equibind,scored,0.18549,gnina v1.3.3 master:6fe1ce2   Built Jun 30 2026.,static_crystal_polymer,,
3S0E,diffdock,scored,0.58487,gnina v1.3.3 master:6fe1ce2   Built Jun 30 2026.,static_crystal_polymer,,
3S0B,equibind,scored,0.74415,gnina v1.3.3 master:6fe1ce2   Built Jun 30 2026.,static_crystal_polymer,,
3S0B,diffdock,scored,0.82628,gnina v1.3.3 master:6fe1ce2   Built Jun 30 2026.,static_crystal_polymer,,
3RYY,equibind,scored,0.33108,gnina v1.3.3 master:6fe1ce2   Built Jun 30 2026.,static_crystal_polymer,,
3RYY,diffdock,scored,0.54596,gnina v1.3.3 master:6fe1ce2   Built Jun 30 2026.,static_crystal_polymer,,
3RZB,equibind,scored,0.74217,gnina v1.3.3 master:6fe1ce2   Built Jun 30 2026.,static_crystal_polymer,,
3RZB,diffdock,scored,0.85051,gnina v1.3.3 master:6fe1ce2   Built Jun 30 2026.,static_crystal_polymer,,
3S3I,equibind,scored,0.12825,gnina v1.3.3 master:6fe1ce2   Built Jun 30 2026.,static_crystal_polymer,,
3S3I,diffdock,scored,0.92225,gnina v1.3.3 master:6fe1ce2   Built Jun 30 2026.,static_crystal_polymer,,
3S1G,equibind,scored,0.12648,gnina v1.3.3 master:6fe1ce2   Built Jun 30 2026.,static_crystal_polymer,,
3S1G,diffdock,scored,0.93132,gnina v1.3.3 master:6fe1ce2   Built Jun 30 2026.,static_crystal_polymer,,
3S3Q,equibind,scored,0.00112,gnina v1.3.3 master:6fe1ce2   Built Jun 30 2026.,static_crystal_polymer,,
3S3Q,diffdock,scored,0.7419,gnina v1.3.3 master:6fe1ce2   Built Jun 30 2026.,static_crystal_polymer,,
3S3V,equibind,scored,0.49087,gnina v1.3.3 master:6fe1ce2   Built Jun 30 2026.,static_crystal_polymer,,
3S3V,diffdock,scored,0.4316,gnina v1.3.3 master:6fe1ce2   Built Jun 30 2026.,static_crystal_polymer,,
3S1Y,equibind,scored,0.4965,gnina v1.3.3 master:6fe1ce2   Built Jun 30 2026.,static_crystal_polymer,,
3S1Y,diffdock,scored,0.14034,gnina v1.3.3 master:6fe1ce2   Built Jun 30 2026.,static_crystal_polymer,,
3S0J,equibind,scored,0.02023,gnina v1.3.3 master:6fe1ce2   Built Jun 30 2026.,static_crystal_polymer,,
3S0J,diffdock,scored,0.34416,gnina v1.3.3 master:6fe1ce2   Built Jun 30 2026.,static_crystal_polymer,,
3S71,equibind,scored,0.35077,gnina v1.3.3 master:6fe1ce2   Built Jun 30 2026.,static_crystal_polymer,,
3S71,diffdock,scored,0.92439,gnina v1.3.3 master:6fe1ce2   Built Jun 30 2026.,static_crystal_polymer,,
3RZI,equibind,scored,0.0381,gnina v1.3.3 master:6fe1ce2   Built Jun 30 2026.,static_crystal_polymer,,
3RZI,diffdock,scored,0.58249,gnina v1.3.3 master:6fe1ce2   Built Jun 30 2026.,static_crystal_polymer,,
3S56,equibind,scored,0.06883,gnina v1.3.3 master:6fe1ce2   Built Jun 30 2026.,static_crystal_polymer,,
3S56,diffdock,scored,0.44417,gnina v1.3.3 master:6fe1ce2   Built Jun 30 2026.,static_crystal_polymer,,
3S72,equibind,scored,0.21818,gnina v1.3.3 master:6fe1ce2   Built Jun 30 2026.,static_crystal_polymer,,
3S72,diffdock,scored,0.95264,gnina v1.3.3 master:6fe1ce2   Built Jun 30 2026.,static_crystal_polymer,,
3RZ3,equibind,scored,8e-05,gnina v1.3.3 master:6fe1ce2   Built Jun 30 2026.,static_crystal_polymer,,
3RZ3,diffdock,scored,0.59323,gnina v1.3.3 master:6fe1ce2   Built Jun 30 2026.,static_crystal_polymer,,
3S73,equibind,scored,0.51672,gnina v1.3.3 master:6fe1ce2   Built Jun 30 2026.,static_crystal_polymer,,
3S73,diffdock,scored,0.96587,gnina v1.3.3 master:6fe1ce2   Built Jun 30 2026.,static_crystal_polymer,,
3S76,equibind,scored,0.23841,gnina v1.3.3 master:6fe1ce2   Built Jun 30 2026.,static_crystal_polymer,,
3S76,diffdock,scored,0.86806,gnina v1.3.3 master:6fe1ce2   Built Jun 30 2026.,static_crystal_polymer,,
3S6T,equibind,scored,0.00821,gnina v1.3.3 master:6fe1ce2   Built Jun 30 2026.,static_crystal_polymer,,
3S6T,diffdock,scored,0.57464,gnina v1.3.3 master:6fe1ce2   Built Jun 30 2026.,static_crystal_polymer,,
3RQW,equibind,scored,0.00585,gnina v1.3.3 master:6fe1ce2   Built Jun 30 2026.,static_crystal_polymer,,
3S74,equibind,scored,0.04894,gnina v1.3.3 master:6fe1ce2   Built Jun 30 2026.,static_crystal_polymer,,
3S74,diffdock,scored,0.96262,gnina v1.3.3 master:6fe1ce2   Built Jun 30 2026.,static_crystal_polymer,,
3S75,equibind,scored,0.56517,gnina v1.3.3 master:6fe1ce2   Built Jun 30 2026.,static_crystal_polymer,,
3S75,diffdock,scored,0.94122,gnina v1.3.3 master:6fe1ce2   Built Jun 30 2026.,static_crystal_polymer,,
3S77,equibind,scored,0.18802,gnina v1.3.3 master:6fe1ce2   Built Jun 30 2026.,static_crystal_polymer,,
3S77,diffdock,scored,0.95621,gnina v1.3.3 master:6fe1ce2   Built Jun 30 2026.,static_crystal_polymer,,
3S78,equibind,scored,0.58182,gnina v1.3.3 master:6fe1ce2   Built Jun 30 2026.,static_crystal_polymer,,
3S78,diffdock,scored,0.96842,gnina v1.3.3 master:6fe1ce2   Built Jun 30 2026.,static_crystal_polymer,,
3S8X,equibind,scored,0.82624,gnina v1.3.3 master:6fe1ce2   Built Jun 30 2026.,static_crystal_polymer,,
3S8X,diffdock,scored,0.2126,gnina v1.3.3 master:6fe1ce2   Built Jun 30 2026.,static_crystal_polymer,,
3S5Y,equibind,scored,0.00268,gnina v1.3.3 master:6fe1ce2   Built Jun 30 2026.,static_crystal_polymer,,
3S5Y,diffdock,scored,0.92306,gnina v1.3.3 master:6fe1ce2   Built Jun 30 2026.,static_crystal_polymer,,
3S9T,equibind,scored,0.03717,gnina v1.3.3 master:6fe1ce2   Built Jun 30 2026.,static_crystal_polymer,,
3S9T,diffdock,scored,0.80621,gnina v1.3.3 master:6fe1ce2   Built Jun 30 2026.,static_crystal_polymer,,
3SAP,equibind,scored,0.15102,gnina v1.3.3 master:6fe1ce2   Built Jun 30 2026.,static_crystal_polymer,,
3SAP,diffdock,scored,0.1879,gnina v1.3.3 master:6fe1ce2   Built Jun 30 2026.,static_crystal_polymer,,
3S9E,equibind,scored,0.69496,gnina v1.3.3 master:6fe1ce2   Built Jun 30 2026.,static_crystal_polymer,,
3S9E,diffdock,scored,0.60131,gnina v1.3.3 master:6fe1ce2   Built Jun 30 2026.,static_crystal_polymer,,
3SBH,equibind,scored,0.37281,gnina v1.3.3 master:6fe1ce2   Built Jun 30 2026.,static_crystal_polymer,,
3SBH,diffdock,scored,0.92769,gnina v1.3.3 master:6fe1ce2   Built Jun 30 2026.,static_crystal_polymer,,
3SAX,equibind,scored,0.0366,gnina v1.3.3 master:6fe1ce2   Built Jun 30 2026.,static_crystal_polymer,,
3SAX,diffdock,scored,0.37764,gnina v1.3.3 master:6fe1ce2   Built Jun 30 2026.,static_crystal_polymer,,
3S9I,equibind,scored,0.69896,gnina v1.3.3 master:6fe1ce2   Built Jun 30 2026.,static_crystal_polymer,,
3S9I,diffdock,scored,0.749,gnina v1.3.3 master:6fe1ce2   Built Jun 30 2026.,static_crystal_polymer,,
3SAD,equibind,scored,0.72509,gnina v1.3.3 master:6fe1ce2   Built Jun 30 2026.,static_crystal_polymer,,
3SAD,diffdock,scored,0.88441,gnina v1.3.3 master:6fe1ce2   Built Jun 30 2026.,static_crystal_polymer,,
3SBI,equibind,scored,0.32105,gnina v1.3.3 master:6fe1ce2   Built Jun 30 2026.,static_crystal_polymer,,
3SBI,diffdock,scored,0.89677,gnina v1.3.3 master:6fe1ce2   Built Jun 30 2026.,static_crystal_polymer,,
3SC1,equibind,scored,0.66986,gnina v1.3.3 master:6fe1ce2   Built Jun 30 2026.,static_crystal_polymer,,
3SC1,diffdock,scored,0.75938,gnina v1.3.3 master:6fe1ce2   Built Jun 30 2026.,static_crystal_polymer,,
3SDG,equibind,scored,0.00267,gnina v1.3.3 master:6fe1ce2   Built Jun 30 2026.,static_crystal_polymer,,
3SDG,diffdock,scored,0.86993,gnina v1.3.3 master:6fe1ce2   Built Jun 30 2026.,static_crystal_polymer,,
3SFF,equibind,scored,0.01601,gnina v1.3.3 master:6fe1ce2   Built Jun 30 2026.,static_crystal_polymer,,
3SFF,diffdock,scored,0.2735,gnina v1.3.3 master:6fe1ce2   Built Jun 30 2026.,static_crystal_polymer,,
3SB0,equibind,scored,0.18702,gnina v1.3.3 master:6fe1ce2   Built Jun 30 2026.,static_crystal_polymer,,
3SB0,diffdock,scored,0.71162,gnina v1.3.3 master:6fe1ce2   Built Jun 30 2026.,static_crystal_polymer,,
3SFH,equibind,scored,0.02914,gnina v1.3.3 master:6fe1ce2   Built Jun 30 2026.,static_crystal_polymer,,
3SFH,diffdock,scored,0.59824,gnina v1.3.3 master:6fe1ce2   Built Jun 30 2026.,static_crystal_polymer,,
3SFI,equibind,scored,0.00371,gnina v1.3.3 master:6fe1ce2   Built Jun 30 2026.,static_crystal_polymer,,
3SFI,diffdock,scored,0.32821,gnina v1.3.3 master:6fe1ce2   Built Jun 30 2026.,static_crystal_polymer,,
3SHA,equibind,scored,0.46543,gnina v1.3.3 master:6fe1ce2   Built Jun 30 2026.,static_crystal_polymer,,
3SHA,diffdock,scored,0.17497,gnina v1.3.3 master:6fe1ce2   Built Jun 30 2026.,static_crystal_polymer,,
3SHC,equibind,scored,0.31347,gnina v1.3.3 master:6fe1ce2   Built Jun 30 2026.,static_crystal_polymer,,
3SHC,diffdock,scored,0.43549,gnina v1.3.3 master:6fe1ce2   Built Jun 30 2026.,static_crystal_polymer,,
3SFC,equibind,scored,0.00046,gnina v1.3.3 master:6fe1ce2   Built Jun 30 2026.,static_crystal_polymer,,
3SFC,diffdock,scored,0.82402,gnina v1.3.3 master:6fe1ce2   Built Jun 30 2026.,static_crystal_polymer,,
3SHY,equibind,scored,0.41375,gnina v1.3.3 master:6fe1ce2   Built Jun 30 2026.,static_crystal_polymer,,
3SHY,diffdock,scored,0.14157,gnina v1.3.3 master:6fe1ce2   Built Jun 30 2026.,static_crystal_polymer,,
3SHZ,equibind,scored,0.0328,gnina v1.3.3 master:6fe1ce2   Built Jun 30 2026.,static_crystal_polymer,,
3SHZ,diffdock,scored,0.36537,gnina v1.3.3 master:6fe1ce2   Built Jun 30 2026.,static_crystal_polymer,,
3SI3,equibind,scored,0.31803,gnina v1.3.3 master:6fe1ce2   Built Jun 30 2026.,static_crystal_polymer,,
3SI3,diffdock,scored,0.22447,gnina v1.3.3 master:6fe1ce2   Built Jun 30 2026.,static_crystal_polymer,,
3SI4,equibind,scored,0.00208,gnina v1.3.3 master:6fe1ce2   Built Jun 30 2026.,static_crystal_polymer,,
3SI4,diffdock,scored,0.18041,gnina v1.3.3 master:6fe1ce2   Built Jun 30 2026.,static_crystal_polymer,,
3SJI,equibind,scored,0.03361,gnina v1.3.3 master:6fe1ce2   Built Jun 30 2026.,static_crystal_polymer,,
3SJI,diffdock,scored,0.56103,gnina v1.3.3 master:6fe1ce2   Built Jun 30 2026.,static_crystal_polymer,,
3SFG,equibind,scored,0.03798,gnina v1.3.3 master:6fe1ce2   Built Jun 30 2026.,static_crystal_polymer,,
3SFG,diffdock,scored,0.07622,gnina v1.3.3 master:6fe1ce2   Built Jun 30 2026.,static_crystal_polymer,,
3SIE,equibind,scored,0.00183,gnina v1.3.3 master:6fe1ce2   Built Jun 30 2026.,static_crystal_polymer,,
3SIE,diffdock,scored,0.59972,gnina v1.3.3 master:6fe1ce2   Built Jun 30 2026.,static_crystal_polymer,,
3S9Y,equibind,scored,0.0085,gnina v1.3.3 master:6fe1ce2   Built Jun 30 2026.,static_crystal_polymer,,
3S9Y,diffdock,scored,0.86323,gnina v1.3.3 master:6fe1ce2   Built Jun 30 2026.,static_crystal_polymer,,
3SL1,equibind,scored,0.19356,gnina v1.3.3 master:6fe1ce2   Built Jun 30 2026.,static_crystal_polymer,,
3SL1,diffdock,scored,0.87246,gnina v1.3.3 master:6fe1ce2   Built Jun 30 2026.,static_crystal_polymer,,
3SL0,equibind,scored,0.16518,gnina v1.3.3 master:6fe1ce2   Built Jun 30 2026.,static_crystal_polymer,,
3SL0,diffdock,scored,0.32261,gnina v1.3.3 master:6fe1ce2   Built Jun 30 2026.,static_crystal_polymer,,
3SKA,equibind,scored,0.0,gnina v1.3.3 master:6fe1ce2   Built Jun 30 2026.,static_crystal_polymer,,
3SKA,diffdock,scored,0.95631,gnina v1.3.3 master:6fe1ce2   Built Jun 30 2026.,static_crystal_polymer,,
3SKE,equibind,scored,0.0,gnina v1.3.3 master:6fe1ce2   Built Jun 30 2026.,static_crystal_polymer,,
3SKE,diffdock,scored,0.5485,gnina v1.3.3 master:6fe1ce2   Built Jun 30 2026.,static_crystal_polymer,,
3SKF,equibind,scored,0.00058,gnina v1.3.3 master:6fe1ce2   Built Jun 30 2026.,static_crystal_polymer,,
3SKF,diffdock,scored,0.7962,gnina v1.3.3 master:6fe1ce2   Built Jun 30 2026.,static_crystal_polymer,,
3SM0,equibind,scored,0.03497,gnina v1.3.3 master:6fe1ce2   Built Jun 30 2026.,static_crystal_polymer,,
3SM0,diffdock,scored,0.83192,gnina v1.3.3 master:6fe1ce2   Built Jun 30 2026.,static_crystal_polymer,,
3SL5,equibind,scored,0.00796,gnina v1.3.3 master:6fe1ce2   Built Jun 30 2026.,static_crystal_polymer,,
3SL5,diffdock,scored,0.74373,gnina v1.3.3 master:6fe1ce2   Built Jun 30 2026.,static_crystal_polymer,,
3SMQ,equibind,scored,0.00075,gnina v1.3.3 master:6fe1ce2   Built Jun 30 2026.,static_crystal_polymer,,
3SMQ,diffdock,scored,0.72705,gnina v1.3.3 master:6fe1ce2   Built Jun 30 2026.,static_crystal_polymer,,
3SPF,equibind,scored,0.07734,gnina v1.3.3 master:6fe1ce2   Built Jun 30 2026.,static_crystal_polymer,,
3SPF,diffdock,scored,0.19942,gnina v1.3.3 master:6fe1ce2   Built Jun 30 2026.,static_crystal_polymer,,
3SL8,equibind,scored,0.00877,gnina v1.3.3 master:6fe1ce2   Built Jun 30 2026.,static_crystal_polymer,,
3SL8,diffdock,scored,0.27875,gnina v1.3.3 master:6fe1ce2   Built Jun 30 2026.,static_crystal_polymer,,
3STR,equibind,scored,0.0015,gnina v1.3.3 master:6fe1ce2   Built Jun 30 2026.,static_crystal_polymer,,
3STR,diffdock,scored,0.26385,gnina v1.3.3 master:6fe1ce2   Built Jun 30 2026.,static_crystal_polymer,,
3SL4,equibind,scored,0.00491,gnina v1.3.3 master:6fe1ce2   Built Jun 30 2026.,static_crystal_polymer,,
3SL4,diffdock,scored,0.53269,gnina v1.3.3 master:6fe1ce2   Built Jun 30 2026.,static_crystal_polymer,,
3SNI,equibind,scored,1e-05,gnina v1.3.3 master:6fe1ce2   Built Jun 30 2026.,static_crystal_polymer,,
3SNI,diffdock,scored,0.39334,gnina v1.3.3 master:6fe1ce2   Built Jun 30 2026.,static_crystal_polymer,,
3SRC,equibind,scored,0.00904,gnina v1.3.3 master:6fe1ce2   Built Jun 30 2026.,static_crystal_polymer,,
3SRC,diffdock,scored,0.60273,gnina v1.3.3 master:6fe1ce2   Built Jun 30 2026.,static_crystal_polymer,,
3SLZ,equibind,scored,0.00073,gnina v1.3.3 master:6fe1ce2   Built Jun 30 2026.,static_crystal_polymer,,
3SLZ,diffdock,scored,0.65435,gnina v1.3.3 master:6fe1ce2   Built Jun 30 2026.,static_crystal_polymer,,
3SU1,equibind,scored,0.42473,gnina v1.3.3 master:6fe1ce2   Built Jun 30 2026.,static_crystal_polymer,,
3SU1,diffdock,scored,0.13485,gnina v1.3.3 master:6fe1ce2   Built Jun 30 2026.,static_crystal_polymer,,
3SRB,equibind,scored,0.0049,gnina v1.3.3 master:6fe1ce2   Built Jun 30 2026.,static_crystal_polymer,,
3SRB,diffdock,scored,0.60413,gnina v1.3.3 master:6fe1ce2   Built Jun 30 2026.,static_crystal_polymer,,
3SU0,equibind,scored,0.02128,gnina v1.3.3 master:6fe1ce2   Built Jun 30 2026.,static_crystal_polymer,,
3SU0,diffdock,scored,0.06663,gnina v1.3.3 master:6fe1ce2   Built Jun 30 2026.,static_crystal_polymer,,
3SU2,equibind,scored,0.09774,gnina v1.3.3 master:6fe1ce2   Built Jun 30 2026.,static_crystal_polymer,,
3SU2,diffdock,scored,0.1646,gnina v1.3.3 master:6fe1ce2   Built Jun 30 2026.,static_crystal_polymer,,
3SU3,equibind,scored,0.09069,gnina v1.3.3 master:6fe1ce2   Built Jun 30 2026.,static_crystal_polymer,,
3SU3,diffdock,scored,0.10024,gnina v1.3.3 master:6fe1ce2   Built Jun 30 2026.,static_crystal_polymer,,
3SU5,equibind,scored,0.04054,gnina v1.3.3 master:6fe1ce2   Built Jun 30 2026.,static_crystal_polymer,,
3SU5,diffdock,scored,0.24715,gnina v1.3.3 master:6fe1ce2   Built Jun 30 2026.,static_crystal_polymer,,
3SJO,equibind,scored,6e-05,gnina v1.3.3 master:6fe1ce2   Built Jun 30 2026.,static_crystal_polymer,,
3SJO,diffdock,scored,0.67016,gnina v1.3.3 master:6fe1ce2   Built Jun 30 2026.,static_crystal_polymer,,
3SU6,equibind,scored,0.12888,gnina v1.3.3 master:6fe1ce2   Built Jun 30 2026.,static_crystal_polymer,,
3SU6,diffdock,scored,0.18773,gnina v1.3.3 master:6fe1ce2   Built Jun 30 2026.,static_crystal_polymer,,
3SUR,equibind,scored,0.70096,gnina v1.3.3 master:6fe1ce2   Built Jun 30 2026.,static_crystal_polymer,,
3SUR,diffdock,scored,0.82754,gnina v1.3.3 master:6fe1ce2   Built Jun 30 2026.,static_crystal_polymer,,
3SUS,equibind,scored,0.51195,gnina v1.3.3 master:6fe1ce2   Built Jun 30 2026.,static_crystal_polymer,,
3SUS,diffdock,scored,0.87987,gnina v1.3.3 master:6fe1ce2   Built Jun 30 2026.,static_crystal_polymer,,
3SUT,equibind,scored,0.00043,gnina v1.3.3 master:6fe1ce2   Built Jun 30 2026.,static_crystal_polymer,,
3SUT,diffdock,scored,0.67389,gnina v1.3.3 master:6fe1ce2   Built Jun 30 2026.,static_crystal_polymer,,
3SUU,equibind,scored,0.00386,gnina v1.3.3 master:6fe1ce2   Built Jun 30 2026.,static_crystal_polymer,,
3SUU,diffdock,scored,0.92926,gnina v1.3.3 master:6fe1ce2   Built Jun 30 2026.,static_crystal_polymer,,
3SV2,equibind,scored,0.35995,gnina v1.3.3 master:6fe1ce2   Built Jun 30 2026.,static_crystal_polymer,,
3SV2,diffdock,scored,0.42186,gnina v1.3.3 master:6fe1ce2   Built Jun 30 2026.,static_crystal_polymer,,
3SUV,equibind,scored,0.7105,gnina v1.3.3 master:6fe1ce2   Built Jun 30 2026.,static_crystal_polymer,,
3SUV,diffdock,scored,0.61359,gnina v1.3.3 master:6fe1ce2   Built Jun 30 2026.,static_crystal_polymer,,
3SV6,equibind,scored,0.00289,gnina v1.3.3 master:6fe1ce2   Built Jun 30 2026.,static_crystal_polymer,,
3SV6,diffdock,scored,0.21808,gnina v1.3.3 master:6fe1ce2   Built Jun 30 2026.,static_crystal_polymer,,
3SV7,equibind,scored,0.00261,gnina v1.3.3 master:6fe1ce2   Built Jun 30 2026.,static_crystal_polymer,,
3SV7,diffdock,scored,0.05936,gnina v1.3.3 master:6fe1ce2   Built Jun 30 2026.,static_crystal_polymer,,
3SUW,equibind,scored,0.34389,gnina v1.3.3 master:6fe1ce2   Built Jun 30 2026.,static_crystal_polymer,,
3SUW,diffdock,scored,0.89292,gnina v1.3.3 master:6fe1ce2   Built Jun 30 2026.,static_crystal_polymer,,
3SV8,equibind,scored,0.08626,gnina v1.3.3 master:6fe1ce2   Built Jun 30 2026.,static_crystal_polymer,,
3SV8,diffdock,scored,0.39397,gnina v1.3.3 master:6fe1ce2   Built Jun 30 2026.,static_crystal_polymer,,
3SW8,equibind,scored,0.05506,gnina v1.3.3 master:6fe1ce2   Built Jun 30 2026.,static_crystal_polymer,,
3SW8,diffdock,scored,0.73389,gnina v1.3.3 master:6fe1ce2   Built Jun 30 2026.,static_crystal_polymer,,
3SV9,equibind,scored,0.00063,gnina v1.3.3 master:6fe1ce2   Built Jun 30 2026.,static_crystal_polymer,,
3SV9,diffdock,scored,0.2492,gnina v1.3.3 master:6fe1ce2   Built Jun 30 2026.,static_crystal_polymer,,
3SU4,equibind,scored,0.04901,gnina v1.3.3 master:6fe1ce2   Built Jun 30 2026.,static_crystal_polymer,,
3SU4,diffdock,scored,0.10485,gnina v1.3.3 master:6fe1ce2   Built Jun 30 2026.,static_crystal_polymer,,
3SW2,equibind,scored,0.00624,gnina v1.3.3 master:6fe1ce2   Built Jun 30 2026.,static_crystal_polymer,,
3SW2,diffdock,scored,0.61973,gnina v1.3.3 master:6fe1ce2   Built Jun 30 2026.,static_crystal_polymer,,
3SYR,equibind,scored,3e-05,gnina v1.3.3 master:6fe1ce2   Built Jun 30 2026.,static_crystal_polymer,,
3SYR,diffdock,scored,0.55362,gnina v1.3.3 master:6fe1ce2   Built Jun 30 2026.,static_crystal_polymer,,
3SYM,equibind,scored,0.0,gnina v1.3.3 master:6fe1ce2   Built Jun 30 2026.,static_crystal_polymer,,
3SYM,diffdock,scored,0.42655,gnina v1.3.3 master:6fe1ce2   Built Jun 30 2026.,static_crystal_polymer,,
3SZB,equibind,scored,0.00025,gnina v1.3.3 master:6fe1ce2   Built Jun 30 2026.,static_crystal_polymer,,
3SZB,diffdock,scored,0.68127,gnina v1.3.3 master:6fe1ce2   Built Jun 30 2026.,static_crystal_polymer,,
3T01,equibind,scored,0.71839,gnina v1.3.3 master:6fe1ce2   Built Jun 30 2026.,static_crystal_polymer,,
3T01,diffdock,scored,0.59385,gnina v1.3.3 master:6fe1ce2   Built Jun 30 2026.,static_crystal_polymer,,
3T03,equibind,scored,0.00287,gnina v1.3.3 master:6fe1ce2   Built Jun 30 2026.,static_crystal_polymer,,
3T03,diffdock,scored,0.76517,gnina v1.3.3 master:6fe1ce2   Built Jun 30 2026.,static_crystal_polymer,,
3SWW,equibind,scored,0.02168,gnina v1.3.3 master:6fe1ce2   Built Jun 30 2026.,static_crystal_polymer,,
3SWW,diffdock,scored,0.55063,gnina v1.3.3 master:6fe1ce2   Built Jun 30 2026.,static_crystal_polymer,,
3SX4,equibind,scored,0.12155,gnina v1.3.3 master:6fe1ce2   Built Jun 30 2026.,static_crystal_polymer,,
3SX4,diffdock,scored,0.05043,gnina v1.3.3 master:6fe1ce2   Built Jun 30 2026.,static_crystal_polymer,,
3T2W,equibind,scored,0.22503,gnina v1.3.3 master:6fe1ce2   Built Jun 30 2026.,static_crystal_polymer,,
3T2W,diffdock,scored,0.97635,gnina v1.3.3 master:6fe1ce2   Built Jun 30 2026.,static_crystal_polymer,,
3SH1,equibind,scored,0.15713,gnina v1.3.3 master:6fe1ce2   Built Jun 30 2026.,static_crystal_polymer,,
3SH1,diffdock,scored,0.16047,gnina v1.3.3 master:6fe1ce2   Built Jun 30 2026.,static_crystal_polymer,,
3T07,equibind,scored,0.31687,gnina v1.3.3 master:6fe1ce2   Built Jun 30 2026.,static_crystal_polymer,,
3T07,diffdock,scored,0.13077,gnina v1.3.3 master:6fe1ce2   Built Jun 30 2026.,static_crystal_polymer,,
3SZ9,equibind,scored,0.19697,gnina v1.3.3 master:6fe1ce2   Built Jun 30 2026.,static_crystal_polymer,,
3T0T,equibind,scored,0.11121,gnina v1.3.3 master:6fe1ce2   Built Jun 30 2026.,static_crystal_polymer,,
3T0T,diffdock,scored,0.81462,gnina v1.3.3 master:6fe1ce2   Built Jun 30 2026.,static_crystal_polymer,,
3T2V,equibind,scored,0.01214,gnina v1.3.3 master:6fe1ce2   Built Jun 30 2026.,static_crystal_polymer,,
3T2V,diffdock,scored,0.34851,gnina v1.3.3 master:6fe1ce2   Built Jun 30 2026.,static_crystal_polymer,,
3T3D,equibind,scored,0.00026,gnina v1.3.3 master:6fe1ce2   Built Jun 30 2026.,static_crystal_polymer,,
3T3D,diffdock,scored,0.65036,gnina v1.3.3 master:6fe1ce2   Built Jun 30 2026.,static_crystal_polymer,,
3T3Y,equibind,scored,0.35456,gnina v1.3.3 master:6fe1ce2   Built Jun 30 2026.,static_crystal_polymer,,
3T3Y,diffdock,scored,0.81579,gnina v1.3.3 master:6fe1ce2   Built Jun 30 2026.,static_crystal_polymer,,
3SIO,equibind,scored,0.1795,gnina v1.3.3 master:6fe1ce2   Built Jun 30 2026.,static_crystal_polymer,,
3SIO,diffdock,scored,0.31675,gnina v1.3.3 master:6fe1ce2   Built Jun 30 2026.,static_crystal_polymer,,
3T08,equibind,scored,0.00105,gnina v1.3.3 master:6fe1ce2   Built Jun 30 2026.,static_crystal_polymer,,
3T09,equibind,scored,0.00063,gnina v1.3.3 master:6fe1ce2   Built Jun 30 2026.,static_crystal_polymer,,
3SDI,equibind,scored,0.03728,gnina v1.3.3 master:6fe1ce2   Built Jun 30 2026.,static_crystal_polymer,,
3SHJ,equibind,scored,0.34608,gnina v1.3.3 master:6fe1ce2   Built Jun 30 2026.,static_crystal_polymer,,
3T3E,equibind,scored,0.0,gnina v1.3.3 master:6fe1ce2   Built Jun 30 2026.,static_crystal_polymer,,
3T3E,diffdock,scored,0.95353,gnina v1.3.3 master:6fe1ce2   Built Jun 30 2026.,static_crystal_polymer,,
3SDK,equibind,scored,0.07923,gnina v1.3.3 master:6fe1ce2   Built Jun 30 2026.,static_crystal_polymer,,
3T5U,equibind,scored,0.57965,gnina v1.3.3 master:6fe1ce2   Built Jun 30 2026.,static_crystal_polymer,,
3T5U,diffdock,scored,0.85392,gnina v1.3.3 master:6fe1ce2   Built Jun 30 2026.,static_crystal_polymer,,
3T3G,equibind,scored,0.0039,gnina v1.3.3 master:6fe1ce2   Built Jun 30 2026.,static_crystal_polymer,,
3T3G,diffdock,scored,0.89878,gnina v1.3.3 master:6fe1ce2   Built Jun 30 2026.,static_crystal_polymer,,
3T3H,equibind,scored,0.01411,gnina v1.3.3 master:6fe1ce2   Built Jun 30 2026.,static_crystal_polymer,,
3T3H,diffdock,scored,0.64977,gnina v1.3.3 master:6fe1ce2   Built Jun 30 2026.,static_crystal_polymer,,
3T4N,equibind,scored,0.00018,gnina v1.3.3 master:6fe1ce2   Built Jun 30 2026.,static_crystal_polymer,,
3T4N,diffdock,scored,0.705,gnina v1.3.3 master:6fe1ce2   Built Jun 30 2026.,static_crystal_polymer,,
3T0B,equibind,scored,7e-05,gnina v1.3.3 master:6fe1ce2   Built Jun 30 2026.,static_crystal_polymer,,
3T83,equibind,scored,0.01697,gnina v1.3.3 master:6fe1ce2   Built Jun 30 2026.,static_crystal_polymer,,
3T83,diffdock,scored,0.43218,gnina v1.3.3 master:6fe1ce2   Built Jun 30 2026.,static_crystal_polymer,,
3T3I,equibind,scored,2e-05,gnina v1.3.3 master:6fe1ce2   Built Jun 30 2026.,static_crystal_polymer,,
3T3I,diffdock,scored,0.88412,gnina v1.3.3 master:6fe1ce2   Built Jun 30 2026.,static_crystal_polymer,,
3T0D,equibind,scored,0.00228,gnina v1.3.3 master:6fe1ce2   Built Jun 30 2026.,static_crystal_polymer,,
3T82,equibind,scored,0.07998,gnina v1.3.3 master:6fe1ce2   Built Jun 30 2026.,static_crystal_polymer,,
3T82,diffdock,scored,0.68201,gnina v1.3.3 master:6fe1ce2   Built Jun 30 2026.,static_crystal_polymer,,
3T84,equibind,scored,0.62301,gnina v1.3.3 master:6fe1ce2   Built Jun 30 2026.,static_crystal_polymer,,
3T84,diffdock,scored,0.57261,gnina v1.3.3 master:6fe1ce2   Built Jun 30 2026.,static_crystal_polymer,,
3T85,equibind,scored,0.03252,gnina v1.3.3 master:6fe1ce2   Built Jun 30 2026.,static_crystal_polymer,,
3T85,diffdock,scored,0.51047,gnina v1.3.3 master:6fe1ce2   Built Jun 30 2026.,static_crystal_polymer,,
3T64,equibind,scored,8e-05,gnina v1.3.3 master:6fe1ce2   Built Jun 30 2026.,static_crystal_polymer,,
3T64,diffdock,scored,0.06517,gnina v1.3.3 master:6fe1ce2   Built Jun 30 2026.,static_crystal_polymer,,
3T70,equibind,scored,0.0012,gnina v1.3.3 master:6fe1ce2   Built Jun 30 2026.,static_crystal_polymer,,
3T70,diffdock,scored,0.20298,gnina v1.3.3 master:6fe1ce2   Built Jun 30 2026.,static_crystal_polymer,,
3TAY,equibind,scored,0.00235,gnina v1.3.3 master:6fe1ce2   Built Jun 30 2026.,static_crystal_polymer,,
3TAY,diffdock,scored,0.2336,gnina v1.3.3 master:6fe1ce2   Built Jun 30 2026.,static_crystal_polymer,,
3TAO,equibind,scored,0.51665,gnina v1.3.3 master:6fe1ce2   Built Jun 30 2026.,static_crystal_polymer,,
3TAO,diffdock,scored,0.91768,gnina v1.3.3 master:6fe1ce2   Built Jun 30 2026.,static_crystal_polymer,,
3TCY,equibind,scored,0.14938,gnina v1.3.3 master:6fe1ce2   Built Jun 30 2026.,static_crystal_polymer,,
3TCY,diffdock,scored,0.14068,gnina v1.3.3 master:6fe1ce2   Built Jun 30 2026.,static_crystal_polymer,,
3TC5,equibind,scored,0.02876,gnina v1.3.3 master:6fe1ce2   Built Jun 30 2026.,static_crystal_polymer,,
3TC5,diffdock,scored,0.58098,gnina v1.3.3 master:6fe1ce2   Built Jun 30 2026.,static_crystal_polymer,,
3TB6,equibind,scored,0.00793,gnina v1.3.3 master:6fe1ce2   Built Jun 30 2026.,static_crystal_polymer,,
3TB6,diffdock,scored,0.74007,gnina v1.3.3 master:6fe1ce2   Built Jun 30 2026.,static_crystal_polymer,,
3T8S,equibind,scored,0.15569,gnina v1.3.3 master:6fe1ce2   Built Jun 30 2026.,static_crystal_polymer,,
3T8S,diffdock,scored,0.18687,gnina v1.3.3 master:6fe1ce2   Built Jun 30 2026.,static_crystal_polymer,,
3TCP,equibind,scored,0.00784,gnina v1.3.3 master:6fe1ce2   Built Jun 30 2026.,static_crystal_polymer,,
3TCP,diffdock,scored,0.93401,gnina v1.3.3 master:6fe1ce2   Built Jun 30 2026.,static_crystal_polymer,,
3TDH,equibind,scored,0.00442,gnina v1.3.3 master:6fe1ce2   Built Jun 30 2026.,static_crystal_polymer,,
3TDH,diffdock,scored,0.43138,gnina v1.3.3 master:6fe1ce2   Built Jun 30 2026.,static_crystal_polymer,,
3TDJ,equibind,scored,0.11416,gnina v1.3.3 master:6fe1ce2   Built Jun 30 2026.,static_crystal_polymer,,
3TDJ,diffdock,scored,0.73765,gnina v1.3.3 master:6fe1ce2   Built Jun 30 2026.,static_crystal_polymer,,
3TGS,equibind,scored,0.00023,gnina v1.3.3 master:6fe1ce2   Built Jun 30 2026.,static_crystal_polymer,,
3TGS,diffdock,scored,0.74183,gnina v1.3.3 master:6fe1ce2   Built Jun 30 2026.,static_crystal_polymer,,
3TIZ,equibind,scored,0.27985,gnina v1.3.3 master:6fe1ce2   Built Jun 30 2026.,static_crystal_polymer,,
3TIZ,diffdock,scored,0.8389,gnina v1.3.3 master:6fe1ce2   Built Jun 30 2026.,static_crystal_polymer,,
3TIF,equibind,scored,0.0,gnina v1.3.3 master:6fe1ce2   Built Jun 30 2026.,static_crystal_polymer,,
3TIF,diffdock,scored,0.35096,gnina v1.3.3 master:6fe1ce2   Built Jun 30 2026.,static_crystal_polymer,,
3TI6,equibind,scored,0.64095,gnina v1.3.3 master:6fe1ce2   Built Jun 30 2026.,static_crystal_polymer,,
3TI6,diffdock,scored,0.72676,gnina v1.3.3 master:6fe1ce2   Built Jun 30 2026.,static_crystal_polymer,,
3TK2,equibind,scored,0.83541,gnina v1.3.3 master:6fe1ce2   Built Jun 30 2026.,static_crystal_polymer,,
3TK2,diffdock,scored,0.76005,gnina v1.3.3 master:6fe1ce2   Built Jun 30 2026.,static_crystal_polymer,,
3TKI,equibind,scored,0.48512,gnina v1.3.3 master:6fe1ce2   Built Jun 30 2026.,static_crystal_polymer,,
3TKI,diffdock,scored,0.18352,gnina v1.3.3 master:6fe1ce2   Built Jun 30 2026.,static_crystal_polymer,,
3TLH,equibind,scored,0.00687,gnina v1.3.3 master:6fe1ce2   Built Jun 30 2026.,static_crystal_polymer,,
3TLH,diffdock,scored,0.67901,gnina v1.3.3 master:6fe1ce2   Built Jun 30 2026.,static_crystal_polymer,,
3T2P,equibind,scored,8e-05,gnina v1.3.3 master:6fe1ce2   Built Jun 30 2026.,static_crystal_polymer,,
3TKW,equibind,scored,0.01285,gnina v1.3.3 master:6fe1ce2   Built Jun 30 2026.,static_crystal_polymer,,
3TKW,diffdock,scored,0.89947,gnina v1.3.3 master:6fe1ce2   Built Jun 30 2026.,static_crystal_polymer,,
3T2Q,equibind,scored,0.00066,gnina v1.3.3 master:6fe1ce2   Built Jun 30 2026.,static_crystal_polymer,,
3TD4,equibind,scored,1e-05,gnina v1.3.3 master:6fe1ce2   Built Jun 30 2026.,static_crystal_polymer,,
3TD4,diffdock,scored,0.80454,gnina v1.3.3 master:6fe1ce2   Built Jun 30 2026.,static_crystal_polymer,,
3TPP,equibind,scored,0.01829,gnina v1.3.3 master:6fe1ce2   Built Jun 30 2026.,static_crystal_polymer,,
3TPP,diffdock,scored,0.9195,gnina v1.3.3 master:6fe1ce2   Built Jun 30 2026.,static_crystal_polymer,,
3TPR,equibind,scored,1e-05,gnina v1.3.3 master:6fe1ce2   Built Jun 30 2026.,static_crystal_polymer,,
3TPR,diffdock,scored,0.62592,gnina v1.3.3 master:6fe1ce2   Built Jun 30 2026.,static_crystal_polymer,,
3TKU,equibind,scored,0.00013,gnina v1.3.3 master:6fe1ce2   Built Jun 30 2026.,static_crystal_polymer,,
3TKU,diffdock,scored,0.83584,gnina v1.3.3 master:6fe1ce2   Built Jun 30 2026.,static_crystal_polymer,,
3TS4,equibind,scored,0.00381,gnina v1.3.3 master:6fe1ce2   Built Jun 30 2026.,static_crystal_polymer,,
3TS4,diffdock,scored,0.72561,gnina v1.3.3 master:6fe1ce2   Built Jun 30 2026.,static_crystal_polymer,,
3TNE,equibind,scored,7e-05,gnina v1.3.3 master:6fe1ce2   Built Jun 30 2026.,static_crystal_polymer,,
3TNE,diffdock,scored,0.79324,gnina v1.3.3 master:6fe1ce2   Built Jun 30 2026.,static_crystal_polymer,,
3TSK,equibind,scored,0.00026,gnina v1.3.3 master:6fe1ce2   Built Jun 30 2026.,static_crystal_polymer,,
3TSK,diffdock,scored,0.37405,gnina v1.3.3 master:6fe1ce2   Built Jun 30 2026.,static_crystal_polymer,,
3TT4,equibind,scored,0.07582,gnina v1.3.3 master:6fe1ce2   Built Jun 30 2026.,static_crystal_polymer,,
3TT4,diffdock,scored,0.70127,gnina v1.3.3 master:6fe1ce2   Built Jun 30 2026.,static_crystal_polymer,,
3TSD,equibind,scored,0.0,gnina v1.3.3 master:6fe1ce2   Built Jun 30 2026.,static_crystal_polymer,,
3TSD,diffdock,scored,0.40342,gnina v1.3.3 master:6fe1ce2   Built Jun 30 2026.,static_crystal_polymer,,
3TTM,equibind,scored,0.02612,gnina v1.3.3 master:6fe1ce2   Built Jun 30 2026.,static_crystal_polymer,,
3TTM,diffdock,scored,0.80508,gnina v1.3.3 master:6fe1ce2   Built Jun 30 2026.,static_crystal_polymer,,
3TTZ,equibind,scored,2e-05,gnina v1.3.3 master:6fe1ce2   Built Jun 30 2026.,static_crystal_polymer,,
3TTZ,diffdock,scored,0.89841,gnina v1.3.3 master:6fe1ce2   Built Jun 30 2026.,static_crystal_polymer,,
3TU1,equibind,scored,0.33147,gnina v1.3.3 master:6fe1ce2   Built Jun 30 2026.,static_crystal_polymer,,
3TU1,diffdock,scored,0.49822,gnina v1.3.3 master:6fe1ce2   Built Jun 30 2026.,static_crystal_polymer,,
3TTN,equibind,scored,0.27125,gnina v1.3.3 master:6fe1ce2   Built Jun 30 2026.,static_crystal_polymer,,
3TTN,diffdock,scored,0.8579,gnina v1.3.3 master:6fe1ce2   Built Jun 30 2026.,static_crystal_polymer,,
3TV4,equibind,scored,0.03596,gnina v1.3.3 master:6fe1ce2   Built Jun 30 2026.,static_crystal_polymer,,
3TV4,diffdock,scored,0.56876,gnina v1.3.3 master:6fe1ce2   Built Jun 30 2026.,static_crystal_polymer,,
3TVC,equibind,scored,0.30003,gnina v1.3.3 master:6fe1ce2   Built Jun 30 2026.,static_crystal_polymer,,
3TVC,diffdock,scored,0.87058,gnina v1.3.3 master:6fe1ce2   Built Jun 30 2026.,static_crystal_polymer,,
3TV8,equibind,scored,0.71178,gnina v1.3.3 master:6fe1ce2   Built Jun 30 2026.,static_crystal_polymer,,
3TV8,diffdock,scored,0.51923,gnina v1.3.3 master:6fe1ce2   Built Jun 30 2026.,static_crystal_polymer,,
3TWD,equibind,scored,4e-05,gnina v1.3.3 master:6fe1ce2   Built Jun 30 2026.,static_crystal_polymer,,
3TWD,diffdock,scored,0.28725,gnina v1.3.3 master:6fe1ce2   Built Jun 30 2026.,static_crystal_polymer,,
3TA0,equibind,scored,0.00014,gnina v1.3.3 master:6fe1ce2   Built Jun 30 2026.,static_crystal_polymer,,
3TA0,diffdock,scored,0.72362,gnina v1.3.3 master:6fe1ce2   Built Jun 30 2026.,static_crystal_polymer,,
3TVL,equibind,scored,0.29751,gnina v1.3.3 master:6fe1ce2   Built Jun 30 2026.,static_crystal_polymer,,
3TVL,diffdock,scored,0.71955,gnina v1.3.3 master:6fe1ce2   Built Jun 30 2026.,static_crystal_polymer,,
3TXO,equibind,scored,0.5022,gnina v1.3.3 master:6fe1ce2   Built Jun 30 2026.,static_crystal_polymer,,
3TXO,diffdock,scored,0.72549,gnina v1.3.3 master:6fe1ce2   Built Jun 30 2026.,static_crystal_polymer,,
3TV7,equibind,scored,0.1324,gnina v1.3.3 master:6fe1ce2   Built Jun 30 2026.,static_crystal_polymer,,
3TV7,diffdock,scored,0.35332,gnina v1.3.3 master:6fe1ce2   Built Jun 30 2026.,static_crystal_polymer,,
3TZ0,equibind,scored,0.23291,gnina v1.3.3 master:6fe1ce2   Built Jun 30 2026.,static_crystal_polymer,,
3TZ0,diffdock,scored,0.89805,gnina v1.3.3 master:6fe1ce2   Built Jun 30 2026.,static_crystal_polymer,,
3TU9,equibind,scored,0.58092,gnina v1.3.3 master:6fe1ce2   Built Jun 30 2026.,static_crystal_polymer,,
3TU9,diffdock,scored,0.25128,gnina v1.3.3 master:6fe1ce2   Built Jun 30 2026.,static_crystal_polymer,,
3TZ4,equibind,scored,0.2813,gnina v1.3.3 master:6fe1ce2   Built Jun 30 2026.,static_crystal_polymer,,
3TZ4,diffdock,scored,0.91039,gnina v1.3.3 master:6fe1ce2   Built Jun 30 2026.,static_crystal_polymer,,
3TY0,equibind,scored,2e-05,gnina v1.3.3 master:6fe1ce2   Built Jun 30 2026.,static_crystal_polymer,,
3TY0,diffdock,scored,0.62201,gnina v1.3.3 master:6fe1ce2   Built Jun 30 2026.,static_crystal_polymer,,
3TZM,equibind,scored,0.24065,gnina v1.3.3 master:6fe1ce2   Built Jun 30 2026.,static_crystal_polymer,,
3TZM,diffdock,scored,0.19483,gnina v1.3.3 master:6fe1ce2   Built Jun 30 2026.,static_crystal_polymer,,
3U10,equibind,scored,0.66281,gnina v1.3.3 master:6fe1ce2   Built Jun 30 2026.,static_crystal_polymer,,
3U10,diffdock,scored,0.68886,gnina v1.3.3 master:6fe1ce2   Built Jun 30 2026.,static_crystal_polymer,,
3TZA,equibind,scored,0.14647,gnina v1.3.3 master:6fe1ce2   Built Jun 30 2026.,static_crystal_polymer,,
3TZA,diffdock,scored,0.91271,gnina v1.3.3 master:6fe1ce2   Built Jun 30 2026.,static_crystal_polymer,,
3THD,equibind,scored,0.0568,gnina v1.3.3 master:6fe1ce2   Built Jun 30 2026.,static_crystal_polymer,,
3THD,diffdock,scored,0.55299,gnina v1.3.3 master:6fe1ce2   Built Jun 30 2026.,static_crystal_polymer,,
3TV5,equibind,scored,0.00057,gnina v1.3.3 master:6fe1ce2   Built Jun 30 2026.,static_crystal_polymer,,
3TV5,diffdock,scored,0.44792,gnina v1.3.3 master:6fe1ce2   Built Jun 30 2026.,static_crystal_polymer,,
3U3U,equibind,scored,0.00392,gnina v1.3.3 master:6fe1ce2   Built Jun 30 2026.,static_crystal_polymer,,
3U3U,diffdock,scored,0.6262,gnina v1.3.3 master:6fe1ce2   Built Jun 30 2026.,static_crystal_polymer,,
3U15,equibind,scored,0.00033,gnina v1.3.3 master:6fe1ce2   Built Jun 30 2026.,static_crystal_polymer,,
3U15,diffdock,scored,0.73809,gnina v1.3.3 master:6fe1ce2   Built Jun 30 2026.,static_crystal_polymer,,
3U0D,equibind,scored,0.03594,gnina v1.3.3 master:6fe1ce2   Built Jun 30 2026.,static_crystal_polymer,,
3U0D,diffdock,scored,0.86537,gnina v1.3.3 master:6fe1ce2   Built Jun 30 2026.,static_crystal_polymer,,
3TWP,equibind,scored,0.78919,gnina v1.3.3 master:6fe1ce2   Built Jun 30 2026.,static_crystal_polymer,,
3TWP,diffdock,scored,0.70626,gnina v1.3.3 master:6fe1ce2   Built Jun 30 2026.,static_crystal_polymer,,
3TWJ,equibind,scored,0.00086,gnina v1.3.3 master:6fe1ce2   Built Jun 30 2026.,static_crystal_polymer,,
3TWJ,diffdock,scored,0.12764,gnina v1.3.3 master:6fe1ce2   Built Jun 30 2026.,static_crystal_polymer,,
3U4H,equibind,scored,0.0,gnina v1.3.3 master:6fe1ce2   Built Jun 30 2026.,static_crystal_polymer,,
3U4H,diffdock,scored,0.15161,gnina v1.3.3 master:6fe1ce2   Built Jun 30 2026.,static_crystal_polymer,,
3U5L,equibind,scored,0.0309,gnina v1.3.3 master:6fe1ce2   Built Jun 30 2026.,static_crystal_polymer,,
3U5L,diffdock,scored,0.56267,gnina v1.3.3 master:6fe1ce2   Built Jun 30 2026.,static_crystal_polymer,,
3U1Y,equibind,scored,0.00153,gnina v1.3.3 master:6fe1ce2   Built Jun 30 2026.,static_crystal_polymer,,
3U1Y,diffdock,scored,0.52952,gnina v1.3.3 master:6fe1ce2   Built Jun 30 2026.,static_crystal_polymer,,
3U7K,equibind,scored,0.0479,gnina v1.3.3 master:6fe1ce2   Built Jun 30 2026.,static_crystal_polymer,,
3U7K,diffdock,scored,0.5933,gnina v1.3.3 master:6fe1ce2   Built Jun 30 2026.,static_crystal_polymer,,
3U78,equibind,scored,0.05605,gnina v1.3.3 master:6fe1ce2   Built Jun 30 2026.,static_crystal_polymer,,
3U78,diffdock,scored,0.05049,gnina v1.3.3 master:6fe1ce2   Built Jun 30 2026.,static_crystal_polymer,,
3U0P,equibind,scored,0.00074,gnina v1.3.3 master:6fe1ce2   Built Jun 30 2026.,static_crystal_polymer,,
3U0P,diffdock,scored,0.12431,gnina v1.3.3 master:6fe1ce2   Built Jun 30 2026.,static_crystal_polymer,,
3U7L,equibind,scored,0.00041,gnina v1.3.3 master:6fe1ce2   Built Jun 30 2026.,static_crystal_polymer,,
3U7L,diffdock,scored,0.66723,gnina v1.3.3 master:6fe1ce2   Built Jun 30 2026.,static_crystal_polymer,,
3U7M,equibind,scored,0.04404,gnina v1.3.3 master:6fe1ce2   Built Jun 30 2026.,static_crystal_polymer,,
3U7M,diffdock,scored,0.74126,gnina v1.3.3 master:6fe1ce2   Built Jun 30 2026.,static_crystal_polymer,,
3U7N,equibind,scored,0.10024,gnina v1.3.3 master:6fe1ce2   Built Jun 30 2026.,static_crystal_polymer,,
3U7N,diffdock,scored,0.49791,gnina v1.3.3 master:6fe1ce2   Built Jun 30 2026.,static_crystal_polymer,,
3TMK,equibind,scored,0.00091,gnina v1.3.3 master:6fe1ce2   Built Jun 30 2026.,static_crystal_polymer,,
3TMK,diffdock,scored,0.04135,gnina v1.3.3 master:6fe1ce2   Built Jun 30 2026.,static_crystal_polymer,,
3U81,equibind,scored,0.0093,gnina v1.3.3 master:6fe1ce2   Built Jun 30 2026.,static_crystal_polymer,,
3U81,diffdock,scored,0.39142,gnina v1.3.3 master:6fe1ce2   Built Jun 30 2026.,static_crystal_polymer,,
3U90,equibind,scored,0.00074,gnina v1.3.3 master:6fe1ce2   Built Jun 30 2026.,static_crystal_polymer,,
3U90,diffdock,scored,0.21505,gnina v1.3.3 master:6fe1ce2   Built Jun 30 2026.,static_crystal_polymer,,
3U4O,equibind,scored,0.0,gnina v1.3.3 master:6fe1ce2   Built Jun 30 2026.,static_crystal_polymer,,
3U4O,diffdock,scored,0.54826,gnina v1.3.3 master:6fe1ce2   Built Jun 30 2026.,static_crystal_polymer,,
3U4R,equibind,scored,8e-05,gnina v1.3.3 master:6fe1ce2   Built Jun 30 2026.,static_crystal_polymer,,
3U4R,diffdock,scored,0.31456,gnina v1.3.3 master:6fe1ce2   Built Jun 30 2026.,static_crystal_polymer,,
3U8H,equibind,scored,0.00333,gnina v1.3.3 master:6fe1ce2   Built Jun 30 2026.,static_crystal_polymer,,
3U8H,diffdock,scored,0.4592,gnina v1.3.3 master:6fe1ce2   Built Jun 30 2026.,static_crystal_polymer,,
3U8D,equibind,scored,0.0,gnina v1.3.3 master:6fe1ce2   Built Jun 30 2026.,static_crystal_polymer,,
3U8D,diffdock,scored,0.87969,gnina v1.3.3 master:6fe1ce2   Built Jun 30 2026.,static_crystal_polymer,,
3U92,equibind,scored,0.00238,gnina v1.3.3 master:6fe1ce2   Built Jun 30 2026.,static_crystal_polymer,,
3U92,diffdock,scored,0.81163,gnina v1.3.3 master:6fe1ce2   Built Jun 30 2026.,static_crystal_polymer,,
3U9N,equibind,scored,0.08449,gnina v1.3.3 master:6fe1ce2   Built Jun 30 2026.,static_crystal_polymer,,
3U9N,diffdock,scored,0.20555,gnina v1.3.3 master:6fe1ce2   Built Jun 30 2026.,static_crystal_polymer,,
3U93,equibind,scored,0.70885,gnina v1.3.3 master:6fe1ce2   Built Jun 30 2026.,static_crystal_polymer,,
3U93,diffdock,scored,0.84993,gnina v1.3.3 master:6fe1ce2   Built Jun 30 2026.,static_crystal_polymer,,
3U6A,equibind,scored,0.00036,gnina v1.3.3 master:6fe1ce2   Built Jun 30 2026.,static_crystal_polymer,,
3U6A,diffdock,scored,0.47756,gnina v1.3.3 master:6fe1ce2   Built Jun 30 2026.,static_crystal_polymer,,
3U9Q,equibind,scored,0.46026,gnina v1.3.3 master:6fe1ce2   Built Jun 30 2026.,static_crystal_polymer,,
3U9Q,diffdock,scored,0.88681,gnina v1.3.3 master:6fe1ce2   Built Jun 30 2026.,static_crystal_polymer,,
3UDH,equibind,scored,0.32595,gnina v1.3.3 master:6fe1ce2   Built Jun 30 2026.,static_crystal_polymer,,
3UDH,diffdock,scored,0.33171,gnina v1.3.3 master:6fe1ce2   Built Jun 30 2026.,static_crystal_polymer,,
3UDJ,equibind,scored,0.53397,gnina v1.3.3 master:6fe1ce2   Built Jun 30 2026.,static_crystal_polymer,,
3UDJ,diffdock,scored,0.60993,gnina v1.3.3 master:6fe1ce2   Built Jun 30 2026.,static_crystal_polymer,,
3UCJ,equibind,scored,0.01958,gnina v1.3.3 master:6fe1ce2   Built Jun 30 2026.,static_crystal_polymer,,
3UCJ,diffdock,scored,0.20887,gnina v1.3.3 master:6fe1ce2   Built Jun 30 2026.,static_crystal_polymer,,
3UDK,equibind,scored,0.00524,gnina v1.3.3 master:6fe1ce2   Built Jun 30 2026.,static_crystal_polymer,,
3UDK,diffdock,scored,0.54706,gnina v1.3.3 master:6fe1ce2   Built Jun 30 2026.,static_crystal_polymer,,
3UDM,equibind,scored,0.11665,gnina v1.3.3 master:6fe1ce2   Built Jun 30 2026.,static_crystal_polymer,,
3UDM,diffdock,scored,0.23473,gnina v1.3.3 master:6fe1ce2   Built Jun 30 2026.,static_crystal_polymer,,
3U9C,equibind,scored,0.30289,gnina v1.3.3 master:6fe1ce2   Built Jun 30 2026.,static_crystal_polymer,,
3U9C,diffdock,scored,0.89117,gnina v1.3.3 master:6fe1ce2   Built Jun 30 2026.,static_crystal_polymer,,
3UDQ,equibind,scored,0.2265,gnina v1.3.3 master:6fe1ce2   Built Jun 30 2026.,static_crystal_polymer,,
3UDQ,diffdock,scored,0.48976,gnina v1.3.3 master:6fe1ce2   Built Jun 30 2026.,static_crystal_polymer,,
3UDP,equibind,scored,0.6957,gnina v1.3.3 master:6fe1ce2   Built Jun 30 2026.,static_crystal_polymer,,
3UDP,diffdock,scored,0.49818,gnina v1.3.3 master:6fe1ce2   Built Jun 30 2026.,static_crystal_polymer,,
3UDN,equibind,scored,0.19981,gnina v1.3.3 master:6fe1ce2   Built Jun 30 2026.,static_crystal_polymer,,
3UDN,diffdock,scored,0.7803,gnina v1.3.3 master:6fe1ce2   Built Jun 30 2026.,static_crystal_polymer,,
3UDR,equibind,scored,0.06907,gnina v1.3.3 master:6fe1ce2   Built Jun 30 2026.,static_crystal_polymer,,
3UDR,diffdock,scored,0.8272,gnina v1.3.3 master:6fe1ce2   Built Jun 30 2026.,static_crystal_polymer,,
3UEW,equibind,scored,0.49652,gnina v1.3.3 master:6fe1ce2   Built Jun 30 2026.,static_crystal_polymer,,
3UEW,diffdock,scored,0.6286,gnina v1.3.3 master:6fe1ce2   Built Jun 30 2026.,static_crystal_polymer,,
3UEV,equibind,scored,0.24119,gnina v1.3.3 master:6fe1ce2   Built Jun 30 2026.,static_crystal_polymer,,
3UEV,diffdock,scored,0.44726,gnina v1.3.3 master:6fe1ce2   Built Jun 30 2026.,static_crystal_polymer,,
3UDY,equibind,scored,0.42702,gnina v1.3.3 master:6fe1ce2   Built Jun 30 2026.,static_crystal_polymer,,
3UDY,diffdock,scored,0.38647,gnina v1.3.3 master:6fe1ce2   Built Jun 30 2026.,static_crystal_polymer,,
3UEX,equibind,scored,0.30024,gnina v1.3.3 master:6fe1ce2   Built Jun 30 2026.,static_crystal_polymer,,
3UEX,diffdock,scored,0.55489,gnina v1.3.3 master:6fe1ce2   Built Jun 30 2026.,static_crystal_polymer,,
3UG2,equibind,scored,0.09382,gnina v1.3.3 master:6fe1ce2   Built Jun 30 2026.,static_crystal_polymer,,
3UG2,diffdock,scored,0.33909,gnina v1.3.3 master:6fe1ce2   Built Jun 30 2026.,static_crystal_polymer,,
3UFL,equibind,scored,0.01577,gnina v1.3.3 master:6fe1ce2   Built Jun 30 2026.,static_crystal_polymer,,
3UFL,diffdock,scored,0.52625,gnina v1.3.3 master:6fe1ce2   Built Jun 30 2026.,static_crystal_polymer,,
3UE4,equibind,scored,0.00215,gnina v1.3.3 master:6fe1ce2   Built Jun 30 2026.,static_crystal_polymer,,
3UE4,diffdock,scored,0.36832,gnina v1.3.3 master:6fe1ce2   Built Jun 30 2026.,static_crystal_polymer,,
3UH4,equibind,scored,0.00032,gnina v1.3.3 master:6fe1ce2   Built Jun 30 2026.,static_crystal_polymer,,
3UH4,diffdock,scored,0.82888,gnina v1.3.3 master:6fe1ce2   Built Jun 30 2026.,static_crystal_polymer,,
3UHM,equibind,scored,0.48356,gnina v1.3.3 master:6fe1ce2   Built Jun 30 2026.,static_crystal_polymer,,
3UHM,diffdock,scored,0.7695,gnina v1.3.3 master:6fe1ce2   Built Jun 30 2026.,static_crystal_polymer,,
3UIB,equibind,scored,0.22555,gnina v1.3.3 master:6fe1ce2   Built Jun 30 2026.,static_crystal_polymer,,
3UIB,diffdock,scored,0.39806,gnina v1.3.3 master:6fe1ce2   Built Jun 30 2026.,static_crystal_polymer,,
3UJ9,equibind,scored,0.50922,gnina v1.3.3 master:6fe1ce2   Built Jun 30 2026.,static_crystal_polymer,,
3UJ9,diffdock,scored,0.9825,gnina v1.3.3 master:6fe1ce2   Built Jun 30 2026.,static_crystal_polymer,,
3UJC,equibind,scored,0.63788,gnina v1.3.3 master:6fe1ce2   Built Jun 30 2026.,static_crystal_polymer,,
3UJC,diffdock,scored,0.97586,gnina v1.3.3 master:6fe1ce2   Built Jun 30 2026.,static_crystal_polymer,,
3UBX,equibind,scored,9e-05,gnina v1.3.3 master:6fe1ce2   Built Jun 30 2026.,static_crystal_polymer,,
3UBX,diffdock,scored,0.40541,gnina v1.3.3 master:6fe1ce2   Built Jun 30 2026.,static_crystal_polymer,,
3UJD,equibind,scored,0.65671,gnina v1.3.3 master:6fe1ce2   Built Jun 30 2026.,static_crystal_polymer,,
3UJD,diffdock,scored,0.98408,gnina v1.3.3 master:6fe1ce2   Built Jun 30 2026.,static_crystal_polymer,,
3UMX,equibind,scored,0.75002,gnina v1.3.3 master:6fe1ce2   Built Jun 30 2026.,static_crystal_polymer,,
3UMX,diffdock,scored,0.78299,gnina v1.3.3 master:6fe1ce2   Built Jun 30 2026.,static_crystal_polymer,,
3UO4,equibind,scored,0.55208,gnina v1.3.3 master:6fe1ce2   Built Jun 30 2026.,static_crystal_polymer,,
3UO4,diffdock,scored,0.80631,gnina v1.3.3 master:6fe1ce2   Built Jun 30 2026.,static_crystal_polymer,,
3UMQ,equibind,scored,0.76335,gnina v1.3.3 master:6fe1ce2   Built Jun 30 2026.,static_crystal_polymer,,
3UMQ,diffdock,scored,0.329,gnina v1.3.3 master:6fe1ce2   Built Jun 30 2026.,static_crystal_polymer,,
3UP2,equibind,scored,0.49635,gnina v1.3.3 master:6fe1ce2   Built Jun 30 2026.,static_crystal_polymer,,
3UP2,diffdock,scored,0.98353,gnina v1.3.3 master:6fe1ce2   Built Jun 30 2026.,static_crystal_polymer,,
3UOD,equibind,scored,0.42436,gnina v1.3.3 master:6fe1ce2   Built Jun 30 2026.,static_crystal_polymer,,
3UOD,diffdock,scored,0.98152,gnina v1.3.3 master:6fe1ce2   Built Jun 30 2026.,static_crystal_polymer,,
3UF9,equibind,scored,0.00201,gnina v1.3.3 master:6fe1ce2   Built Jun 30 2026.,static_crystal_polymer,,
3UF9,diffdock,scored,0.31658,gnina v1.3.3 master:6fe1ce2   Built Jun 30 2026.,static_crystal_polymer,,
3UOK,equibind,scored,0.29986,gnina v1.3.3 master:6fe1ce2   Built Jun 30 2026.,static_crystal_polymer,,
3UOK,diffdock,scored,0.80781,gnina v1.3.3 master:6fe1ce2   Built Jun 30 2026.,static_crystal_polymer,,
3UMO,equibind,scored,0.00029,gnina v1.3.3 master:6fe1ce2   Built Jun 30 2026.,static_crystal_polymer,,
3UMO,diffdock,scored,0.15746,gnina v1.3.3 master:6fe1ce2   Built Jun 30 2026.,static_crystal_polymer,,
3UMP,equibind,scored,0.00164,gnina v1.3.3 master:6fe1ce2   Built Jun 30 2026.,static_crystal_polymer,,
3UMP,diffdock,scored,0.25022,gnina v1.3.3 master:6fe1ce2   Built Jun 30 2026.,static_crystal_polymer,,
3UPK,equibind,scored,0.02652,gnina v1.3.3 master:6fe1ce2   Built Jun 30 2026.,static_crystal_polymer,,
3UPK,diffdock,scored,0.47668,gnina v1.3.3 master:6fe1ce2   Built Jun 30 2026.,static_crystal_polymer,,
3UPZ,equibind,scored,0.74696,gnina v1.3.3 master:6fe1ce2   Built Jun 30 2026.,static_crystal_polymer,,
3UPZ,diffdock,scored,0.74428,gnina v1.3.3 master:6fe1ce2   Built Jun 30 2026.,static_crystal_polymer,,
3UQG,equibind,scored,0.00063,gnina v1.3.3 master:6fe1ce2   Built Jun 30 2026.,static_crystal_polymer,,
3UQG,diffdock,scored,0.78057,gnina v1.3.3 master:6fe1ce2   Built Jun 30 2026.,static_crystal_polymer,,
3USN,equibind,scored,0.0002,gnina v1.3.3 master:6fe1ce2   Built Jun 30 2026.,static_crystal_polymer,,
3USN,diffdock,scored,0.53952,gnina v1.3.3 master:6fe1ce2   Built Jun 30 2026.,static_crystal_polymer,,
3UR9,equibind,scored,0.0001,gnina v1.3.3 master:6fe1ce2   Built Jun 30 2026.,static_crystal_polymer,,
3UR9,diffdock,scored,0.28805,gnina v1.3.3 master:6fe1ce2   Built Jun 30 2026.,static_crystal_polymer,,
3UVP,equibind,scored,0.18248,gnina v1.3.3 master:6fe1ce2   Built Jun 30 2026.,static_crystal_polymer,,
3UVP,diffdock,scored,0.49763,gnina v1.3.3 master:6fe1ce2   Built Jun 30 2026.,static_crystal_polymer,,
3UPI,equibind,scored,0.0,gnina v1.3.3 master:6fe1ce2   Built Jun 30 2026.,static_crystal_polymer,,
3UPI,diffdock,scored,0.973,gnina v1.3.3 master:6fe1ce2   Built Jun 30 2026.,static_crystal_polymer,,
3USX,equibind,scored,0.52346,gnina v1.3.3 master:6fe1ce2   Built Jun 30 2026.,static_crystal_polymer,,
3USX,diffdock,scored,0.39922,gnina v1.3.3 master:6fe1ce2   Built Jun 30 2026.,static_crystal_polymer,,
3UVQ,equibind,scored,0.03239,gnina v1.3.3 master:6fe1ce2   Built Jun 30 2026.,static_crystal_polymer,,
3UVQ,diffdock,scored,0.69713,gnina v1.3.3 master:6fe1ce2   Built Jun 30 2026.,static_crystal_polymer,,
3UUG,equibind,scored,0.22219,gnina v1.3.3 master:6fe1ce2   Built Jun 30 2026.,static_crystal_polymer,,
3UUG,diffdock,scored,0.94439,gnina v1.3.3 master:6fe1ce2   Built Jun 30 2026.,static_crystal_polymer,,
3UUO,equibind,scored,0.014,gnina v1.3.3 master:6fe1ce2   Built Jun 30 2026.,static_crystal_polymer,,
3UUO,diffdock,scored,0.95164,gnina v1.3.3 master:6fe1ce2   Built Jun 30 2026.,static_crystal_polymer,,
3UXD,equibind,scored,0.00055,gnina v1.3.3 master:6fe1ce2   Built Jun 30 2026.,static_crystal_polymer,,
3UXD,diffdock,scored,0.8668,gnina v1.3.3 master:6fe1ce2   Built Jun 30 2026.,static_crystal_polymer,,
3UXM,equibind,scored,2e-05,gnina v1.3.3 master:6fe1ce2   Built Jun 30 2026.,static_crystal_polymer,,
3UXM,diffdock,scored,0.97491,gnina v1.3.3 master:6fe1ce2   Built Jun 30 2026.,static_crystal_polymer,,
3UZ5,equibind,scored,0.31146,gnina v1.3.3 master:6fe1ce2   Built Jun 30 2026.,static_crystal_polymer,,
3UZ5,diffdock,scored,0.73906,gnina v1.3.3 master:6fe1ce2   Built Jun 30 2026.,static_crystal_polymer,,
3V0L,equibind,scored,2e-05,gnina v1.3.3 master:6fe1ce2   Built Jun 30 2026.,static_crystal_polymer,,
3V0L,diffdock,scored,0.50067,gnina v1.3.3 master:6fe1ce2   Built Jun 30 2026.,static_crystal_polymer,,
3UR0,equibind,scored,0.05374,gnina v1.3.3 master:6fe1ce2   Built Jun 30 2026.,static_crystal_polymer,,
3UR0,diffdock,scored,0.46937,gnina v1.3.3 master:6fe1ce2   Built Jun 30 2026.,static_crystal_polymer,,
3UXK,equibind,scored,0.00283,gnina v1.3.3 master:6fe1ce2   Built Jun 30 2026.,static_crystal_polymer,,
3UXK,diffdock,scored,0.95102,gnina v1.3.3 master:6fe1ce2   Built Jun 30 2026.,static_crystal_polymer,,
3V1R,equibind,scored,0.00508,gnina v1.3.3 master:6fe1ce2   Built Jun 30 2026.,static_crystal_polymer,,
3V1R,diffdock,scored,0.74602,gnina v1.3.3 master:6fe1ce2   Built Jun 30 2026.,static_crystal_polymer,,
3V2W,equibind,scored,0.04128,gnina v1.3.3 master:6fe1ce2   Built Jun 30 2026.,static_crystal_polymer,,
3V2W,diffdock,scored,0.84792,gnina v1.3.3 master:6fe1ce2   Built Jun 30 2026.,static_crystal_polymer,,
3UYT,equibind,scored,0.00697,gnina v1.3.3 master:6fe1ce2   Built Jun 30 2026.,static_crystal_polymer,,
3UYT,diffdock,scored,0.7113,gnina v1.3.3 master:6fe1ce2   Built Jun 30 2026.,static_crystal_polymer,,
3UO9,equibind,scored,1e-05,gnina v1.3.3 master:6fe1ce2   Built Jun 30 2026.,static_crystal_polymer,,
3UO9,diffdock,scored,0.27464,gnina v1.3.3 master:6fe1ce2   Built Jun 30 2026.,static_crystal_polymer,,
3V0P,equibind,scored,0.0,gnina v1.3.3 master:6fe1ce2   Built Jun 30 2026.,static_crystal_polymer,,
3V0P,diffdock,scored,0.43768,gnina v1.3.3 master:6fe1ce2   Built Jun 30 2026.,static_crystal_polymer,,
3UXL,equibind,scored,0.00269,gnina v1.3.3 master:6fe1ce2   Built Jun 30 2026.,static_crystal_polymer,,
3UXL,diffdock,scored,0.93593,gnina v1.3.3 master:6fe1ce2   Built Jun 30 2026.,static_crystal_polymer,,
3V3Q,equibind,scored,0.0,gnina v1.3.3 master:6fe1ce2   Built Jun 30 2026.,static_crystal_polymer,,
3V3Q,diffdock,scored,0.61493,gnina v1.3.3 master:6fe1ce2   Built Jun 30 2026.,static_crystal_polymer,,
3V4J,equibind,scored,0.35137,gnina v1.3.3 master:6fe1ce2   Built Jun 30 2026.,static_crystal_polymer,,
3V4J,diffdock,scored,0.70487,gnina v1.3.3 master:6fe1ce2   Built Jun 30 2026.,static_crystal_polymer,,
3V51,equibind,scored,0.28967,gnina v1.3.3 master:6fe1ce2   Built Jun 30 2026.,static_crystal_polymer,,
3V51,diffdock,scored,0.73238,gnina v1.3.3 master:6fe1ce2   Built Jun 30 2026.,static_crystal_polymer,,
3V5G,equibind,scored,0.05329,gnina v1.3.3 master:6fe1ce2   Built Jun 30 2026.,static_crystal_polymer,,
3V5G,diffdock,scored,0.81323,gnina v1.3.3 master:6fe1ce2   Built Jun 30 2026.,static_crystal_polymer,,
3V5J,equibind,scored,0.00095,gnina v1.3.3 master:6fe1ce2   Built Jun 30 2026.,static_crystal_polymer,,
3V5J,diffdock,scored,0.8332,gnina v1.3.3 master:6fe1ce2   Built Jun 30 2026.,static_crystal_polymer,,
3V2N,equibind,scored,0.02912,gnina v1.3.3 master:6fe1ce2   Built Jun 30 2026.,static_crystal_polymer,,
3V2N,diffdock,scored,0.4196,gnina v1.3.3 master:6fe1ce2   Built Jun 30 2026.,static_crystal_polymer,,
3V2P,equibind,scored,0.4245,gnina v1.3.3 master:6fe1ce2   Built Jun 30 2026.,static_crystal_polymer,,
3V2P,diffdock,scored,0.31269,gnina v1.3.3 master:6fe1ce2   Built Jun 30 2026.,static_crystal_polymer,,
3V5T,equibind,scored,0.62951,gnina v1.3.3 master:6fe1ce2   Built Jun 30 2026.,static_crystal_polymer,,
3V5T,diffdock,scored,0.72229,gnina v1.3.3 master:6fe1ce2   Built Jun 30 2026.,static_crystal_polymer,,
3V66,equibind,scored,0.00303,gnina v1.3.3 master:6fe1ce2   Built Jun 30 2026.,static_crystal_polymer,,
3V66,diffdock,scored,0.05385,gnina v1.3.3 master:6fe1ce2   Built Jun 30 2026.,static_crystal_polymer,,
3V78,equibind,scored,0.00146,gnina v1.3.3 master:6fe1ce2   Built Jun 30 2026.,static_crystal_polymer,,
3V78,diffdock,scored,0.47598,gnina v1.3.3 master:6fe1ce2   Built Jun 30 2026.,static_crystal_polymer,,
3V7S,equibind,scored,0.0,gnina v1.3.3 master:6fe1ce2   Built Jun 30 2026.,static_crystal_polymer,,
3V7S,diffdock,scored,0.29051,gnina v1.3.3 master:6fe1ce2   Built Jun 30 2026.,static_crystal_polymer,,
3V4X,equibind,scored,0.0021,gnina v1.3.3 master:6fe1ce2   Built Jun 30 2026.,static_crystal_polymer,,
3V4X,diffdock,scored,0.20716,gnina v1.3.3 master:6fe1ce2   Built Jun 30 2026.,static_crystal_polymer,,
3V6S,equibind,scored,0.00917,gnina v1.3.3 master:6fe1ce2   Built Jun 30 2026.,static_crystal_polymer,,
3V6S,diffdock,scored,0.35439,gnina v1.3.3 master:6fe1ce2   Built Jun 30 2026.,static_crystal_polymer,,
3V2Q,equibind,scored,0.56852,gnina v1.3.3 master:6fe1ce2   Built Jun 30 2026.,static_crystal_polymer,,
3V2Q,diffdock,scored,0.43914,gnina v1.3.3 master:6fe1ce2   Built Jun 30 2026.,static_crystal_polymer,,
3V5L,equibind,scored,6e-05,gnina v1.3.3 master:6fe1ce2   Built Jun 30 2026.,static_crystal_polymer,,
3V5L,diffdock,scored,0.7056,gnina v1.3.3 master:6fe1ce2   Built Jun 30 2026.,static_crystal_polymer,,
3V7X,equibind,scored,0.03248,gnina v1.3.3 master:6fe1ce2   Built Jun 30 2026.,static_crystal_polymer,,
3V7X,diffdock,scored,0.82655,gnina v1.3.3 master:6fe1ce2   Built Jun 30 2026.,static_crystal_polymer,,
3V8W,equibind,scored,0.00326,gnina v1.3.3 master:6fe1ce2   Built Jun 30 2026.,static_crystal_polymer,,
3V8W,diffdock,scored,0.37322,gnina v1.3.3 master:6fe1ce2   Built Jun 30 2026.,static_crystal_polymer,,
3VAP,equibind,scored,0.02005,gnina v1.3.3 master:6fe1ce2   Built Jun 30 2026.,static_crystal_polymer,,
3VAP,diffdock,scored,0.61562,gnina v1.3.3 master:6fe1ce2   Built Jun 30 2026.,static_crystal_polymer,,
3VBD,equibind,scored,0.38118,gnina v1.3.3 master:6fe1ce2   Built Jun 30 2026.,static_crystal_polymer,,
3VBD,diffdock,scored,0.86904,gnina v1.3.3 master:6fe1ce2   Built Jun 30 2026.,static_crystal_polymer,,
3VBQ,equibind,scored,0.26456,gnina v1.3.3 master:6fe1ce2   Built Jun 30 2026.,static_crystal_polymer,,
3VBQ,diffdock,scored,0.70183,gnina v1.3.3 master:6fe1ce2   Built Jun 30 2026.,static_crystal_polymer,,
3VBT,equibind,scored,0.60432,gnina v1.3.3 master:6fe1ce2   Built Jun 30 2026.,static_crystal_polymer,,
3VBT,diffdock,scored,0.83102,gnina v1.3.3 master:6fe1ce2   Built Jun 30 2026.,static_crystal_polymer,,
3VBV,equibind,scored,0.23439,gnina v1.3.3 master:6fe1ce2   Built Jun 30 2026.,static_crystal_polymer,,
3VBV,diffdock,scored,0.68064,gnina v1.3.3 master:6fe1ce2   Built Jun 30 2026.,static_crystal_polymer,,
3VBW,equibind,scored,0.77109,gnina v1.3.3 master:6fe1ce2   Built Jun 30 2026.,static_crystal_polymer,,
3VBW,diffdock,scored,0.78435,gnina v1.3.3 master:6fe1ce2   Built Jun 30 2026.,static_crystal_polymer,,
3VBX,equibind,scored,0.5875,gnina v1.3.3 master:6fe1ce2   Built Jun 30 2026.,static_crystal_polymer,,
3VBX,diffdock,scored,0.57146,gnina v1.3.3 master:6fe1ce2   Built Jun 30 2026.,static_crystal_polymer,,
3VBY,equibind,scored,0.41611,gnina v1.3.3 master:6fe1ce2   Built Jun 30 2026.,static_crystal_polymer,,
3VBY,diffdock,scored,0.6556,gnina v1.3.3 master:6fe1ce2   Built Jun 30 2026.,static_crystal_polymer,,
3U8L,equibind,scored,0.39335,gnina v1.3.3 master:6fe1ce2   Built Jun 30 2026.,static_crystal_polymer,,
3U8L,diffdock,scored,0.68763,gnina v1.3.3 master:6fe1ce2   Built Jun 30 2026.,static_crystal_polymer,,
3VC4,equibind,scored,0.27184,gnina v1.3.3 master:6fe1ce2   Built Jun 30 2026.,static_crystal_polymer,,
3VC4,diffdock,scored,0.80946,gnina v1.3.3 master:6fe1ce2   Built Jun 30 2026.,static_crystal_polymer,,
3VBG,equibind,scored,6e-05,gnina v1.3.3 master:6fe1ce2   Built Jun 30 2026.,static_crystal_polymer,,
3VBG,diffdock,scored,0.86797,gnina v1.3.3 master:6fe1ce2   Built Jun 30 2026.,static_crystal_polymer,,
3V7T,equibind,scored,0.00556,gnina v1.3.3 master:6fe1ce2   Built Jun 30 2026.,static_crystal_polymer,,
3V7T,diffdock,scored,0.32734,gnina v1.3.3 master:6fe1ce2   Built Jun 30 2026.,static_crystal_polymer,,
3VEU,equibind,scored,0.00018,gnina v1.3.3 master:6fe1ce2   Built Jun 30 2026.,static_crystal_polymer,,
3VEU,diffdock,scored,0.72946,gnina v1.3.3 master:6fe1ce2   Built Jun 30 2026.,static_crystal_polymer,,
3VF3,equibind,scored,0.2489,gnina v1.3.3 master:6fe1ce2   Built Jun 30 2026.,static_crystal_polymer,,
3VF3,diffdock,scored,0.8882,gnina v1.3.3 master:6fe1ce2   Built Jun 30 2026.,static_crystal_polymer,,
3VF5,equibind,scored,0.0789,gnina v1.3.3 master:6fe1ce2   Built Jun 30 2026.,static_crystal_polymer,,
3VF5,diffdock,scored,0.67758,gnina v1.3.3 master:6fe1ce2   Built Jun 30 2026.,static_crystal_polymer,,
3VGC,equibind,scored,0.0748,gnina v1.3.3 master:6fe1ce2   Built Jun 30 2026.,static_crystal_polymer,,
3VGC,diffdock,scored,0.23485,gnina v1.3.3 master:6fe1ce2   Built Jun 30 2026.,static_crystal_polymer,,
3VG1,equibind,scored,0.03321,gnina v1.3.3 master:6fe1ce2   Built Jun 30 2026.,static_crystal_polymer,,
3VG1,diffdock,scored,0.88944,gnina v1.3.3 master:6fe1ce2   Built Jun 30 2026.,static_crystal_polymer,,
3V4T,equibind,scored,0.00365,gnina v1.3.3 master:6fe1ce2   Built Jun 30 2026.,static_crystal_polymer,,
3VH9,equibind,scored,0.55042,gnina v1.3.3 master:6fe1ce2   Built Jun 30 2026.,static_crystal_polymer,,
3VH9,diffdock,scored,0.9767,gnina v1.3.3 master:6fe1ce2   Built Jun 30 2026.,static_crystal_polymer,,
3VHA,equibind,scored,0.67315,gnina v1.3.3 master:6fe1ce2   Built Jun 30 2026.,static_crystal_polymer,,
3VHA,diffdock,scored,0.63494,gnina v1.3.3 master:6fe1ce2   Built Jun 30 2026.,static_crystal_polymer,,
3VHC,equibind,scored,0.21908,gnina v1.3.3 master:6fe1ce2   Built Jun 30 2026.,static_crystal_polymer,,
3VHC,diffdock,scored,0.67415,gnina v1.3.3 master:6fe1ce2   Built Jun 30 2026.,static_crystal_polymer,,
3VHU,equibind,scored,0.56126,gnina v1.3.3 master:6fe1ce2   Built Jun 30 2026.,static_crystal_polymer,,
3VHU,diffdock,scored,0.16481,gnina v1.3.3 master:6fe1ce2   Built Jun 30 2026.,static_crystal_polymer,,
3VHK,equibind,scored,0.0786,gnina v1.3.3 master:6fe1ce2   Built Jun 30 2026.,static_crystal_polymer,,
3VHK,diffdock,scored,0.82046,gnina v1.3.3 master:6fe1ce2   Built Jun 30 2026.,static_crystal_polymer,,
3VO3,equibind,scored,0.30436,gnina v1.3.3 master:6fe1ce2   Built Jun 30 2026.,static_crystal_polymer,,
3VO3,diffdock,scored,0.87919,gnina v1.3.3 master:6fe1ce2   Built Jun 30 2026.,static_crystal_polymer,,
3VEH,equibind,scored,0.00285,gnina v1.3.3 master:6fe1ce2   Built Jun 30 2026.,static_crystal_polymer,,
3VEH,diffdock,scored,0.38135,gnina v1.3.3 master:6fe1ce2   Built Jun 30 2026.,static_crystal_polymer,,
3VOZ,equibind,scored,0.38014,gnina v1.3.3 master:6fe1ce2   Built Jun 30 2026.,static_crystal_polymer,,
3VOZ,diffdock,scored,0.7463,gnina v1.3.3 master:6fe1ce2   Built Jun 30 2026.,static_crystal_polymer,,
3VP1,equibind,scored,0.07572,gnina v1.3.3 master:6fe1ce2   Built Jun 30 2026.,static_crystal_polymer,,
3VP1,diffdock,scored,0.72768,gnina v1.3.3 master:6fe1ce2   Built Jun 30 2026.,static_crystal_polymer,,
3VP2,equibind,scored,0.03165,gnina v1.3.3 master:6fe1ce2   Built Jun 30 2026.,static_crystal_polymer,,
3VP2,diffdock,scored,0.60053,gnina v1.3.3 master:6fe1ce2   Built Jun 30 2026.,static_crystal_polymer,,
3VP3,equibind,scored,0.00714,gnina v1.3.3 master:6fe1ce2   Built Jun 30 2026.,static_crystal_polymer,,
3VP3,diffdock,scored,0.70996,gnina v1.3.3 master:6fe1ce2   Built Jun 30 2026.,static_crystal_polymer,,
3VP4,equibind,scored,0.00526,gnina v1.3.3 master:6fe1ce2   Built Jun 30 2026.,static_crystal_polymer,,
3VP4,diffdock,scored,0.87961,gnina v1.3.3 master:6fe1ce2   Built Jun 30 2026.,static_crystal_polymer,,
3VRT,equibind,scored,0.72089,gnina v1.3.3 master:6fe1ce2   Built Jun 30 2026.,static_crystal_polymer,,
3VRT,diffdock,scored,0.75532,gnina v1.3.3 master:6fe1ce2   Built Jun 30 2026.,static_crystal_polymer,,
3VD7,equibind,scored,0.00026,gnina v1.3.3 master:6fe1ce2   Built Jun 30 2026.,static_crystal_polymer,,
3VRU,equibind,scored,0.26468,gnina v1.3.3 master:6fe1ce2   Built Jun 30 2026.,static_crystal_polymer,,
3VRU,diffdock,scored,0.65119,gnina v1.3.3 master:6fe1ce2   Built Jun 30 2026.,static_crystal_polymer,,
3VJK,equibind,scored,0.00538,gnina v1.3.3 master:6fe1ce2   Built Jun 30 2026.,static_crystal_polymer,,
3VJK,diffdock,scored,0.41152,gnina v1.3.3 master:6fe1ce2   Built Jun 30 2026.,static_crystal_polymer,,
3VDC,equibind,scored,0.18237,gnina v1.3.3 master:6fe1ce2   Built Jun 30 2026.,static_crystal_polymer,,
3VD4,equibind,scored,3e-05,gnina v1.3.3 master:6fe1ce2   Built Jun 30 2026.,static_crystal_polymer,,
3VRV,equibind,scored,0.54802,gnina v1.3.3 master:6fe1ce2   Built Jun 30 2026.,static_crystal_polymer,,
3VRV,diffdock,scored,0.66452,gnina v1.3.3 master:6fe1ce2   Built Jun 30 2026.,static_crystal_polymer,,
3VRW,equibind,scored,0.07303,gnina v1.3.3 master:6fe1ce2   Built Jun 30 2026.,static_crystal_polymer,,
3VRW,diffdock,scored,0.86852,gnina v1.3.3 master:6fe1ce2   Built Jun 30 2026.,static_crystal_polymer,,
3VDB,equibind,scored,0.0001,gnina v1.3.3 master:6fe1ce2   Built Jun 30 2026.,static_crystal_polymer,,
3VTB,equibind,scored,0.01986,gnina v1.3.3 master:6fe1ce2   Built Jun 30 2026.,static_crystal_polymer,,
3VTB,diffdock,scored,0.66403,gnina v1.3.3 master:6fe1ce2   Built Jun 30 2026.,static_crystal_polymer,,
3VD9,equibind,scored,0.00796,gnina v1.3.3 master:6fe1ce2   Built Jun 30 2026.,static_crystal_polymer,,
3VTC,equibind,scored,0.00279,gnina v1.3.3 master:6fe1ce2   Built Jun 30 2026.,static_crystal_polymer,,
3VTC,diffdock,scored,0.93154,gnina v1.3.3 master:6fe1ce2   Built Jun 30 2026.,static_crystal_polymer,,
3VTD,equibind,scored,0.46036,gnina v1.3.3 master:6fe1ce2   Built Jun 30 2026.,static_crystal_polymer,,
3VTD,diffdock,scored,0.53622,gnina v1.3.3 master:6fe1ce2   Built Jun 30 2026.,static_crystal_polymer,,
3VV7,equibind,scored,0.18177,gnina v1.3.3 master:6fe1ce2   Built Jun 30 2026.,static_crystal_polymer,,
3VV7,diffdock,scored,0.10115,gnina v1.3.3 master:6fe1ce2   Built Jun 30 2026.,static_crystal_polymer,,
3VSW,equibind,scored,1e-05,gnina v1.3.3 master:6fe1ce2   Built Jun 30 2026.,static_crystal_polymer,,
3VSW,diffdock,scored,0.26445,gnina v1.3.3 master:6fe1ce2   Built Jun 30 2026.,static_crystal_polymer,,
3VSX,equibind,scored,3e-05,gnina v1.3.3 master:6fe1ce2   Built Jun 30 2026.,static_crystal_polymer,,
3VSX,diffdock,scored,0.86022,gnina v1.3.3 master:6fe1ce2   Built Jun 30 2026.,static_crystal_polymer,,
3VJM,equibind,scored,0.00245,gnina v1.3.3 master:6fe1ce2   Built Jun 30 2026.,static_crystal_polymer,,
3VJM,diffdock,scored,0.44364,gnina v1.3.3 master:6fe1ce2   Built Jun 30 2026.,static_crystal_polymer,,
3VJL,equibind,scored,0.00083,gnina v1.3.3 master:6fe1ce2   Built Jun 30 2026.,static_crystal_polymer,,
3VJL,diffdock,scored,0.38006,gnina v1.3.3 master:6fe1ce2   Built Jun 30 2026.,static_crystal_polymer,,
3VV8,equibind,scored,0.01273,gnina v1.3.3 master:6fe1ce2   Built Jun 30 2026.,static_crystal_polymer,,
3VV8,diffdock,scored,0.14147,gnina v1.3.3 master:6fe1ce2   Built Jun 30 2026.,static_crystal_polymer,,
3VRY,equibind,scored,4e-05,gnina v1.3.3 master:6fe1ce2   Built Jun 30 2026.,static_crystal_polymer,,
3VRY,diffdock,scored,0.95613,gnina v1.3.3 master:6fe1ce2   Built Jun 30 2026.,static_crystal_polymer,,
3VW7,equibind,scored,0.00966,gnina v1.3.3 master:6fe1ce2   Built Jun 30 2026.,static_crystal_polymer,,
3VW7,diffdock,scored,0.4047,gnina v1.3.3 master:6fe1ce2   Built Jun 30 2026.,static_crystal_polymer,,
3VWS,equibind,scored,0.00165,gnina v1.3.3 master:6fe1ce2   Built Jun 30 2026.,static_crystal_polymer,,
3VWS,diffdock,scored,0.22407,gnina v1.3.3 master:6fe1ce2   Built Jun 30 2026.,static_crystal_polymer,,
3VX3,equibind,scored,0.00034,gnina v1.3.3 master:6fe1ce2   Built Jun 30 2026.,static_crystal_polymer,,
3VX3,diffdock,scored,0.88243,gnina v1.3.3 master:6fe1ce2   Built Jun 30 2026.,static_crystal_polymer,,
3VYE,equibind,scored,0.0005,gnina v1.3.3 master:6fe1ce2   Built Jun 30 2026.,static_crystal_polymer,,
3VYE,diffdock,scored,0.93274,gnina v1.3.3 master:6fe1ce2   Built Jun 30 2026.,static_crystal_polymer,,
3VYD,equibind,scored,0.00249,gnina v1.3.3 master:6fe1ce2   Built Jun 30 2026.,static_crystal_polymer,,
3VYD,diffdock,scored,0.91228,gnina v1.3.3 master:6fe1ce2   Built Jun 30 2026.,static_crystal_polymer,,
3VVY,equibind,scored,0.00545,gnina v1.3.3 master:6fe1ce2   Built Jun 30 2026.,static_crystal_polymer,,
3VVY,diffdock,scored,0.54774,gnina v1.3.3 master:6fe1ce2   Built Jun 30 2026.,static_crystal_polymer,,
3W07,equibind,scored,0.00402,gnina v1.3.3 master:6fe1ce2   Built Jun 30 2026.,static_crystal_polymer,,
3W07,diffdock,scored,0.54245,gnina v1.3.3 master:6fe1ce2   Built Jun 30 2026.,static_crystal_polymer,,
3VVZ,equibind,scored,0.04563,gnina v1.3.3 master:6fe1ce2   Built Jun 30 2026.,static_crystal_polymer,,
3VVZ,diffdock,scored,0.42396,gnina v1.3.3 master:6fe1ce2   Built Jun 30 2026.,static_crystal_polymer,,
3W2O,equibind,scored,0.07625,gnina v1.3.3 master:6fe1ce2   Built Jun 30 2026.,static_crystal_polymer,,
3W2O,diffdock,scored,0.39372,gnina v1.3.3 master:6fe1ce2   Built Jun 30 2026.,static_crystal_polymer,,
3W2P,equibind,scored,0.36706,gnina v1.3.3 master:6fe1ce2   Built Jun 30 2026.,static_crystal_polymer,,
3W2P,diffdock,scored,0.08795,gnina v1.3.3 master:6fe1ce2   Built Jun 30 2026.,static_crystal_polymer,,
3VVA,equibind,scored,0.00011,gnina v1.3.3 master:6fe1ce2   Built Jun 30 2026.,static_crystal_polymer,,
3VVA,diffdock,scored,0.67944,gnina v1.3.3 master:6fe1ce2   Built Jun 30 2026.,static_crystal_polymer,,
3W2Q,equibind,scored,0.08985,gnina v1.3.3 master:6fe1ce2   Built Jun 30 2026.,static_crystal_polymer,,
3W2Q,diffdock,scored,0.30604,gnina v1.3.3 master:6fe1ce2   Built Jun 30 2026.,static_crystal_polymer,,
3VYF,equibind,scored,0.00025,gnina v1.3.3 master:6fe1ce2   Built Jun 30 2026.,static_crystal_polymer,,
3VYF,diffdock,scored,0.81309,gnina v1.3.3 master:6fe1ce2   Built Jun 30 2026.,static_crystal_polymer,,
3W2R,equibind,scored,0.03699,gnina v1.3.3 master:6fe1ce2   Built Jun 30 2026.,static_crystal_polymer,,
3W2R,diffdock,scored,0.9025,gnina v1.3.3 master:6fe1ce2   Built Jun 30 2026.,static_crystal_polymer,,
3W55,equibind,scored,0.70029,gnina v1.3.3 master:6fe1ce2   Built Jun 30 2026.,static_crystal_polymer,,
3W55,diffdock,scored,0.7806,gnina v1.3.3 master:6fe1ce2   Built Jun 30 2026.,static_crystal_polymer,,
3W2S,equibind,scored,0.00279,gnina v1.3.3 master:6fe1ce2   Built Jun 30 2026.,static_crystal_polymer,,
3W2S,diffdock,scored,0.85799,gnina v1.3.3 master:6fe1ce2   Built Jun 30 2026.,static_crystal_polymer,,
3W9K,equibind,scored,0.13896,gnina v1.3.3 master:6fe1ce2   Built Jun 30 2026.,static_crystal_polymer,,
3W9K,diffdock,scored,0.87053,gnina v1.3.3 master:6fe1ce2   Built Jun 30 2026.,static_crystal_polymer,,
3W5T,equibind,scored,0.34547,gnina v1.3.3 master:6fe1ce2   Built Jun 30 2026.,static_crystal_polymer,,
3W5T,diffdock,scored,0.75013,gnina v1.3.3 master:6fe1ce2   Built Jun 30 2026.,static_crystal_polymer,,
3W69,equibind,scored,0.0043,gnina v1.3.3 master:6fe1ce2   Built Jun 30 2026.,static_crystal_polymer,,
3W69,diffdock,scored,0.58521,gnina v1.3.3 master:6fe1ce2   Built Jun 30 2026.,static_crystal_polymer,,
3W5N,equibind,scored,0.8461,gnina v1.3.3 master:6fe1ce2   Built Jun 30 2026.,static_crystal_polymer,,
3T8W,equibind,scored,4e-05,gnina v1.3.3 master:6fe1ce2   Built Jun 30 2026.,static_crystal_polymer,,
3W9R,equibind,scored,0.58737,gnina v1.3.3 master:6fe1ce2   Built Jun 30 2026.,static_crystal_polymer,,
3W9R,diffdock,scored,0.84839,gnina v1.3.3 master:6fe1ce2   Built Jun 30 2026.,static_crystal_polymer,,
3WAB,equibind,scored,0.18376,gnina v1.3.3 master:6fe1ce2   Built Jun 30 2026.,static_crystal_polymer,,
3WAB,diffdock,scored,0.92535,gnina v1.3.3 master:6fe1ce2   Built Jun 30 2026.,static_crystal_polymer,,
3WE4,equibind,scored,0.21241,gnina v1.3.3 master:6fe1ce2   Built Jun 30 2026.,static_crystal_polymer,,
3WE4,diffdock,scored,0.87148,gnina v1.3.3 master:6fe1ce2   Built Jun 30 2026.,static_crystal_polymer,,
3WAW,equibind,scored,6e-05,gnina v1.3.3 master:6fe1ce2   Built Jun 30 2026.,static_crystal_polymer,,
3WAW,diffdock,scored,0.82689,gnina v1.3.3 master:6fe1ce2   Built Jun 30 2026.,static_crystal_polymer,,
3WAV,equibind,scored,0.00043,gnina v1.3.3 master:6fe1ce2   Built Jun 30 2026.,static_crystal_polymer,,
3WAV,diffdock,scored,0.6167,gnina v1.3.3 master:6fe1ce2   Built Jun 30 2026.,static_crystal_polymer,,
3WAX,equibind,scored,8e-05,gnina v1.3.3 master:6fe1ce2   Built Jun 30 2026.,static_crystal_polymer,,
3WAX,diffdock,scored,0.117,gnina v1.3.3 master:6fe1ce2   Built Jun 30 2026.,static_crystal_polymer,,
3WAY,equibind,scored,0.00191,gnina v1.3.3 master:6fe1ce2   Built Jun 30 2026.,static_crystal_polymer,,
3WAY,diffdock,scored,0.64361,gnina v1.3.3 master:6fe1ce2   Built Jun 30 2026.,static_crystal_polymer,,
3WF7,equibind,scored,0.08992,gnina v1.3.3 master:6fe1ce2   Built Jun 30 2026.,static_crystal_polymer,,
3WF7,diffdock,scored,0.87772,gnina v1.3.3 master:6fe1ce2   Built Jun 30 2026.,static_crystal_polymer,,
3WFF,equibind,scored,0.37455,gnina v1.3.3 master:6fe1ce2   Built Jun 30 2026.,static_crystal_polymer,,
3WFF,diffdock,scored,0.86279,gnina v1.3.3 master:6fe1ce2   Built Jun 30 2026.,static_crystal_polymer,,
3WFG,equibind,scored,0.05144,gnina v1.3.3 master:6fe1ce2   Built Jun 30 2026.,static_crystal_polymer,,
3WFG,diffdock,scored,0.50612,gnina v1.3.3 master:6fe1ce2   Built Jun 30 2026.,static_crystal_polymer,,
3WD9,equibind,scored,0.00022,gnina v1.3.3 master:6fe1ce2   Built Jun 30 2026.,static_crystal_polymer,,
3WD9,diffdock,scored,0.73859,gnina v1.3.3 master:6fe1ce2   Built Jun 30 2026.,static_crystal_polymer,,
3WJW,equibind,scored,0.00934,gnina v1.3.3 master:6fe1ce2   Built Jun 30 2026.,static_crystal_polymer,,
3WJW,diffdock,scored,0.77011,gnina v1.3.3 master:6fe1ce2   Built Jun 30 2026.,static_crystal_polymer,,
3WHA,equibind,scored,0.00046,gnina v1.3.3 master:6fe1ce2   Built Jun 30 2026.,static_crystal_polymer,,
3WHA,diffdock,scored,0.74066,gnina v1.3.3 master:6fe1ce2   Built Jun 30 2026.,static_crystal_polymer,,
3WGW,equibind,scored,9e-05,gnina v1.3.3 master:6fe1ce2   Built Jun 30 2026.,static_crystal_polymer,,
3WGW,diffdock,scored,0.4308,gnina v1.3.3 master:6fe1ce2   Built Jun 30 2026.,static_crystal_polymer,,
3W0L,equibind,scored,0.00367,gnina v1.3.3 master:6fe1ce2   Built Jun 30 2026.,static_crystal_polymer,,
3W0L,diffdock,scored,0.5324,gnina v1.3.3 master:6fe1ce2   Built Jun 30 2026.,static_crystal_polymer,,
3W2T,equibind,scored,0.00238,gnina v1.3.3 master:6fe1ce2   Built Jun 30 2026.,static_crystal_polymer,,
3W2T,diffdock,scored,0.58962,gnina v1.3.3 master:6fe1ce2   Built Jun 30 2026.,static_crystal_polymer,,
3WK5,equibind,scored,0.68433,gnina v1.3.3 master:6fe1ce2   Built Jun 30 2026.,static_crystal_polymer,,
3WK5,diffdock,scored,0.802,gnina v1.3.3 master:6fe1ce2   Built Jun 30 2026.,static_crystal_polymer,,
3WK6,equibind,scored,0.14695,gnina v1.3.3 master:6fe1ce2   Built Jun 30 2026.,static_crystal_polymer,,
3WK6,diffdock,scored,0.62081,gnina v1.3.3 master:6fe1ce2   Built Jun 30 2026.,static_crystal_polymer,,
3WK4,equibind,scored,0.04374,gnina v1.3.3 master:6fe1ce2   Built Jun 30 2026.,static_crystal_polymer,,
3WK4,diffdock,scored,0.8516,gnina v1.3.3 master:6fe1ce2   Built Jun 30 2026.,static_crystal_polymer,,
3WK7,equibind,scored,0.7487,gnina v1.3.3 master:6fe1ce2   Built Jun 30 2026.,static_crystal_polymer,,
3WK7,diffdock,scored,0.76357,gnina v1.3.3 master:6fe1ce2   Built Jun 30 2026.,static_crystal_polymer,,
3WI2,equibind,scored,1e-05,gnina v1.3.3 master:6fe1ce2   Built Jun 30 2026.,static_crystal_polymer,,
3WI2,diffdock,scored,0.45692,gnina v1.3.3 master:6fe1ce2   Built Jun 30 2026.,static_crystal_polymer,,
3WK8,equibind,scored,0.01692,gnina v1.3.3 master:6fe1ce2   Built Jun 30 2026.,static_crystal_polymer,,
3WK8,diffdock,scored,0.80807,gnina v1.3.3 master:6fe1ce2   Built Jun 30 2026.,static_crystal_polymer,,
3WK9,equibind,scored,0.28926,gnina v1.3.3 master:6fe1ce2   Built Jun 30 2026.,static_crystal_polymer,,
3WK9,diffdock,scored,0.3796,gnina v1.3.3 master:6fe1ce2   Built Jun 30 2026.,static_crystal_polymer,,
3WKA,equibind,scored,0.15871,gnina v1.3.3 master:6fe1ce2   Built Jun 30 2026.,static_crystal_polymer,,
3WKA,diffdock,scored,0.7465,gnina v1.3.3 master:6fe1ce2   Built Jun 30 2026.,static_crystal_polymer,,
3WKB,equibind,scored,0.0476,gnina v1.3.3 master:6fe1ce2   Built Jun 30 2026.,static_crystal_polymer,,
3WKB,diffdock,scored,0.33312,gnina v1.3.3 master:6fe1ce2   Built Jun 30 2026.,static_crystal_polymer,,
3WKC,equibind,scored,0.24506,gnina v1.3.3 master:6fe1ce2   Built Jun 30 2026.,static_crystal_polymer,,
3WKC,diffdock,scored,0.1551,gnina v1.3.3 master:6fe1ce2   Built Jun 30 2026.,static_crystal_polymer,,
3WKD,equibind,scored,0.26262,gnina v1.3.3 master:6fe1ce2   Built Jun 30 2026.,static_crystal_polymer,,
3WKD,diffdock,scored,0.51273,gnina v1.3.3 master:6fe1ce2   Built Jun 30 2026.,static_crystal_polymer,,
3WKE,equibind,scored,0.00165,gnina v1.3.3 master:6fe1ce2   Built Jun 30 2026.,static_crystal_polymer,,
3WKE,diffdock,scored,0.82931,gnina v1.3.3 master:6fe1ce2   Built Jun 30 2026.,static_crystal_polymer,,
3WMB,equibind,scored,0.19818,gnina v1.3.3 master:6fe1ce2   Built Jun 30 2026.,static_crystal_polymer,,
3WMB,diffdock,scored,0.52387,gnina v1.3.3 master:6fe1ce2   Built Jun 30 2026.,static_crystal_polymer,,
3WIX,equibind,scored,1e-05,gnina v1.3.3 master:6fe1ce2   Built Jun 30 2026.,static_crystal_polymer,,
3WIX,diffdock,scored,0.97633,gnina v1.3.3 master:6fe1ce2   Built Jun 30 2026.,static_crystal_polymer,,
3WMC,equibind,scored,0.03366,gnina v1.3.3 master:6fe1ce2   Built Jun 30 2026.,static_crystal_polymer,,
3WMC,diffdock,scored,0.63907,gnina v1.3.3 master:6fe1ce2   Built Jun 30 2026.,static_crystal_polymer,,
3WNS,equibind,scored,0.13169,gnina v1.3.3 master:6fe1ce2   Built Jun 30 2026.,static_crystal_polymer,,
3WNS,diffdock,scored,0.35321,gnina v1.3.3 master:6fe1ce2   Built Jun 30 2026.,static_crystal_polymer,,
3WNR,equibind,scored,0.00779,gnina v1.3.3 master:6fe1ce2   Built Jun 30 2026.,static_crystal_polymer,,
3WNR,diffdock,scored,0.71736,gnina v1.3.3 master:6fe1ce2   Built Jun 30 2026.,static_crystal_polymer,,
3WNT,equibind,scored,0.02663,gnina v1.3.3 master:6fe1ce2   Built Jun 30 2026.,static_crystal_polymer,,
3WNT,diffdock,scored,0.7918,gnina v1.3.3 master:6fe1ce2   Built Jun 30 2026.,static_crystal_polymer,,
3WT5,equibind,scored,0.27213,gnina v1.3.3 master:6fe1ce2   Built Jun 30 2026.,static_crystal_polymer,,
3WT5,diffdock,scored,0.71575,gnina v1.3.3 master:6fe1ce2   Built Jun 30 2026.,static_crystal_polymer,,
3WT7,equibind,scored,0.56829,gnina v1.3.3 master:6fe1ce2   Built Jun 30 2026.,static_crystal_polymer,,
3WT7,diffdock,scored,0.81372,gnina v1.3.3 master:6fe1ce2   Built Jun 30 2026.,static_crystal_polymer,,
3WS8,equibind,scored,0.0,gnina v1.3.3 master:6fe1ce2   Built Jun 30 2026.,static_crystal_polymer,,
3WS8,diffdock,scored,0.2291,gnina v1.3.3 master:6fe1ce2   Built Jun 30 2026.,static_crystal_polymer,,
3WV1,equibind,scored,1e-05,gnina v1.3.3 master:6fe1ce2   Built Jun 30 2026.,static_crystal_polymer,,
3WV1,diffdock,scored,0.84718,gnina v1.3.3 master:6fe1ce2   Built Jun 30 2026.,static_crystal_polymer,,
3WS9,equibind,scored,0.00024,gnina v1.3.3 master:6fe1ce2   Built Jun 30 2026.,static_crystal_polymer,,
3WS9,diffdock,scored,0.29422,gnina v1.3.3 master:6fe1ce2   Built Jun 30 2026.,static_crystal_polymer,,
3WV2,equibind,scored,1e-05,gnina v1.3.3 master:6fe1ce2   Built Jun 30 2026.,static_crystal_polymer,,
3WV2,diffdock,scored,0.78395,gnina v1.3.3 master:6fe1ce2   Built Jun 30 2026.,static_crystal_polymer,,
3WVM,equibind,scored,0.15462,gnina v1.3.3 master:6fe1ce2   Built Jun 30 2026.,static_crystal_polymer,,
3WVM,diffdock,scored,0.29351,gnina v1.3.3 master:6fe1ce2   Built Jun 30 2026.,static_crystal_polymer,,
3WV3,equibind,scored,3e-05,gnina v1.3.3 master:6fe1ce2   Built Jun 30 2026.,static_crystal_polymer,,
3WV3,diffdock,scored,0.89522,gnina v1.3.3 master:6fe1ce2   Built Jun 30 2026.,static_crystal_polymer,,
3WZ6,equibind,scored,0.00417,gnina v1.3.3 master:6fe1ce2   Built Jun 30 2026.,static_crystal_polymer,,
3WZ6,diffdock,scored,0.79246,gnina v1.3.3 master:6fe1ce2   Built Jun 30 2026.,static_crystal_polymer,,
3WYM,equibind,scored,8e-05,gnina v1.3.3 master:6fe1ce2   Built Jun 30 2026.,static_crystal_polymer,,
3WYM,diffdock,scored,0.17757,gnina v1.3.3 master:6fe1ce2   Built Jun 30 2026.,static_crystal_polymer,,
3WYL,equibind,scored,0.00034,gnina v1.3.3 master:6fe1ce2   Built Jun 30 2026.,static_crystal_polymer,,
3WYL,diffdock,scored,0.88935,gnina v1.3.3 master:6fe1ce2   Built Jun 30 2026.,static_crystal_polymer,,
3WZN,equibind,scored,0.00201,gnina v1.3.3 master:6fe1ce2   Built Jun 30 2026.,static_crystal_polymer,,
3WZN,diffdock,scored,0.95449,gnina v1.3.3 master:6fe1ce2   Built Jun 30 2026.,static_crystal_polymer,,
3WQH,equibind,scored,0.26951,gnina v1.3.3 master:6fe1ce2   Built Jun 30 2026.,static_crystal_polymer,,
3WQH,diffdock,scored,0.30075,gnina v1.3.3 master:6fe1ce2   Built Jun 30 2026.,static_crystal_polymer,,
3WYK,equibind,scored,5e-05,gnina v1.3.3 master:6fe1ce2   Built Jun 30 2026.,static_crystal_polymer,,
3WYK,diffdock,scored,0.81235,gnina v1.3.3 master:6fe1ce2   Built Jun 30 2026.,static_crystal_polymer,,
3WTK,equibind,scored,0.31243,gnina v1.3.3 master:6fe1ce2   Built Jun 30 2026.,static_crystal_polymer,,
3WTK,diffdock,scored,0.73897,gnina v1.3.3 master:6fe1ce2   Built Jun 30 2026.,static_crystal_polymer,,
3WTJ,equibind,scored,0.37396,gnina v1.3.3 master:6fe1ce2   Built Jun 30 2026.,static_crystal_polymer,,
3WTJ,diffdock,scored,0.50567,gnina v1.3.3 master:6fe1ce2   Built Jun 30 2026.,static_crystal_polymer,,
3ZBF,equibind,scored,0.52887,gnina v1.3.3 master:6fe1ce2   Built Jun 30 2026.,static_crystal_polymer,,
3ZBF,diffdock,scored,0.66476,gnina v1.3.3 master:6fe1ce2   Built Jun 30 2026.,static_crystal_polymer,,
3ZHX,equibind,scored,0.00831,gnina v1.3.3 master:6fe1ce2   Built Jun 30 2026.,static_crystal_polymer,,
3ZHX,diffdock,scored,0.62392,gnina v1.3.3 master:6fe1ce2   Built Jun 30 2026.,static_crystal_polymer,,
3WTO,equibind,scored,0.60596,gnina v1.3.3 master:6fe1ce2   Built Jun 30 2026.,static_crystal_polymer,,
3WTO,diffdock,scored,0.89413,gnina v1.3.3 master:6fe1ce2   Built Jun 30 2026.,static_crystal_polymer,,
3ZI8,equibind,scored,0.00054,gnina v1.3.3 master:6fe1ce2   Built Jun 30 2026.,static_crystal_polymer,,
3ZI8,diffdock,scored,0.91449,gnina v1.3.3 master:6fe1ce2   Built Jun 30 2026.,static_crystal_polymer,,
3ZI0,equibind,scored,0.00016,gnina v1.3.3 master:6fe1ce2   Built Jun 30 2026.,static_crystal_polymer,,
3ZI0,diffdock,scored,0.67619,gnina v1.3.3 master:6fe1ce2   Built Jun 30 2026.,static_crystal_polymer,,
3ZH8,equibind,scored,0.18405,gnina v1.3.3 master:6fe1ce2   Built Jun 30 2026.,static_crystal_polymer,,
3ZH8,diffdock,scored,0.52188,gnina v1.3.3 master:6fe1ce2   Built Jun 30 2026.,static_crystal_polymer,,
3WZP,equibind,scored,0.00028,gnina v1.3.3 master:6fe1ce2   Built Jun 30 2026.,static_crystal_polymer,,
3WZP,diffdock,scored,0.2772,gnina v1.3.3 master:6fe1ce2   Built Jun 30 2026.,static_crystal_polymer,,
3ZK6,equibind,scored,0.00158,gnina v1.3.3 master:6fe1ce2   Built Jun 30 2026.,static_crystal_polymer,,
3ZK6,diffdock,scored,0.46832,gnina v1.3.3 master:6fe1ce2   Built Jun 30 2026.,static_crystal_polymer,,
3ZC6,equibind,scored,0.00108,gnina v1.3.3 master:6fe1ce2   Built Jun 30 2026.,static_crystal_polymer,,
3ZC6,diffdock,scored,0.38536,gnina v1.3.3 master:6fe1ce2   Built Jun 30 2026.,static_crystal_polymer,,
3ZJ6,equibind,scored,0.2076,gnina v1.3.3 master:6fe1ce2   Built Jun 30 2026.,static_crystal_polymer,,
3ZJ6,diffdock,scored,0.82661,gnina v1.3.3 master:6fe1ce2   Built Jun 30 2026.,static_crystal_polymer,,
3ZJ8,equibind,scored,0.00034,gnina v1.3.3 master:6fe1ce2   Built Jun 30 2026.,static_crystal_polymer,,
3ZJ8,diffdock,scored,0.8006,gnina v1.3.3 master:6fe1ce2   Built Jun 30 2026.,static_crystal_polymer,,
3ZLS,equibind,scored,0.73545,gnina v1.3.3 master:6fe1ce2   Built Jun 30 2026.,static_crystal_polymer,,
3ZLS,diffdock,scored,0.8383,gnina v1.3.3 master:6fe1ce2   Built Jun 30 2026.,static_crystal_polymer,,
3ZKI,equibind,scored,0.00817,gnina v1.3.3 master:6fe1ce2   Built Jun 30 2026.,static_crystal_polymer,,
3ZKI,diffdock,scored,0.97711,gnina v1.3.3 master:6fe1ce2   Built Jun 30 2026.,static_crystal_polymer,,
3ZLW,equibind,scored,0.02807,gnina v1.3.3 master:6fe1ce2   Built Jun 30 2026.,static_crystal_polymer,,
3ZLW,diffdock,scored,0.29082,gnina v1.3.3 master:6fe1ce2   Built Jun 30 2026.,static_crystal_polymer,,
3ZLX,equibind,scored,0.03772,gnina v1.3.3 master:6fe1ce2   Built Jun 30 2026.,static_crystal_polymer,,
3ZLX,diffdock,scored,0.76299,gnina v1.3.3 master:6fe1ce2   Built Jun 30 2026.,static_crystal_polymer,,
3ZLY,equibind,scored,0.6854,gnina v1.3.3 master:6fe1ce2   Built Jun 30 2026.,static_crystal_polymer,,
3ZLY,diffdock,scored,0.89818,gnina v1.3.3 master:6fe1ce2   Built Jun 30 2026.,static_crystal_polymer,,
3ZLV,equibind,scored,0.03589,gnina v1.3.3 master:6fe1ce2   Built Jun 30 2026.,static_crystal_polymer,,
3ZLV,diffdock,scored,0.86719,gnina v1.3.3 master:6fe1ce2   Built Jun 30 2026.,static_crystal_polymer,,
3ZM4,equibind,scored,0.12466,gnina v1.3.3 master:6fe1ce2   Built Jun 30 2026.,static_crystal_polymer,,
3ZM4,diffdock,scored,0.74634,gnina v1.3.3 master:6fe1ce2   Built Jun 30 2026.,static_crystal_polymer,,
3ZM5,equibind,scored,0.00078,gnina v1.3.3 master:6fe1ce2   Built Jun 30 2026.,static_crystal_polymer,,
3ZM5,diffdock,scored,0.44026,gnina v1.3.3 master:6fe1ce2   Built Jun 30 2026.,static_crystal_polymer,,
3ZMH,equibind,scored,0.14213,gnina v1.3.3 master:6fe1ce2   Built Jun 30 2026.,static_crystal_polymer,,
3ZMH,diffdock,scored,0.80727,gnina v1.3.3 master:6fe1ce2   Built Jun 30 2026.,static_crystal_polymer,,
3ZLL,equibind,scored,2e-05,gnina v1.3.3 master:6fe1ce2   Built Jun 30 2026.,static_crystal_polymer,,
3ZLL,diffdock,scored,0.52026,gnina v1.3.3 master:6fe1ce2   Built Jun 30 2026.,static_crystal_polymer,,
3ZMJ,equibind,scored,0.08905,gnina v1.3.3 master:6fe1ce2   Built Jun 30 2026.,static_crystal_polymer,,
3ZMJ,diffdock,scored,0.79184,gnina v1.3.3 master:6fe1ce2   Built Jun 30 2026.,static_crystal_polymer,,
3ZMG,equibind,scored,0.38442,gnina v1.3.3 master:6fe1ce2   Built Jun 30 2026.,static_crystal_polymer,,
3ZMG,diffdock,scored,0.91227,gnina v1.3.3 master:6fe1ce2   Built Jun 30 2026.,static_crystal_polymer,,
3ZMI,equibind,scored,0.00712,gnina v1.3.3 master:6fe1ce2   Built Jun 30 2026.,static_crystal_polymer,,
3ZMI,diffdock,scored,0.70673,gnina v1.3.3 master:6fe1ce2   Built Jun 30 2026.,static_crystal_polymer,,
3ZNC,equibind,scored,0.38225,gnina v1.3.3 master:6fe1ce2   Built Jun 30 2026.,static_crystal_polymer,,
3ZNC,diffdock,scored,0.91703,gnina v1.3.3 master:6fe1ce2   Built Jun 30 2026.,static_crystal_polymer,,
3ZO1,equibind,scored,0.45718,gnina v1.3.3 master:6fe1ce2   Built Jun 30 2026.,static_crystal_polymer,,
3ZO1,diffdock,scored,0.85459,gnina v1.3.3 master:6fe1ce2   Built Jun 30 2026.,static_crystal_polymer,,
3ZO2,equibind,scored,0.76636,gnina v1.3.3 master:6fe1ce2   Built Jun 30 2026.,static_crystal_polymer,,
3ZO2,diffdock,scored,0.89786,gnina v1.3.3 master:6fe1ce2   Built Jun 30 2026.,static_crystal_polymer,,
3ZOT,equibind,scored,0.00183,gnina v1.3.3 master:6fe1ce2   Built Jun 30 2026.,static_crystal_polymer,,
3ZOT,diffdock,scored,0.80021,gnina v1.3.3 master:6fe1ce2   Built Jun 30 2026.,static_crystal_polymer,,
3ZMM,equibind,scored,2e-05,gnina v1.3.3 master:6fe1ce2   Built Jun 30 2026.,static_crystal_polymer,,
3ZMM,diffdock,scored,0.82213,gnina v1.3.3 master:6fe1ce2   Built Jun 30 2026.,static_crystal_polymer,,
3ZO4,equibind,scored,0.53465,gnina v1.3.3 master:6fe1ce2   Built Jun 30 2026.,static_crystal_polymer,,
3ZO4,diffdock,scored,0.5086,gnina v1.3.3 master:6fe1ce2   Built Jun 30 2026.,static_crystal_polymer,,
3ZPQ,equibind,scored,0.01618,gnina v1.3.3 master:6fe1ce2   Built Jun 30 2026.,static_crystal_polymer,,
3ZPQ,diffdock,scored,0.6535,gnina v1.3.3 master:6fe1ce2   Built Jun 30 2026.,static_crystal_polymer,,
3ZQE,equibind,scored,0.01817,gnina v1.3.3 master:6fe1ce2   Built Jun 30 2026.,static_crystal_polymer,,
3ZQE,diffdock,scored,0.72459,gnina v1.3.3 master:6fe1ce2   Built Jun 30 2026.,static_crystal_polymer,,
3ZPU,equibind,scored,0.03219,gnina v1.3.3 master:6fe1ce2   Built Jun 30 2026.,static_crystal_polymer,,
3ZPU,diffdock,scored,0.368,gnina v1.3.3 master:6fe1ce2   Built Jun 30 2026.,static_crystal_polymer,,
3ZQT,equibind,scored,0.00546,gnina v1.3.3 master:6fe1ce2   Built Jun 30 2026.,static_crystal_polymer,,
3ZQT,diffdock,scored,0.40927,gnina v1.3.3 master:6fe1ce2   Built Jun 30 2026.,static_crystal_polymer,,
3ZPS,equibind,scored,0.1098,gnina v1.3.3 master:6fe1ce2   Built Jun 30 2026.,static_crystal_polymer,,
3ZPS,diffdock,scored,0.41182,gnina v1.3.3 master:6fe1ce2   Built Jun 30 2026.,static_crystal_polymer,,
3ZSQ,equibind,scored,0.01141,gnina v1.3.3 master:6fe1ce2   Built Jun 30 2026.,static_crystal_polymer,,
3ZSQ,diffdock,scored,0.6909,gnina v1.3.3 master:6fe1ce2   Built Jun 30 2026.,static_crystal_polymer,,
3ZRK,equibind,scored,5e-05,gnina v1.3.3 master:6fe1ce2   Built Jun 30 2026.,static_crystal_polymer,,
3ZRK,diffdock,scored,0.21618,gnina v1.3.3 master:6fe1ce2   Built Jun 30 2026.,static_crystal_polymer,,
3WTN,equibind,scored,0.65355,gnina v1.3.3 master:6fe1ce2   Built Jun 30 2026.,static_crystal_polymer,,
3WTN,diffdock,scored,0.95338,gnina v1.3.3 master:6fe1ce2   Built Jun 30 2026.,static_crystal_polymer,,
3ZRM,equibind,scored,0.00151,gnina v1.3.3 master:6fe1ce2   Built Jun 30 2026.,static_crystal_polymer,,
3ZRM,diffdock,scored,0.9656,gnina v1.3.3 master:6fe1ce2   Built Jun 30 2026.,static_crystal_polymer,,
3ZRL,equibind,scored,0.00102,gnina v1.3.3 master:6fe1ce2   Built Jun 30 2026.,static_crystal_polymer,,
3ZRL,diffdock,scored,0.94175,gnina v1.3.3 master:6fe1ce2   Built Jun 30 2026.,static_crystal_polymer,,
3ZSW,equibind,scored,2e-05,gnina v1.3.3 master:6fe1ce2   Built Jun 30 2026.,static_crystal_polymer,,
3ZSW,diffdock,scored,0.55717,gnina v1.3.3 master:6fe1ce2   Built Jun 30 2026.,static_crystal_polymer,,
3ZRC,equibind,scored,2e-05,gnina v1.3.3 master:6fe1ce2   Built Jun 30 2026.,static_crystal_polymer,,
3ZRC,diffdock,scored,0.09065,gnina v1.3.3 master:6fe1ce2   Built Jun 30 2026.,static_crystal_polymer,,
3ZSX,equibind,scored,0.00364,gnina v1.3.3 master:6fe1ce2   Built Jun 30 2026.,static_crystal_polymer,,
3ZSX,diffdock,scored,0.59818,gnina v1.3.3 master:6fe1ce2   Built Jun 30 2026.,static_crystal_polymer,,
3ZSY,equibind,scored,0.0,gnina v1.3.3 master:6fe1ce2   Built Jun 30 2026.,static_crystal_polymer,,
3ZSY,diffdock,scored,0.68682,gnina v1.3.3 master:6fe1ce2   Built Jun 30 2026.,static_crystal_polymer,,
3ZSZ,equibind,scored,2e-05,gnina v1.3.3 master:6fe1ce2   Built Jun 30 2026.,static_crystal_polymer,,
3ZSZ,diffdock,scored,0.18311,gnina v1.3.3 master:6fe1ce2   Built Jun 30 2026.,static_crystal_polymer,,
3ZT2,equibind,scored,0.00414,gnina v1.3.3 master:6fe1ce2   Built Jun 30 2026.,static_crystal_polymer,,
3ZT2,diffdock,scored,0.79475,gnina v1.3.3 master:6fe1ce2   Built Jun 30 2026.,static_crystal_polymer,,
3ZT1,equibind,scored,3e-05,gnina v1.3.3 master:6fe1ce2   Built Jun 30 2026.,static_crystal_polymer,,
3ZT1,diffdock,scored,0.31236,gnina v1.3.3 master:6fe1ce2   Built Jun 30 2026.,static_crystal_polymer,,
3ZT3,equibind,scored,0.00236,gnina v1.3.3 master:6fe1ce2   Built Jun 30 2026.,static_crystal_polymer,,
3ZT3,diffdock,scored,0.88771,gnina v1.3.3 master:6fe1ce2   Built Jun 30 2026.,static_crystal_polymer,,
3ZT4,equibind,scored,0.0006,gnina v1.3.3 master:6fe1ce2   Built Jun 30 2026.,static_crystal_polymer,,
3ZT4,diffdock,scored,0.68719,gnina v1.3.3 master:6fe1ce2   Built Jun 30 2026.,static_crystal_polymer,,
3ZTX,equibind,scored,3e-05,gnina v1.3.3 master:6fe1ce2   Built Jun 30 2026.,static_crystal_polymer,,
3ZTX,diffdock,scored,0.50437,gnina v1.3.3 master:6fe1ce2   Built Jun 30 2026.,static_crystal_polymer,,
3ZXE,equibind,scored,0.00047,gnina v1.3.3 master:6fe1ce2   Built Jun 30 2026.,static_crystal_polymer,,
3ZXE,diffdock,scored,0.46359,gnina v1.3.3 master:6fe1ce2   Built Jun 30 2026.,static_crystal_polymer,,
3ZV7,equibind,scored,0.13051,gnina v1.3.3 master:6fe1ce2   Built Jun 30 2026.,static_crystal_polymer,,
3ZV7,diffdock,scored,0.82928,gnina v1.3.3 master:6fe1ce2   Built Jun 30 2026.,static_crystal_polymer,,
3ZJC,equibind,scored,0.00023,gnina v1.3.3 master:6fe1ce2   Built Jun 30 2026.,static_crystal_polymer,,
3ZJC,diffdock,scored,0.19405,gnina v1.3.3 master:6fe1ce2   Built Jun 30 2026.,static_crystal_polymer,,
3ZVV,equibind,scored,0.07433,gnina v1.3.3 master:6fe1ce2   Built Jun 30 2026.,static_crystal_polymer,,
3ZVV,diffdock,scored,0.94814,gnina v1.3.3 master:6fe1ce2   Built Jun 30 2026.,static_crystal_polymer,,
3ZDH,equibind,scored,0.77691,gnina v1.3.3 master:6fe1ce2   Built Jun 30 2026.,static_crystal_polymer,,
3ZDH,diffdock,scored,0.98604,gnina v1.3.3 master:6fe1ce2   Built Jun 30 2026.,static_crystal_polymer,,
3ZW3,equibind,scored,0.10463,gnina v1.3.3 master:6fe1ce2   Built Jun 30 2026.,static_crystal_polymer,,
3ZW3,diffdock,scored,0.93306,gnina v1.3.3 master:6fe1ce2   Built Jun 30 2026.,static_crystal_polymer,,
3ZXZ,equibind,scored,0.20019,gnina v1.3.3 master:6fe1ce2   Built Jun 30 2026.,static_crystal_polymer,,
3ZXZ,diffdock,scored,0.94356,gnina v1.3.3 master:6fe1ce2   Built Jun 30 2026.,static_crystal_polymer,,
3ZXH,equibind,scored,0.22986,gnina v1.3.3 master:6fe1ce2   Built Jun 30 2026.,static_crystal_polymer,,
3ZXH,diffdock,scored,0.2668,gnina v1.3.3 master:6fe1ce2   Built Jun 30 2026.,static_crystal_polymer,,
3ZTD,equibind,scored,0.00055,gnina v1.3.3 master:6fe1ce2   Built Jun 30 2026.,static_crystal_polymer,,
3ZTD,diffdock,scored,0.27855,gnina v1.3.3 master:6fe1ce2   Built Jun 30 2026.,static_crystal_polymer,,
3ZUK,equibind,scored,1e-05,gnina v1.3.3 master:6fe1ce2   Built Jun 30 2026.,static_crystal_polymer,,
3ZUK,diffdock,scored,0.84014,gnina v1.3.3 master:6fe1ce2   Built Jun 30 2026.,static_crystal_polymer,,
3ZTC,equibind,scored,2e-05,gnina v1.3.3 master:6fe1ce2   Built Jun 30 2026.,static_crystal_polymer,,
3ZTC,diffdock,scored,0.32577,gnina v1.3.3 master:6fe1ce2   Built Jun 30 2026.,static_crystal_polymer,,
3ZYH,equibind,scored,0.00415,gnina v1.3.3 master:6fe1ce2   Built Jun 30 2026.,static_crystal_polymer,,
3ZYH,diffdock,scored,0.81151,gnina v1.3.3 master:6fe1ce2   Built Jun 30 2026.,static_crystal_polymer,,
3ZYA,equibind,scored,0.00825,gnina v1.3.3 master:6fe1ce2   Built Jun 30 2026.,static_crystal_polymer,,
3ZYA,diffdock,scored,0.4616,gnina v1.3.3 master:6fe1ce2   Built Jun 30 2026.,static_crystal_polymer,,
3ZZE,equibind,scored,0.01339,gnina v1.3.3 master:6fe1ce2   Built Jun 30 2026.,static_crystal_polymer,,
3ZZE,diffdock,scored,0.46922,gnina v1.3.3 master:6fe1ce2   Built Jun 30 2026.,static_crystal_polymer,,
3ZYU,equibind,scored,0.03275,gnina v1.3.3 master:6fe1ce2   Built Jun 30 2026.,static_crystal_polymer,,
3ZYU,diffdock,scored,0.95481,gnina v1.3.3 master:6fe1ce2   Built Jun 30 2026.,static_crystal_polymer,,
4A4G,equibind,scored,0.15499,gnina v1.3.3 master:6fe1ce2   Built Jun 30 2026.,static_crystal_polymer,,
4A4G,diffdock,scored,0.88161,gnina v1.3.3 master:6fe1ce2   Built Jun 30 2026.,static_crystal_polymer,,
4A4L,equibind,scored,0.54499,gnina v1.3.3 master:6fe1ce2   Built Jun 30 2026.,static_crystal_polymer,,
4A4L,diffdock,scored,0.72908,gnina v1.3.3 master:6fe1ce2   Built Jun 30 2026.,static_crystal_polymer,,
4A4E,equibind,scored,0.00267,gnina v1.3.3 master:6fe1ce2   Built Jun 30 2026.,static_crystal_polymer,,
4A4E,diffdock,scored,0.89269,gnina v1.3.3 master:6fe1ce2   Built Jun 30 2026.,static_crystal_polymer,,
4A4F,equibind,scored,0.04664,gnina v1.3.3 master:6fe1ce2   Built Jun 30 2026.,static_crystal_polymer,,
4A4F,diffdock,scored,0.93283,gnina v1.3.3 master:6fe1ce2   Built Jun 30 2026.,static_crystal_polymer,,
4A4O,equibind,scored,0.23946,gnina v1.3.3 master:6fe1ce2   Built Jun 30 2026.,static_crystal_polymer,,
4A4O,diffdock,scored,0.76413,gnina v1.3.3 master:6fe1ce2   Built Jun 30 2026.,static_crystal_polymer,,
4A4X,equibind,scored,0.45904,gnina v1.3.3 master:6fe1ce2   Built Jun 30 2026.,static_crystal_polymer,,
4A4X,diffdock,scored,0.74866,gnina v1.3.3 master:6fe1ce2   Built Jun 30 2026.,static_crystal_polymer,,
3ZDG,equibind,scored,0.04103,gnina v1.3.3 master:6fe1ce2   Built Jun 30 2026.,static_crystal_polymer,,
3ZZH,equibind,scored,0.15674,gnina v1.3.3 master:6fe1ce2   Built Jun 30 2026.,static_crystal_polymer,,
3ZZH,diffdock,scored,0.381,gnina v1.3.3 master:6fe1ce2   Built Jun 30 2026.,static_crystal_polymer,,
4A4V,equibind,scored,1e-05,gnina v1.3.3 master:6fe1ce2   Built Jun 30 2026.,static_crystal_polymer,,
4A4V,diffdock,scored,0.8344,gnina v1.3.3 master:6fe1ce2   Built Jun 30 2026.,static_crystal_polymer,,
4A50,equibind,scored,0.05174,gnina v1.3.3 master:6fe1ce2   Built Jun 30 2026.,static_crystal_polymer,,
4A50,diffdock,scored,0.7468,gnina v1.3.3 master:6fe1ce2   Built Jun 30 2026.,static_crystal_polymer,,
4A6B,equibind,scored,0.00069,gnina v1.3.3 master:6fe1ce2   Built Jun 30 2026.,static_crystal_polymer,,
4A6B,diffdock,scored,0.5955,gnina v1.3.3 master:6fe1ce2   Built Jun 30 2026.,static_crystal_polymer,,
4A6W,equibind,scored,0.39712,gnina v1.3.3 master:6fe1ce2   Built Jun 30 2026.,static_crystal_polymer,,
4A6W,diffdock,scored,0.71486,gnina v1.3.3 master:6fe1ce2   Built Jun 30 2026.,static_crystal_polymer,,
4A6C,equibind,scored,0.00367,gnina v1.3.3 master:6fe1ce2   Built Jun 30 2026.,static_crystal_polymer,,
4A6C,diffdock,scored,0.43083,gnina v1.3.3 master:6fe1ce2   Built Jun 30 2026.,static_crystal_polymer,,
4A7C,equibind,scored,0.25016,gnina v1.3.3 master:6fe1ce2   Built Jun 30 2026.,static_crystal_polymer,,
4A7C,diffdock,scored,0.73264,gnina v1.3.3 master:6fe1ce2   Built Jun 30 2026.,static_crystal_polymer,,
4A6S,equibind,scored,1e-05,gnina v1.3.3 master:6fe1ce2   Built Jun 30 2026.,static_crystal_polymer,,
4A6S,diffdock,scored,0.2301,gnina v1.3.3 master:6fe1ce2   Built Jun 30 2026.,static_crystal_polymer,,
4A7B,equibind,scored,0.0,gnina v1.3.3 master:6fe1ce2   Built Jun 30 2026.,static_crystal_polymer,,
4A7B,diffdock,scored,0.73462,gnina v1.3.3 master:6fe1ce2   Built Jun 30 2026.,static_crystal_polymer,,
4A7I,equibind,scored,0.09151,gnina v1.3.3 master:6fe1ce2   Built Jun 30 2026.,static_crystal_polymer,,
4A7I,diffdock,scored,0.62345,gnina v1.3.3 master:6fe1ce2   Built Jun 30 2026.,static_crystal_polymer,,
3ZZF,equibind,scored,0.00058,gnina v1.3.3 master:6fe1ce2   Built Jun 30 2026.,static_crystal_polymer,,
3ZZF,diffdock,scored,0.88239,gnina v1.3.3 master:6fe1ce2   Built Jun 30 2026.,static_crystal_polymer,,
4A9R,equibind,scored,0.596,gnina v1.3.3 master:6fe1ce2   Built Jun 30 2026.,static_crystal_polymer,,
4A9R,diffdock,scored,0.19691,gnina v1.3.3 master:6fe1ce2   Built Jun 30 2026.,static_crystal_polymer,,
4A22,equibind,scored,0.00012,gnina v1.3.3 master:6fe1ce2   Built Jun 30 2026.,static_crystal_polymer,,
4A22,diffdock,scored,0.79249,gnina v1.3.3 master:6fe1ce2   Built Jun 30 2026.,static_crystal_polymer,,
4A9S,equibind,scored,0.47719,gnina v1.3.3 master:6fe1ce2   Built Jun 30 2026.,static_crystal_polymer,,
4A9S,diffdock,scored,0.54446,gnina v1.3.3 master:6fe1ce2   Built Jun 30 2026.,static_crystal_polymer,,
4A9M,equibind,scored,0.00116,gnina v1.3.3 master:6fe1ce2   Built Jun 30 2026.,static_crystal_polymer,,
4A9M,diffdock,scored,0.7557,gnina v1.3.3 master:6fe1ce2   Built Jun 30 2026.,static_crystal_polymer,,
4A9N,equibind,scored,0.01914,gnina v1.3.3 master:6fe1ce2   Built Jun 30 2026.,static_crystal_polymer,,
4A9N,diffdock,scored,0.74964,gnina v1.3.3 master:6fe1ce2   Built Jun 30 2026.,static_crystal_polymer,,
4A9U,equibind,scored,0.54026,gnina v1.3.3 master:6fe1ce2   Built Jun 30 2026.,static_crystal_polymer,,
4A9U,diffdock,scored,0.57689,gnina v1.3.3 master:6fe1ce2   Built Jun 30 2026.,static_crystal_polymer,,
4AA0,equibind,scored,0.31206,gnina v1.3.3 master:6fe1ce2   Built Jun 30 2026.,static_crystal_polymer,,
4AA0,diffdock,scored,0.17509,gnina v1.3.3 master:6fe1ce2   Built Jun 30 2026.,static_crystal_polymer,,
4A6L,equibind,scored,0.00072,gnina v1.3.3 master:6fe1ce2   Built Jun 30 2026.,static_crystal_polymer,,
4A6L,diffdock,scored,0.62551,gnina v1.3.3 master:6fe1ce2   Built Jun 30 2026.,static_crystal_polymer,,
4AA5,equibind,scored,0.68816,gnina v1.3.3 master:6fe1ce2   Built Jun 30 2026.,static_crystal_polymer,,
4AA5,diffdock,scored,0.16556,gnina v1.3.3 master:6fe1ce2   Built Jun 30 2026.,static_crystal_polymer,,
4AB8,equibind,scored,0.33888,gnina v1.3.3 master:6fe1ce2   Built Jun 30 2026.,static_crystal_polymer,,
4AB8,diffdock,scored,0.56698,gnina v1.3.3 master:6fe1ce2   Built Jun 30 2026.,static_crystal_polymer,,
4AB9,equibind,scored,0.69592,gnina v1.3.3 master:6fe1ce2   Built Jun 30 2026.,static_crystal_polymer,,
4AB9,diffdock,scored,0.75881,gnina v1.3.3 master:6fe1ce2   Built Jun 30 2026.,static_crystal_polymer,,
4AAC,equibind,scored,0.46818,gnina v1.3.3 master:6fe1ce2   Built Jun 30 2026.,static_crystal_polymer,,
4AAC,diffdock,scored,0.46758,gnina v1.3.3 master:6fe1ce2   Built Jun 30 2026.,static_crystal_polymer,,
4AA7,equibind,scored,5e-05,gnina v1.3.3 master:6fe1ce2   Built Jun 30 2026.,static_crystal_polymer,,
4AA7,diffdock,scored,0.05656,gnina v1.3.3 master:6fe1ce2   Built Jun 30 2026.,static_crystal_polymer,,
4ABB,equibind,scored,0.0757,gnina v1.3.3 master:6fe1ce2   Built Jun 30 2026.,static_crystal_polymer,,
4ABB,diffdock,scored,0.71519,gnina v1.3.3 master:6fe1ce2   Built Jun 30 2026.,static_crystal_polymer,,
4ABA,equibind,scored,0.08498,gnina v1.3.3 master:6fe1ce2   Built Jun 30 2026.,static_crystal_polymer,,
4ABA,diffdock,scored,0.54789,gnina v1.3.3 master:6fe1ce2   Built Jun 30 2026.,static_crystal_polymer,,
4ABE,equibind,scored,0.04674,gnina v1.3.3 master:6fe1ce2   Built Jun 30 2026.,static_crystal_polymer,,
4ABE,diffdock,scored,0.73802,gnina v1.3.3 master:6fe1ce2   Built Jun 30 2026.,static_crystal_polymer,,
4ABD,equibind,scored,0.54708,gnina v1.3.3 master:6fe1ce2   Built Jun 30 2026.,static_crystal_polymer,,
4ABD,diffdock,scored,0.67272,gnina v1.3.3 master:6fe1ce2   Built Jun 30 2026.,static_crystal_polymer,,
4ABF,equibind,scored,0.0505,gnina v1.3.3 master:6fe1ce2   Built Jun 30 2026.,static_crystal_polymer,,
4ABF,diffdock,scored,0.77328,gnina v1.3.3 master:6fe1ce2   Built Jun 30 2026.,static_crystal_polymer,,
4ABH,equibind,scored,0.20505,gnina v1.3.3 master:6fe1ce2   Built Jun 30 2026.,static_crystal_polymer,,
4ABH,diffdock,scored,0.91224,gnina v1.3.3 master:6fe1ce2   Built Jun 30 2026.,static_crystal_polymer,,
4A95,equibind,scored,0.47152,gnina v1.3.3 master:6fe1ce2   Built Jun 30 2026.,static_crystal_polymer,,
4A95,diffdock,scored,0.96819,gnina v1.3.3 master:6fe1ce2   Built Jun 30 2026.,static_crystal_polymer,,
4ABK,equibind,scored,0.00013,gnina v1.3.3 master:6fe1ce2   Built Jun 30 2026.,static_crystal_polymer,,
4ABK,diffdock,scored,0.61921,gnina v1.3.3 master:6fe1ce2   Built Jun 30 2026.,static_crystal_polymer,,
4ABU,equibind,scored,0.00015,gnina v1.3.3 master:6fe1ce2   Built Jun 30 2026.,static_crystal_polymer,,
4ABU,diffdock,scored,0.36519,gnina v1.3.3 master:6fe1ce2   Built Jun 30 2026.,static_crystal_polymer,,
4ABV,equibind,scored,0.26321,gnina v1.3.3 master:6fe1ce2   Built Jun 30 2026.,static_crystal_polymer,,
4ABV,diffdock,scored,0.18659,gnina v1.3.3 master:6fe1ce2   Built Jun 30 2026.,static_crystal_polymer,,
4ACU,equibind,scored,0.00529,gnina v1.3.3 master:6fe1ce2   Built Jun 30 2026.,static_crystal_polymer,,
4ACU,diffdock,scored,0.81204,gnina v1.3.3 master:6fe1ce2   Built Jun 30 2026.,static_crystal_polymer,,
4AFE,equibind,scored,0.04757,gnina v1.3.3 master:6fe1ce2   Built Jun 30 2026.,static_crystal_polymer,,
4AFE,diffdock,scored,0.69808,gnina v1.3.3 master:6fe1ce2   Built Jun 30 2026.,static_crystal_polymer,,
4ACI,equibind,scored,0.28071,gnina v1.3.3 master:6fe1ce2   Built Jun 30 2026.,static_crystal_polymer,,
4ACI,diffdock,scored,0.55469,gnina v1.3.3 master:6fe1ce2   Built Jun 30 2026.,static_crystal_polymer,,
4AGD,equibind,scored,0.04372,gnina v1.3.3 master:6fe1ce2   Built Jun 30 2026.,static_crystal_polymer,,
4AGD,diffdock,scored,0.95712,gnina v1.3.3 master:6fe1ce2   Built Jun 30 2026.,static_crystal_polymer,,
4AEL,equibind,scored,0.00134,gnina v1.3.3 master:6fe1ce2   Built Jun 30 2026.,static_crystal_polymer,,
4AEL,diffdock,scored,0.43356,gnina v1.3.3 master:6fe1ce2   Built Jun 30 2026.,static_crystal_polymer,,
4AG8,equibind,scored,0.04553,gnina v1.3.3 master:6fe1ce2   Built Jun 30 2026.,static_crystal_polymer,,
4AG8,diffdock,scored,0.96054,gnina v1.3.3 master:6fe1ce2   Built Jun 30 2026.,static_crystal_polymer,,
4AGL,equibind,scored,0.56706,gnina v1.3.3 master:6fe1ce2   Built Jun 30 2026.,static_crystal_polymer,,
4AGL,diffdock,scored,0.51769,gnina v1.3.3 master:6fe1ce2   Built Jun 30 2026.,static_crystal_polymer,,
3ZXR,equibind,scored,0.77239,gnina v1.3.3 master:6fe1ce2   Built Jun 30 2026.,static_crystal_polymer,,
3ZXR,diffdock,scored,0.12964,gnina v1.3.3 master:6fe1ce2   Built Jun 30 2026.,static_crystal_polymer,,
4AGM,equibind,scored,0.26945,gnina v1.3.3 master:6fe1ce2   Built Jun 30 2026.,static_crystal_polymer,,
4AGM,diffdock,scored,0.67406,gnina v1.3.3 master:6fe1ce2   Built Jun 30 2026.,static_crystal_polymer,,
4AGN,equibind,scored,0.19742,gnina v1.3.3 master:6fe1ce2   Built Jun 30 2026.,static_crystal_polymer,,
4AGN,diffdock,scored,0.84356,gnina v1.3.3 master:6fe1ce2   Built Jun 30 2026.,static_crystal_polymer,,
4AGO,equibind,scored,0.05673,gnina v1.3.3 master:6fe1ce2   Built Jun 30 2026.,static_crystal_polymer,,
4AGO,diffdock,scored,0.55206,gnina v1.3.3 master:6fe1ce2   Built Jun 30 2026.,static_crystal_polymer,,
4AHR,equibind,scored,0.00921,gnina v1.3.3 master:6fe1ce2   Built Jun 30 2026.,static_crystal_polymer,,
4AHR,diffdock,scored,0.91149,gnina v1.3.3 master:6fe1ce2   Built Jun 30 2026.,static_crystal_polymer,,
4AHS,equibind,scored,0.60916,gnina v1.3.3 master:6fe1ce2   Built Jun 30 2026.,static_crystal_polymer,,
4AHS,diffdock,scored,0.93042,gnina v1.3.3 master:6fe1ce2   Built Jun 30 2026.,static_crystal_polymer,,
4AFJ,equibind,scored,4e-05,gnina v1.3.3 master:6fe1ce2   Built Jun 30 2026.,static_crystal_polymer,,
4AFJ,diffdock,scored,0.10703,gnina v1.3.3 master:6fe1ce2   Built Jun 30 2026.,static_crystal_polymer,,
4AGQ,equibind,scored,0.02071,gnina v1.3.3 master:6fe1ce2   Built Jun 30 2026.,static_crystal_polymer,,
4AGQ,diffdock,scored,0.56001,gnina v1.3.3 master:6fe1ce2   Built Jun 30 2026.,static_crystal_polymer,,
4A51,equibind,scored,2e-05,gnina v1.3.3 master:6fe1ce2   Built Jun 30 2026.,static_crystal_polymer,,
4A51,diffdock,scored,0.75336,gnina v1.3.3 master:6fe1ce2   Built Jun 30 2026.,static_crystal_polymer,,
4AHV,equibind,scored,0.09942,gnina v1.3.3 master:6fe1ce2   Built Jun 30 2026.,static_crystal_polymer,,
4AHV,diffdock,scored,0.68644,gnina v1.3.3 master:6fe1ce2   Built Jun 30 2026.,static_crystal_polymer,,
4AIG,equibind,scored,0.00015,gnina v1.3.3 master:6fe1ce2   Built Jun 30 2026.,static_crystal_polymer,,
4AIG,diffdock,scored,0.6749,gnina v1.3.3 master:6fe1ce2   Built Jun 30 2026.,static_crystal_polymer,,
4AI8,equibind,scored,0.69418,gnina v1.3.3 master:6fe1ce2   Built Jun 30 2026.,static_crystal_polymer,,
4AI8,diffdock,scored,0.67488,gnina v1.3.3 master:6fe1ce2   Built Jun 30 2026.,static_crystal_polymer,,
4AFG,equibind,scored,0.13002,gnina v1.3.3 master:6fe1ce2   Built Jun 30 2026.,static_crystal_polymer,,
4AFG,diffdock,scored,0.96037,gnina v1.3.3 master:6fe1ce2   Built Jun 30 2026.,static_crystal_polymer,,
4AFH,equibind,scored,0.81147,gnina v1.3.3 master:6fe1ce2   Built Jun 30 2026.,static_crystal_polymer,,
4AFH,diffdock,scored,0.441,gnina v1.3.3 master:6fe1ce2   Built Jun 30 2026.,static_crystal_polymer,,
4AJ2,equibind,scored,0.16463,gnina v1.3.3 master:6fe1ce2   Built Jun 30 2026.,static_crystal_polymer,,
4AJ2,diffdock,scored,0.47815,gnina v1.3.3 master:6fe1ce2   Built Jun 30 2026.,static_crystal_polymer,,
4AJK,equibind,scored,0.01125,gnina v1.3.3 master:6fe1ce2   Built Jun 30 2026.,static_crystal_polymer,,
4AJK,diffdock,scored,0.83846,gnina v1.3.3 master:6fe1ce2   Built Jun 30 2026.,static_crystal_polymer,,
4ALG,equibind,scored,0.08054,gnina v1.3.3 master:6fe1ce2   Built Jun 30 2026.,static_crystal_polymer,,
4ALG,diffdock,scored,0.95074,gnina v1.3.3 master:6fe1ce2   Built Jun 30 2026.,static_crystal_polymer,,
4AJ4,equibind,scored,0.00886,gnina v1.3.3 master:6fe1ce2   Built Jun 30 2026.,static_crystal_polymer,,
4AJ4,diffdock,scored,0.80684,gnina v1.3.3 master:6fe1ce2   Built Jun 30 2026.,static_crystal_polymer,,
4AJE,equibind,scored,0.00406,gnina v1.3.3 master:6fe1ce2   Built Jun 30 2026.,static_crystal_polymer,,
4AJE,diffdock,scored,0.84997,gnina v1.3.3 master:6fe1ce2   Built Jun 30 2026.,static_crystal_polymer,,
4AJL,equibind,scored,0.00181,gnina v1.3.3 master:6fe1ce2   Built Jun 30 2026.,static_crystal_polymer,,
4AJL,diffdock,scored,0.44963,gnina v1.3.3 master:6fe1ce2   Built Jun 30 2026.,static_crystal_polymer,,
4AKN,equibind,scored,0.01024,gnina v1.3.3 master:6fe1ce2   Built Jun 30 2026.,static_crystal_polymer,,
4AKN,diffdock,scored,0.60483,gnina v1.3.3 master:6fe1ce2   Built Jun 30 2026.,static_crystal_polymer,,
4AML,equibind,scored,0.00429,gnina v1.3.3 master:6fe1ce2   Built Jun 30 2026.,static_crystal_polymer,,
4AML,diffdock,scored,0.70831,gnina v1.3.3 master:6fe1ce2   Built Jun 30 2026.,static_crystal_polymer,,
4AJI,equibind,scored,0.00602,gnina v1.3.3 master:6fe1ce2   Built Jun 30 2026.,static_crystal_polymer,,
4AJI,diffdock,scored,0.74475,gnina v1.3.3 master:6fe1ce2   Built Jun 30 2026.,static_crystal_polymer,,
4AMY,equibind,scored,0.00125,gnina v1.3.3 master:6fe1ce2   Built Jun 30 2026.,static_crystal_polymer,,
4AMY,diffdock,scored,0.18383,gnina v1.3.3 master:6fe1ce2   Built Jun 30 2026.,static_crystal_polymer,,
4AJW,equibind,scored,0.00145,gnina v1.3.3 master:6fe1ce2   Built Jun 30 2026.,static_crystal_polymer,,
4AJW,diffdock,scored,0.93117,gnina v1.3.3 master:6fe1ce2   Built Jun 30 2026.,static_crystal_polymer,,
4AN9,equibind,scored,0.14446,gnina v1.3.3 master:6fe1ce2   Built Jun 30 2026.,static_crystal_polymer,,
4AN9,diffdock,scored,0.83739,gnina v1.3.3 master:6fe1ce2   Built Jun 30 2026.,static_crystal_polymer,,
4AMZ,equibind,scored,0.14375,gnina v1.3.3 master:6fe1ce2   Built Jun 30 2026.,static_crystal_polymer,,
4AMZ,diffdock,scored,0.37309,gnina v1.3.3 master:6fe1ce2   Built Jun 30 2026.,static_crystal_polymer,,
4ANB,equibind,scored,0.01014,gnina v1.3.3 master:6fe1ce2   Built Jun 30 2026.,static_crystal_polymer,,
4ANB,diffdock,scored,0.65066,gnina v1.3.3 master:6fe1ce2   Built Jun 30 2026.,static_crystal_polymer,,
4AN0,equibind,scored,0.02572,gnina v1.3.3 master:6fe1ce2   Built Jun 30 2026.,static_crystal_polymer,,
4AN0,diffdock,scored,0.71041,gnina v1.3.3 master:6fe1ce2   Built Jun 30 2026.,static_crystal_polymer,,
4AJN,equibind,scored,0.00151,gnina v1.3.3 master:6fe1ce2   Built Jun 30 2026.,static_crystal_polymer,,
4AJN,diffdock,scored,0.74483,gnina v1.3.3 master:6fe1ce2   Built Jun 30 2026.,static_crystal_polymer,,
4AJO,equibind,scored,0.00427,gnina v1.3.3 master:6fe1ce2   Built Jun 30 2026.,static_crystal_polymer,,
4AJO,diffdock,scored,0.73818,gnina v1.3.3 master:6fe1ce2   Built Jun 30 2026.,static_crystal_polymer,,
4AN1,equibind,scored,0.21111,gnina v1.3.3 master:6fe1ce2   Built Jun 30 2026.,static_crystal_polymer,,
4AN1,diffdock,scored,0.49147,gnina v1.3.3 master:6fe1ce2   Built Jun 30 2026.,static_crystal_polymer,,
4ANQ,equibind,scored,0.17561,gnina v1.3.3 master:6fe1ce2   Built Jun 30 2026.,static_crystal_polymer,,
4ANQ,diffdock,scored,0.63749,gnina v1.3.3 master:6fe1ce2   Built Jun 30 2026.,static_crystal_polymer,,
4APP,equibind,scored,0.00141,gnina v1.3.3 master:6fe1ce2   Built Jun 30 2026.,static_crystal_polymer,,
4APP,diffdock,scored,0.82473,gnina v1.3.3 master:6fe1ce2   Built Jun 30 2026.,static_crystal_polymer,,
4AQ4,equibind,scored,0.00985,gnina v1.3.3 master:6fe1ce2   Built Jun 30 2026.,static_crystal_polymer,,
4AQ4,diffdock,scored,0.94364,gnina v1.3.3 master:6fe1ce2   Built Jun 30 2026.,static_crystal_polymer,,
4ARK,equibind,scored,0.00148,gnina v1.3.3 master:6fe1ce2   Built Jun 30 2026.,static_crystal_polymer,,
4ARK,diffdock,scored,0.51854,gnina v1.3.3 master:6fe1ce2   Built Jun 30 2026.,static_crystal_polymer,,
4AS9,equibind,scored,0.57694,gnina v1.3.3 master:6fe1ce2   Built Jun 30 2026.,static_crystal_polymer,,
4AS9,diffdock,scored,0.5383,gnina v1.3.3 master:6fe1ce2   Built Jun 30 2026.,static_crystal_polymer,,
4ATT,equibind,scored,0.05169,gnina v1.3.3 master:6fe1ce2   Built Jun 30 2026.,static_crystal_polymer,,
4ATT,diffdock,scored,0.79796,gnina v1.3.3 master:6fe1ce2   Built Jun 30 2026.,static_crystal_polymer,,
4AOC,equibind,scored,0.00015,gnina v1.3.3 master:6fe1ce2   Built Jun 30 2026.,static_crystal_polymer,,
4AOC,diffdock,scored,0.73329,gnina v1.3.3 master:6fe1ce2   Built Jun 30 2026.,static_crystal_polymer,,
4AT3,equibind,scored,0.69697,gnina v1.3.3 master:6fe1ce2   Built Jun 30 2026.,static_crystal_polymer,,
4AT3,diffdock,scored,0.84685,gnina v1.3.3 master:6fe1ce2   Built Jun 30 2026.,static_crystal_polymer,,
4ASD,equibind,scored,0.48551,gnina v1.3.3 master:6fe1ce2   Built Jun 30 2026.,static_crystal_polymer,,
4ASD,diffdock,scored,0.66261,gnina v1.3.3 master:6fe1ce2   Built Jun 30 2026.,static_crystal_polymer,,
4AUJ,equibind,scored,0.14712,gnina v1.3.3 master:6fe1ce2   Built Jun 30 2026.,static_crystal_polymer,,
4AUJ,diffdock,scored,0.33129,gnina v1.3.3 master:6fe1ce2   Built Jun 30 2026.,static_crystal_polymer,,
4AUY,equibind,scored,0.00109,gnina v1.3.3 master:6fe1ce2   Built Jun 30 2026.,static_crystal_polymer,,
4AUY,diffdock,scored,0.80535,gnina v1.3.3 master:6fe1ce2   Built Jun 30 2026.,static_crystal_polymer,,
4AV0,equibind,scored,0.00022,gnina v1.3.3 master:6fe1ce2   Built Jun 30 2026.,static_crystal_polymer,,
4AV0,diffdock,scored,0.49482,gnina v1.3.3 master:6fe1ce2   Built Jun 30 2026.,static_crystal_polymer,,
4AVH,equibind,scored,0.01084,gnina v1.3.3 master:6fe1ce2   Built Jun 30 2026.,static_crystal_polymer,,
4AVH,diffdock,scored,0.74711,gnina v1.3.3 master:6fe1ce2   Built Jun 30 2026.,static_crystal_polymer,,
4AL4,equibind,scored,0.00093,gnina v1.3.3 master:6fe1ce2   Built Jun 30 2026.,static_crystal_polymer,,
4AL4,diffdock,scored,0.74032,gnina v1.3.3 master:6fe1ce2   Built Jun 30 2026.,static_crystal_polymer,,
4AU8,equibind,scored,0.36017,gnina v1.3.3 master:6fe1ce2   Built Jun 30 2026.,static_crystal_polymer,,
4AU8,diffdock,scored,0.81202,gnina v1.3.3 master:6fe1ce2   Built Jun 30 2026.,static_crystal_polymer,,
4AVI,equibind,scored,0.00542,gnina v1.3.3 master:6fe1ce2   Built Jun 30 2026.,static_crystal_polymer,,
4AVI,diffdock,scored,0.32833,gnina v1.3.3 master:6fe1ce2   Built Jun 30 2026.,static_crystal_polymer,,
4AVJ,equibind,scored,0.00153,gnina v1.3.3 master:6fe1ce2   Built Jun 30 2026.,static_crystal_polymer,,
4AVJ,diffdock,scored,0.66287,gnina v1.3.3 master:6fe1ce2   Built Jun 30 2026.,static_crystal_polymer,,
4AMX,equibind,scored,0.01082,gnina v1.3.3 master:6fe1ce2   Built Jun 30 2026.,static_crystal_polymer,,
4AVU,equibind,scored,0.05014,gnina v1.3.3 master:6fe1ce2   Built Jun 30 2026.,static_crystal_polymer,,
4AVU,diffdock,scored,0.94637,gnina v1.3.3 master:6fe1ce2   Built Jun 30 2026.,static_crystal_polymer,,
4AVW,equibind,scored,0.01525,gnina v1.3.3 master:6fe1ce2   Built Jun 30 2026.,static_crystal_polymer,,
4AVW,diffdock,scored,0.95951,gnina v1.3.3 master:6fe1ce2   Built Jun 30 2026.,static_crystal_polymer,,
4AWK,equibind,scored,0.39084,gnina v1.3.3 master:6fe1ce2   Built Jun 30 2026.,static_crystal_polymer,,
4AWK,diffdock,scored,0.66443,gnina v1.3.3 master:6fe1ce2   Built Jun 30 2026.,static_crystal_polymer,,
4AWJ,diffdock,scored,0.35375,gnina v1.3.3 master:6fe1ce2   Built Jun 30 2026.,static_crystal_polymer,,
4AWM,equibind,scored,0.00032,gnina v1.3.3 master:6fe1ce2   Built Jun 30 2026.,static_crystal_polymer,,
4AWM,diffdock,scored,0.36684,gnina v1.3.3 master:6fe1ce2   Built Jun 30 2026.,static_crystal_polymer,,
4AMW,equibind,scored,0.83958,gnina v1.3.3 master:6fe1ce2   Built Jun 30 2026.,static_crystal_polymer,,
4AXD,equibind,scored,0.00939,gnina v1.3.3 master:6fe1ce2   Built Jun 30 2026.,static_crystal_polymer,,
4AXD,diffdock,scored,0.63192,gnina v1.3.3 master:6fe1ce2   Built Jun 30 2026.,static_crystal_polymer,,
4AQ3,equibind,scored,0.00017,gnina v1.3.3 master:6fe1ce2   Built Jun 30 2026.,static_crystal_polymer,,
4AQ3,diffdock,scored,0.24343,gnina v1.3.3 master:6fe1ce2   Built Jun 30 2026.,static_crystal_polymer,,
4AYQ,equibind,scored,0.47654,gnina v1.3.3 master:6fe1ce2   Built Jun 30 2026.,static_crystal_polymer,,
4AYQ,diffdock,scored,0.46466,gnina v1.3.3 master:6fe1ce2   Built Jun 30 2026.,static_crystal_polymer,,
4AYR,equibind,scored,0.72368,gnina v1.3.3 master:6fe1ce2   Built Jun 30 2026.,static_crystal_polymer,,
4AYR,diffdock,scored,0.47582,gnina v1.3.3 master:6fe1ce2   Built Jun 30 2026.,static_crystal_polymer,,
4AYV,equibind,scored,0.05927,gnina v1.3.3 master:6fe1ce2   Built Jun 30 2026.,static_crystal_polymer,,
4AYV,diffdock,scored,0.72174,gnina v1.3.3 master:6fe1ce2   Built Jun 30 2026.,static_crystal_polymer,,
4AYT,equibind,scored,0.00044,gnina v1.3.3 master:6fe1ce2   Built Jun 30 2026.,static_crystal_polymer,,
4AYT,diffdock,scored,0.6361,gnina v1.3.3 master:6fe1ce2   Built Jun 30 2026.,static_crystal_polymer,,
3X1K,equibind,scored,2e-05,gnina v1.3.3 master:6fe1ce2   Built Jun 30 2026.,static_crystal_polymer,,
3X1K,diffdock,scored,0.45417,gnina v1.3.3 master:6fe1ce2   Built Jun 30 2026.,static_crystal_polymer,,
4AYW,equibind,scored,0.00042,gnina v1.3.3 master:6fe1ce2   Built Jun 30 2026.,static_crystal_polymer,,
4AYW,diffdock,scored,0.21527,gnina v1.3.3 master:6fe1ce2   Built Jun 30 2026.,static_crystal_polymer,,
4AZ0,equibind,scored,0.03017,gnina v1.3.3 master:6fe1ce2   Built Jun 30 2026.,static_crystal_polymer,,
4AZ0,diffdock,scored,0.4711,gnina v1.3.3 master:6fe1ce2   Built Jun 30 2026.,static_crystal_polymer,,
4AZ3,equibind,scored,0.01034,gnina v1.3.3 master:6fe1ce2   Built Jun 30 2026.,static_crystal_polymer,,
4AZ3,diffdock,scored,0.31568,gnina v1.3.3 master:6fe1ce2   Built Jun 30 2026.,static_crystal_polymer,,
4AXM,equibind,scored,0.01484,gnina v1.3.3 master:6fe1ce2   Built Jun 30 2026.,static_crystal_polymer,,
4AXM,diffdock,scored,0.59365,gnina v1.3.3 master:6fe1ce2   Built Jun 30 2026.,static_crystal_polymer,,
4ALX,equibind,scored,0.34016,gnina v1.3.3 master:6fe1ce2   Built Jun 30 2026.,static_crystal_polymer,,
4ALX,diffdock,scored,0.33511,gnina v1.3.3 master:6fe1ce2   Built Jun 30 2026.,static_crystal_polymer,,
4AYX,equibind,scored,0.00044,gnina v1.3.3 master:6fe1ce2   Built Jun 30 2026.,static_crystal_polymer,,
4AYX,diffdock,scored,0.82776,gnina v1.3.3 master:6fe1ce2   Built Jun 30 2026.,static_crystal_polymer,,
4AZ5,equibind,scored,0.69347,gnina v1.3.3 master:6fe1ce2   Built Jun 30 2026.,static_crystal_polymer,,
4AZ5,diffdock,scored,0.93522,gnina v1.3.3 master:6fe1ce2   Built Jun 30 2026.,static_crystal_polymer,,
4AZF,equibind,scored,0.4524,gnina v1.3.3 master:6fe1ce2   Built Jun 30 2026.,static_crystal_polymer,,
4AZF,diffdock,scored,0.89216,gnina v1.3.3 master:6fe1ce2   Built Jun 30 2026.,static_crystal_polymer,,
4AYU,equibind,scored,0.84194,gnina v1.3.3 master:6fe1ce2   Built Jun 30 2026.,static_crystal_polymer,,
4AYU,diffdock,scored,0.39987,gnina v1.3.3 master:6fe1ce2   Built Jun 30 2026.,static_crystal_polymer,,
4AY5,equibind,scored,1e-05,gnina v1.3.3 master:6fe1ce2   Built Jun 30 2026.,static_crystal_polymer,,
4AY5,diffdock,scored,0.64308,gnina v1.3.3 master:6fe1ce2   Built Jun 30 2026.,static_crystal_polymer,,
4AZP,equibind,scored,0.00219,gnina v1.3.3 master:6fe1ce2   Built Jun 30 2026.,static_crystal_polymer,,
4AZP,diffdock,scored,0.47847,gnina v1.3.3 master:6fe1ce2   Built Jun 30 2026.,static_crystal_polymer,,
4B00,equibind,scored,0.23315,gnina v1.3.3 master:6fe1ce2   Built Jun 30 2026.,static_crystal_polymer,,
4B00,diffdock,scored,0.6499,gnina v1.3.3 master:6fe1ce2   Built Jun 30 2026.,static_crystal_polymer,,
4AZT,equibind,scored,8e-05,gnina v1.3.3 master:6fe1ce2   Built Jun 30 2026.,static_crystal_polymer,,
4AZT,diffdock,scored,0.92485,gnina v1.3.3 master:6fe1ce2   Built Jun 30 2026.,static_crystal_polymer,,
4B05,equibind,scored,0.51415,gnina v1.3.3 master:6fe1ce2   Built Jun 30 2026.,static_crystal_polymer,,
4B05,diffdock,scored,0.40562,gnina v1.3.3 master:6fe1ce2   Built Jun 30 2026.,static_crystal_polymer,,
4AVT,equibind,scored,0.64564,gnina v1.3.3 master:6fe1ce2   Built Jun 30 2026.,static_crystal_polymer,,
4AVT,diffdock,scored,0.93549,gnina v1.3.3 master:6fe1ce2   Built Jun 30 2026.,static_crystal_polymer,,
4AZG,equibind,scored,0.0,gnina v1.3.3 master:6fe1ce2   Built Jun 30 2026.,static_crystal_polymer,,
4AZG,diffdock,scored,0.79454,gnina v1.3.3 master:6fe1ce2   Built Jun 30 2026.,static_crystal_polymer,,
4B1C,equibind,scored,0.61382,gnina v1.3.3 master:6fe1ce2   Built Jun 30 2026.,static_crystal_polymer,,
4B1C,diffdock,scored,0.811,gnina v1.3.3 master:6fe1ce2   Built Jun 30 2026.,static_crystal_polymer,,
4AZI,equibind,scored,0.00011,gnina v1.3.3 master:6fe1ce2   Built Jun 30 2026.,static_crystal_polymer,,
4AZI,diffdock,scored,0.7439,gnina v1.3.3 master:6fe1ce2   Built Jun 30 2026.,static_crystal_polymer,,
4AZE,equibind,scored,0.00042,gnina v1.3.3 master:6fe1ce2   Built Jun 30 2026.,static_crystal_polymer,,
4AZE,diffdock,scored,0.88222,gnina v1.3.3 master:6fe1ce2   Built Jun 30 2026.,static_crystal_polymer,,
4B1D,equibind,scored,0.38956,gnina v1.3.3 master:6fe1ce2   Built Jun 30 2026.,static_crystal_polymer,,
4B1D,diffdock,scored,0.48204,gnina v1.3.3 master:6fe1ce2   Built Jun 30 2026.,static_crystal_polymer,,
4B2I,equibind,scored,0.45117,gnina v1.3.3 master:6fe1ce2   Built Jun 30 2026.,static_crystal_polymer,,
4B2I,diffdock,scored,0.85173,gnina v1.3.3 master:6fe1ce2   Built Jun 30 2026.,static_crystal_polymer,,
4B32,equibind,scored,0.01574,gnina v1.3.3 master:6fe1ce2   Built Jun 30 2026.,static_crystal_polymer,,
4B32,diffdock,scored,0.88091,gnina v1.3.3 master:6fe1ce2   Built Jun 30 2026.,static_crystal_polymer,,
4AY6,equibind,scored,0.0,gnina v1.3.3 master:6fe1ce2   Built Jun 30 2026.,static_crystal_polymer,,
4AY6,diffdock,scored,0.82965,gnina v1.3.3 master:6fe1ce2   Built Jun 30 2026.,static_crystal_polymer,,
4B2L,equibind,scored,0.34159,gnina v1.3.3 master:6fe1ce2   Built Jun 30 2026.,static_crystal_polymer,,
4B2L,diffdock,scored,0.46626,gnina v1.3.3 master:6fe1ce2   Built Jun 30 2026.,static_crystal_polymer,,
4B35,equibind,scored,0.0052,gnina v1.3.3 master:6fe1ce2   Built Jun 30 2026.,static_crystal_polymer,,
4B35,diffdock,scored,0.59236,gnina v1.3.3 master:6fe1ce2   Built Jun 30 2026.,static_crystal_polymer,,
4B34,equibind,scored,0.00037,gnina v1.3.3 master:6fe1ce2   Built Jun 30 2026.,static_crystal_polymer,,
4B34,diffdock,scored,0.8343,gnina v1.3.3 master:6fe1ce2   Built Jun 30 2026.,static_crystal_polymer,,
4B3C,equibind,scored,0.38577,gnina v1.3.3 master:6fe1ce2   Built Jun 30 2026.,static_crystal_polymer,,
4B3C,diffdock,scored,0.49443,gnina v1.3.3 master:6fe1ce2   Built Jun 30 2026.,static_crystal_polymer,,
4B14,equibind,scored,0.00031,gnina v1.3.3 master:6fe1ce2   Built Jun 30 2026.,static_crystal_polymer,,
4B14,diffdock,scored,0.71167,gnina v1.3.3 master:6fe1ce2   Built Jun 30 2026.,static_crystal_polymer,,
4B3D,equibind,scored,0.04134,gnina v1.3.3 master:6fe1ce2   Built Jun 30 2026.,static_crystal_polymer,,
4B3D,diffdock,scored,0.86994,gnina v1.3.3 master:6fe1ce2   Built Jun 30 2026.,static_crystal_polymer,,
4B12,equibind,scored,0.04377,gnina v1.3.3 master:6fe1ce2   Built Jun 30 2026.,static_crystal_polymer,,
4B12,diffdock,scored,0.94166,gnina v1.3.3 master:6fe1ce2   Built Jun 30 2026.,static_crystal_polymer,,
4AZC,equibind,scored,0.00607,gnina v1.3.3 master:6fe1ce2   Built Jun 30 2026.,static_crystal_polymer,,
4AZC,diffdock,scored,0.92322,gnina v1.3.3 master:6fe1ce2   Built Jun 30 2026.,static_crystal_polymer,,
4B5S,equibind,scored,0.75156,gnina v1.3.3 master:6fe1ce2   Built Jun 30 2026.,static_crystal_polymer,,
4B5S,diffdock,scored,0.93441,gnina v1.3.3 master:6fe1ce2   Built Jun 30 2026.,static_crystal_polymer,,
4B6O,equibind,scored,0.00788,gnina v1.3.3 master:6fe1ce2   Built Jun 30 2026.,static_crystal_polymer,,
4B6O,diffdock,scored,0.90393,gnina v1.3.3 master:6fe1ce2   Built Jun 30 2026.,static_crystal_polymer,,
4B5T,equibind,scored,0.72141,gnina v1.3.3 master:6fe1ce2   Built Jun 30 2026.,static_crystal_polymer,,
4B5T,diffdock,scored,0.86876,gnina v1.3.3 master:6fe1ce2   Built Jun 30 2026.,static_crystal_polymer,,
4B6P,equibind,scored,0.00206,gnina v1.3.3 master:6fe1ce2   Built Jun 30 2026.,static_crystal_polymer,,
4B6P,diffdock,scored,0.51909,gnina v1.3.3 master:6fe1ce2   Built Jun 30 2026.,static_crystal_polymer,,
4B11,equibind,scored,3e-05,gnina v1.3.3 master:6fe1ce2   Built Jun 30 2026.,static_crystal_polymer,,
4B11,diffdock,scored,0.65827,gnina v1.3.3 master:6fe1ce2   Built Jun 30 2026.,static_crystal_polymer,,
4AQ6,equibind,scored,0.70957,gnina v1.3.3 master:6fe1ce2   Built Jun 30 2026.,static_crystal_polymer,,
4B3U,equibind,scored,3e-05,gnina v1.3.3 master:6fe1ce2   Built Jun 30 2026.,static_crystal_polymer,,
4B3U,diffdock,scored,0.38463,gnina v1.3.3 master:6fe1ce2   Built Jun 30 2026.,static_crystal_polymer,,
4B6U,equibind,scored,0.00031,gnina v1.3.3 master:6fe1ce2   Built Jun 30 2026.,static_crystal_polymer,,
4B6U,diffdock,scored,0.05215,gnina v1.3.3 master:6fe1ce2   Built Jun 30 2026.,static_crystal_polymer,,
4B4G,equibind,scored,0.00096,gnina v1.3.3 master:6fe1ce2   Built Jun 30 2026.,static_crystal_polymer,,
4B4G,diffdock,scored,0.2703,gnina v1.3.3 master:6fe1ce2   Built Jun 30 2026.,static_crystal_polymer,,
4B6R,equibind,scored,0.00336,gnina v1.3.3 master:6fe1ce2   Built Jun 30 2026.,static_crystal_polymer,,
4B6R,diffdock,scored,0.97332,gnina v1.3.3 master:6fe1ce2   Built Jun 30 2026.,static_crystal_polymer,,
4B6E,equibind,scored,0.62801,gnina v1.3.3 master:6fe1ce2   Built Jun 30 2026.,static_crystal_polymer,,
4B6E,diffdock,scored,0.42417,gnina v1.3.3 master:6fe1ce2   Built Jun 30 2026.,static_crystal_polymer,,
4B77,equibind,scored,0.57854,gnina v1.3.3 master:6fe1ce2   Built Jun 30 2026.,static_crystal_polymer,,
4B77,diffdock,scored,0.75234,gnina v1.3.3 master:6fe1ce2   Built Jun 30 2026.,static_crystal_polymer,,
4B6S,equibind,scored,0.00181,gnina v1.3.3 master:6fe1ce2   Built Jun 30 2026.,static_crystal_polymer,,
4B6S,diffdock,scored,0.38288,gnina v1.3.3 master:6fe1ce2   Built Jun 30 2026.,static_crystal_polymer,,
4B5D,equibind,scored,0.18835,gnina v1.3.3 master:6fe1ce2   Built Jun 30 2026.,static_crystal_polymer,,
4B5D,diffdock,scored,0.92063,gnina v1.3.3 master:6fe1ce2   Built Jun 30 2026.,static_crystal_polymer,,
4B7J,equibind,scored,0.04246,gnina v1.3.3 master:6fe1ce2   Built Jun 30 2026.,static_crystal_polymer,,
4B7J,diffdock,scored,0.90922,gnina v1.3.3 master:6fe1ce2   Built Jun 30 2026.,static_crystal_polymer,,
4B2D,equibind,scored,0.02392,gnina v1.3.3 master:6fe1ce2   Built Jun 30 2026.,static_crystal_polymer,,
4B2D,diffdock,scored,0.58332,gnina v1.3.3 master:6fe1ce2   Built Jun 30 2026.,static_crystal_polymer,,
4B71,equibind,scored,0.53381,gnina v1.3.3 master:6fe1ce2   Built Jun 30 2026.,static_crystal_polymer,,
4B71,diffdock,scored,0.53504,gnina v1.3.3 master:6fe1ce2   Built Jun 30 2026.,static_crystal_polymer,,
4B73,equibind,scored,0.38073,gnina v1.3.3 master:6fe1ce2   Built Jun 30 2026.,static_crystal_polymer,,
4B73,diffdock,scored,0.69666,gnina v1.3.3 master:6fe1ce2   Built Jun 30 2026.,static_crystal_polymer,,
4B74,equibind,scored,0.36836,gnina v1.3.3 master:6fe1ce2   Built Jun 30 2026.,static_crystal_polymer,,
4B74,diffdock,scored,0.2432,gnina v1.3.3 master:6fe1ce2   Built Jun 30 2026.,static_crystal_polymer,,
4B76,equibind,scored,0.70315,gnina v1.3.3 master:6fe1ce2   Built Jun 30 2026.,static_crystal_polymer,,
4B76,diffdock,scored,0.72636,gnina v1.3.3 master:6fe1ce2   Built Jun 30 2026.,static_crystal_polymer,,
4B81,equibind,scored,0.00514,gnina v1.3.3 master:6fe1ce2   Built Jun 30 2026.,static_crystal_polymer,,
4B81,diffdock,scored,0.83485,gnina v1.3.3 master:6fe1ce2   Built Jun 30 2026.,static_crystal_polymer,,
4B80,equibind,scored,0.00018,gnina v1.3.3 master:6fe1ce2   Built Jun 30 2026.,static_crystal_polymer,,
4B80,diffdock,scored,0.92335,gnina v1.3.3 master:6fe1ce2   Built Jun 30 2026.,static_crystal_polymer,,
4B7Z,equibind,scored,0.01006,gnina v1.3.3 master:6fe1ce2   Built Jun 30 2026.,static_crystal_polymer,,
4B7Z,diffdock,scored,0.86869,gnina v1.3.3 master:6fe1ce2   Built Jun 30 2026.,static_crystal_polymer,,
4B5W,equibind,scored,0.8746,gnina v1.3.3 master:6fe1ce2   Built Jun 30 2026.,static_crystal_polymer,,
4B5W,diffdock,scored,0.71453,gnina v1.3.3 master:6fe1ce2   Built Jun 30 2026.,static_crystal_polymer,,
4B82,equibind,scored,0.00014,gnina v1.3.3 master:6fe1ce2   Built Jun 30 2026.,static_crystal_polymer,,
4B82,diffdock,scored,0.86321,gnina v1.3.3 master:6fe1ce2   Built Jun 30 2026.,static_crystal_polymer,,
4B9K,diffdock,scored,0.17213,gnina v1.3.3 master:6fe1ce2   Built Jun 30 2026.,static_crystal_polymer,,
4B83,equibind,scored,0.02411,gnina v1.3.3 master:6fe1ce2   Built Jun 30 2026.,static_crystal_polymer,,
4B83,diffdock,scored,0.83708,gnina v1.3.3 master:6fe1ce2   Built Jun 30 2026.,static_crystal_polymer,,
4BB2,equibind,scored,0.0185,gnina v1.3.3 master:6fe1ce2   Built Jun 30 2026.,static_crystal_polymer,,
4BB2,diffdock,scored,0.43752,gnina v1.3.3 master:6fe1ce2   Built Jun 30 2026.,static_crystal_polymer,,
4BBG,equibind,scored,0.00712,gnina v1.3.3 master:6fe1ce2   Built Jun 30 2026.,static_crystal_polymer,,
4BBG,diffdock,scored,0.8604,gnina v1.3.3 master:6fe1ce2   Built Jun 30 2026.,static_crystal_polymer,,
4B7R,equibind,scored,4e-05,gnina v1.3.3 master:6fe1ce2   Built Jun 30 2026.,static_crystal_polymer,,
4B7R,diffdock,scored,0.93826,gnina v1.3.3 master:6fe1ce2   Built Jun 30 2026.,static_crystal_polymer,,
4BB9,equibind,scored,0.00634,gnina v1.3.3 master:6fe1ce2   Built Jun 30 2026.,static_crystal_polymer,,
4BB9,diffdock,scored,0.48254,gnina v1.3.3 master:6fe1ce2   Built Jun 30 2026.,static_crystal_polymer,,
4BCB,equibind,scored,0.01142,gnina v1.3.3 master:6fe1ce2   Built Jun 30 2026.,static_crystal_polymer,,
4BCB,diffdock,scored,0.45708,gnina v1.3.3 master:6fe1ce2   Built Jun 30 2026.,static_crystal_polymer,,
4BAE,equibind,scored,1e-05,gnina v1.3.3 master:6fe1ce2   Built Jun 30 2026.,static_crystal_polymer,,
4BAE,diffdock,scored,0.84486,gnina v1.3.3 master:6fe1ce2   Built Jun 30 2026.,static_crystal_polymer,,
4B84,equibind,scored,0.00102,gnina v1.3.3 master:6fe1ce2   Built Jun 30 2026.,static_crystal_polymer,,
4B84,diffdock,scored,0.74201,gnina v1.3.3 master:6fe1ce2   Built Jun 30 2026.,static_crystal_polymer,,
4BCF,equibind,scored,0.34679,gnina v1.3.3 master:6fe1ce2   Built Jun 30 2026.,static_crystal_polymer,,
4BCF,diffdock,scored,0.70609,gnina v1.3.3 master:6fe1ce2   Built Jun 30 2026.,static_crystal_polymer,,
4BCG,equibind,scored,0.63111,gnina v1.3.3 master:6fe1ce2   Built Jun 30 2026.,static_crystal_polymer,,
4BCG,diffdock,scored,0.79267,gnina v1.3.3 master:6fe1ce2   Built Jun 30 2026.,static_crystal_polymer,,
4BCD,equibind,scored,0.00855,gnina v1.3.3 master:6fe1ce2   Built Jun 30 2026.,static_crystal_polymer,,
4BCD,diffdock,scored,0.07617,gnina v1.3.3 master:6fe1ce2   Built Jun 30 2026.,static_crystal_polymer,,
4BCC,equibind,scored,0.15043,gnina v1.3.3 master:6fe1ce2   Built Jun 30 2026.,static_crystal_polymer,,
4BCC,diffdock,scored,0.33586,gnina v1.3.3 master:6fe1ce2   Built Jun 30 2026.,static_crystal_polymer,,
4BCH,equibind,scored,0.54983,gnina v1.3.3 master:6fe1ce2   Built Jun 30 2026.,static_crystal_polymer,,
4BCH,diffdock,scored,0.60331,gnina v1.3.3 master:6fe1ce2   Built Jun 30 2026.,static_crystal_polymer,,
4BCI,equibind,scored,0.6277,gnina v1.3.3 master:6fe1ce2   Built Jun 30 2026.,static_crystal_polymer,,
4BCI,diffdock,scored,0.25362,gnina v1.3.3 master:6fe1ce2   Built Jun 30 2026.,static_crystal_polymer,,
4BCS,equibind,scored,0.00019,gnina v1.3.3 master:6fe1ce2   Built Jun 30 2026.,static_crystal_polymer,,
4BCS,diffdock,scored,0.97606,gnina v1.3.3 master:6fe1ce2   Built Jun 30 2026.,static_crystal_polymer,,
4B0J,equibind,scored,0.00032,gnina v1.3.3 master:6fe1ce2   Built Jun 30 2026.,static_crystal_polymer,,
4BCJ,equibind,scored,0.13571,gnina v1.3.3 master:6fe1ce2   Built Jun 30 2026.,static_crystal_polymer,,
4BCJ,diffdock,scored,0.05937,gnina v1.3.3 master:6fe1ce2   Built Jun 30 2026.,static_crystal_polymer,,
4BCW,equibind,scored,0.46018,gnina v1.3.3 master:6fe1ce2   Built Jun 30 2026.,static_crystal_polymer,,
4BCW,diffdock,scored,0.63073,gnina v1.3.3 master:6fe1ce2   Built Jun 30 2026.,static_crystal_polymer,,
4BDA,equibind,scored,0.78159,gnina v1.3.3 master:6fe1ce2   Built Jun 30 2026.,static_crystal_polymer,,
4BDA,diffdock,scored,0.93435,gnina v1.3.3 master:6fe1ce2   Built Jun 30 2026.,static_crystal_polymer,,
4BDD,equibind,scored,0.50452,gnina v1.3.3 master:6fe1ce2   Built Jun 30 2026.,static_crystal_polymer,,
4BDD,diffdock,scored,0.64278,gnina v1.3.3 master:6fe1ce2   Built Jun 30 2026.,static_crystal_polymer,,
4BDC,equibind,scored,0.75109,gnina v1.3.3 master:6fe1ce2   Built Jun 30 2026.,static_crystal_polymer,,
4BDC,diffdock,scored,0.51106,gnina v1.3.3 master:6fe1ce2   Built Jun 30 2026.,static_crystal_polymer,,
4BC5,equibind,scored,0.76876,gnina v1.3.3 master:6fe1ce2   Built Jun 30 2026.,static_crystal_polymer,,
4BC5,diffdock,scored,0.92174,gnina v1.3.3 master:6fe1ce2   Built Jun 30 2026.,static_crystal_polymer,,
4BDE,equibind,scored,0.7877,gnina v1.3.3 master:6fe1ce2   Built Jun 30 2026.,static_crystal_polymer,,
4BDE,diffdock,scored,0.74163,gnina v1.3.3 master:6fe1ce2   Built Jun 30 2026.,static_crystal_polymer,,
4BDF,equibind,scored,0.11047,gnina v1.3.3 master:6fe1ce2   Built Jun 30 2026.,static_crystal_polymer,,
4BDF,diffdock,scored,0.79474,gnina v1.3.3 master:6fe1ce2   Built Jun 30 2026.,static_crystal_polymer,,
4BDG,equibind,scored,0.25616,gnina v1.3.3 master:6fe1ce2   Built Jun 30 2026.,static_crystal_polymer,,
4BDG,diffdock,scored,0.84329,gnina v1.3.3 master:6fe1ce2   Built Jun 30 2026.,static_crystal_polymer,,
4BCK,equibind,scored,0.00301,gnina v1.3.3 master:6fe1ce2   Built Jun 30 2026.,static_crystal_polymer,,
4BCK,diffdock,scored,0.91769,gnina v1.3.3 master:6fe1ce2   Built Jun 30 2026.,static_crystal_polymer,,
4BCM,equibind,scored,0.00657,gnina v1.3.3 master:6fe1ce2   Built Jun 30 2026.,static_crystal_polymer,,
4BCM,diffdock,scored,0.16541,gnina v1.3.3 master:6fe1ce2   Built Jun 30 2026.,static_crystal_polymer,,
4BCN,equibind,scored,0.00898,gnina v1.3.3 master:6fe1ce2   Built Jun 30 2026.,static_crystal_polymer,,
4BCN,diffdock,scored,0.89596,gnina v1.3.3 master:6fe1ce2   Built Jun 30 2026.,static_crystal_polymer,,
4BDH,equibind,scored,0.77342,gnina v1.3.3 master:6fe1ce2   Built Jun 30 2026.,static_crystal_polymer,,
4BDH,diffdock,scored,0.42766,gnina v1.3.3 master:6fe1ce2   Built Jun 30 2026.,static_crystal_polymer,,
4BDI,equibind,scored,0.37011,gnina v1.3.3 master:6fe1ce2   Built Jun 30 2026.,static_crystal_polymer,,
4BDI,diffdock,scored,0.71132,gnina v1.3.3 master:6fe1ce2   Built Jun 30 2026.,static_crystal_polymer,,
4BF1,equibind,scored,0.34138,gnina v1.3.3 master:6fe1ce2   Built Jun 30 2026.,static_crystal_polymer,,
4BF1,diffdock,scored,0.71586,gnina v1.3.3 master:6fe1ce2   Built Jun 30 2026.,static_crystal_polymer,,
4BCQ,equibind,scored,0.00336,gnina v1.3.3 master:6fe1ce2   Built Jun 30 2026.,static_crystal_polymer,,
4BCQ,diffdock,scored,0.52669,gnina v1.3.3 master:6fe1ce2   Built Jun 30 2026.,static_crystal_polymer,,
4BF6,equibind,scored,0.30271,gnina v1.3.3 master:6fe1ce2   Built Jun 30 2026.,static_crystal_polymer,,
4BF6,diffdock,scored,0.81195,gnina v1.3.3 master:6fe1ce2   Built Jun 30 2026.,static_crystal_polymer,,
4BCP,equibind,scored,5e-05,gnina v1.3.3 master:6fe1ce2   Built Jun 30 2026.,static_crystal_polymer,,
4BCP,diffdock,scored,0.66116,gnina v1.3.3 master:6fe1ce2   Built Jun 30 2026.,static_crystal_polymer,,
4BEK,equibind,scored,0.54348,gnina v1.3.3 master:6fe1ce2   Built Jun 30 2026.,static_crystal_polymer,,
4BEK,diffdock,scored,0.40298,gnina v1.3.3 master:6fe1ce2   Built Jun 30 2026.,static_crystal_polymer,,
4BDS,equibind,scored,0.36852,gnina v1.3.3 master:6fe1ce2   Built Jun 30 2026.,static_crystal_polymer,,
4BDS,diffdock,scored,0.92093,gnina v1.3.3 master:6fe1ce2   Built Jun 30 2026.,static_crystal_polymer,,
4BFD,equibind,scored,0.00045,gnina v1.3.3 master:6fe1ce2   Built Jun 30 2026.,static_crystal_polymer,,
4BFD,diffdock,scored,0.87094,gnina v1.3.3 master:6fe1ce2   Built Jun 30 2026.,static_crystal_polymer,,
4BG1,equibind,scored,0.00457,gnina v1.3.3 master:6fe1ce2   Built Jun 30 2026.,static_crystal_polymer,,
4BG1,diffdock,scored,0.54741,gnina v1.3.3 master:6fe1ce2   Built Jun 30 2026.,static_crystal_polymer,,
4BGM,equibind,scored,4e-05,gnina v1.3.3 master:6fe1ce2   Built Jun 30 2026.,static_crystal_polymer,,
4BGM,diffdock,scored,0.56872,gnina v1.3.3 master:6fe1ce2   Built Jun 30 2026.,static_crystal_polymer,,
4BDT,equibind,scored,0.34562,gnina v1.3.3 master:6fe1ce2   Built Jun 30 2026.,static_crystal_polymer,,
4BDT,diffdock,scored,0.88851,gnina v1.3.3 master:6fe1ce2   Built Jun 30 2026.,static_crystal_polymer,,
4BHZ,equibind,scored,0.51293,gnina v1.3.3 master:6fe1ce2   Built Jun 30 2026.,static_crystal_polymer,,
4BHZ,diffdock,scored,0.8736,gnina v1.3.3 master:6fe1ce2   Built Jun 30 2026.,static_crystal_polymer,,
4BHF,equibind,scored,0.00017,gnina v1.3.3 master:6fe1ce2   Built Jun 30 2026.,static_crystal_polymer,,
4BHF,diffdock,scored,0.54033,gnina v1.3.3 master:6fe1ce2   Built Jun 30 2026.,static_crystal_polymer,,
4BI1,equibind,scored,0.63128,gnina v1.3.3 master:6fe1ce2   Built Jun 30 2026.,static_crystal_polymer,,
4BI1,diffdock,scored,0.85359,gnina v1.3.3 master:6fe1ce2   Built Jun 30 2026.,static_crystal_polymer,,
4BI2,equibind,scored,0.25593,gnina v1.3.3 master:6fe1ce2   Built Jun 30 2026.,static_crystal_polymer,,
4BI2,diffdock,scored,0.72829,gnina v1.3.3 master:6fe1ce2   Built Jun 30 2026.,static_crystal_polymer,,
4BHI,equibind,scored,0.00029,gnina v1.3.3 master:6fe1ce2   Built Jun 30 2026.,static_crystal_polymer,,
4BHI,diffdock,scored,0.24707,gnina v1.3.3 master:6fe1ce2   Built Jun 30 2026.,static_crystal_polymer,,
4BI6,equibind,scored,0.31097,gnina v1.3.3 master:6fe1ce2   Built Jun 30 2026.,static_crystal_polymer,,
4BI6,diffdock,scored,0.97409,gnina v1.3.3 master:6fe1ce2   Built Jun 30 2026.,static_crystal_polymer,,
4BI7,equibind,scored,0.6997,gnina v1.3.3 master:6fe1ce2   Built Jun 30 2026.,static_crystal_polymer,,
4BI7,diffdock,scored,0.8876,gnina v1.3.3 master:6fe1ce2   Built Jun 30 2026.,static_crystal_polymer,,
4BKT,diffdock,scored,0.88333,gnina v1.3.3 master:6fe1ce2   Built Jun 30 2026.,static_crystal_polymer,,
4BJX,equibind,scored,0.00094,gnina v1.3.3 master:6fe1ce2   Built Jun 30 2026.,static_crystal_polymer,,
4BJX,diffdock,scored,0.55325,gnina v1.3.3 master:6fe1ce2   Built Jun 30 2026.,static_crystal_polymer,,
4BIC,equibind,scored,0.00814,gnina v1.3.3 master:6fe1ce2   Built Jun 30 2026.,static_crystal_polymer,,
4BIC,diffdock,scored,0.88603,gnina v1.3.3 master:6fe1ce2   Built Jun 30 2026.,static_crystal_polymer,,
4BIB,equibind,scored,0.00486,gnina v1.3.3 master:6fe1ce2   Built Jun 30 2026.,static_crystal_polymer,,
4BIB,diffdock,scored,0.93361,gnina v1.3.3 master:6fe1ce2   Built Jun 30 2026.,static_crystal_polymer,,
4BJ9,equibind,scored,0.00049,gnina v1.3.3 master:6fe1ce2   Built Jun 30 2026.,static_crystal_polymer,,
4BJ9,diffdock,scored,0.24885,gnina v1.3.3 master:6fe1ce2   Built Jun 30 2026.,static_crystal_polymer,,
4BQG,equibind,scored,0.0464,gnina v1.3.3 master:6fe1ce2   Built Jun 30 2026.,static_crystal_polymer,,
4BQG,diffdock,scored,0.6918,gnina v1.3.3 master:6fe1ce2   Built Jun 30 2026.,static_crystal_polymer,,
4BGG,equibind,scored,0.00018,gnina v1.3.3 master:6fe1ce2   Built Jun 30 2026.,static_crystal_polymer,,
4BGG,diffdock,scored,0.29746,gnina v1.3.3 master:6fe1ce2   Built Jun 30 2026.,static_crystal_polymer,,
4BFR,equibind,scored,4e-05,gnina v1.3.3 master:6fe1ce2   Built Jun 30 2026.,static_crystal_polymer,,
4BFR,diffdock,scored,0.72788,gnina v1.3.3 master:6fe1ce2   Built Jun 30 2026.,static_crystal_polymer,,
4BQH,equibind,scored,0.00919,gnina v1.3.3 master:6fe1ce2   Built Jun 30 2026.,static_crystal_polymer,,
4BQH,diffdock,scored,0.73816,gnina v1.3.3 master:6fe1ce2   Built Jun 30 2026.,static_crystal_polymer,,
4BQY,equibind,scored,0.02509,gnina v1.3.3 master:6fe1ce2   Built Jun 30 2026.,static_crystal_polymer,,
4BQY,diffdock,scored,0.93472,gnina v1.3.3 master:6fe1ce2   Built Jun 30 2026.,static_crystal_polymer,,
4BNZ,equibind,scored,0.02137,gnina v1.3.3 master:6fe1ce2   Built Jun 30 2026.,static_crystal_polymer,,
4BNZ,diffdock,scored,0.74756,gnina v1.3.3 master:6fe1ce2   Built Jun 30 2026.,static_crystal_polymer,,
4BO4,equibind,scored,0.00574,gnina v1.3.3 master:6fe1ce2   Built Jun 30 2026.,static_crystal_polymer,,
4BO4,diffdock,scored,0.4164,gnina v1.3.3 master:6fe1ce2   Built Jun 30 2026.,static_crystal_polymer,,
4BNT,equibind,scored,0.16968,gnina v1.3.3 master:6fe1ce2   Built Jun 30 2026.,static_crystal_polymer,,
4BNT,diffdock,scored,0.62589,gnina v1.3.3 master:6fe1ce2   Built Jun 30 2026.,static_crystal_polymer,,
4BS5,equibind,scored,0.14389,gnina v1.3.3 master:6fe1ce2   Built Jun 30 2026.,static_crystal_polymer,,
4BS5,diffdock,scored,0.59771,gnina v1.3.3 master:6fe1ce2   Built Jun 30 2026.,static_crystal_polymer,,
4BO3,equibind,scored,0.06439,gnina v1.3.3 master:6fe1ce2   Built Jun 30 2026.,static_crystal_polymer,,
4BO3,diffdock,scored,0.95057,gnina v1.3.3 master:6fe1ce2   Built Jun 30 2026.,static_crystal_polymer,,
4BS4,equibind,scored,0.00066,gnina v1.3.3 master:6fe1ce2   Built Jun 30 2026.,static_crystal_polymer,,
4BS4,diffdock,scored,0.88346,gnina v1.3.3 master:6fe1ce2   Built Jun 30 2026.,static_crystal_polymer,,
4BSQ,equibind,scored,0.23638,gnina v1.3.3 master:6fe1ce2   Built Jun 30 2026.,static_crystal_polymer,,
4BSQ,diffdock,scored,0.67208,gnina v1.3.3 master:6fe1ce2   Built Jun 30 2026.,static_crystal_polymer,,
4BT3,equibind,scored,0.08378,gnina v1.3.3 master:6fe1ce2   Built Jun 30 2026.,static_crystal_polymer,,
4BT3,diffdock,scored,0.74075,gnina v1.3.3 master:6fe1ce2   Built Jun 30 2026.,static_crystal_polymer,,
4BO5,equibind,scored,0.15624,gnina v1.3.3 master:6fe1ce2   Built Jun 30 2026.,static_crystal_polymer,,
4BO5,diffdock,scored,0.51207,gnina v1.3.3 master:6fe1ce2   Built Jun 30 2026.,static_crystal_polymer,,
4BTK,equibind,scored,0.44749,gnina v1.3.3 master:6fe1ce2   Built Jun 30 2026.,static_crystal_polymer,,
4BTK,diffdock,scored,0.85361,gnina v1.3.3 master:6fe1ce2   Built Jun 30 2026.,static_crystal_polymer,,
4BT4,equibind,scored,0.7406,gnina v1.3.3 master:6fe1ce2   Built Jun 30 2026.,static_crystal_polymer,,
4BT4,diffdock,scored,0.67686,gnina v1.3.3 master:6fe1ce2   Built Jun 30 2026.,static_crystal_polymer,,
4BUQ,equibind,scored,4e-05,gnina v1.3.3 master:6fe1ce2   Built Jun 30 2026.,static_crystal_polymer,,
4BUQ,diffdock,scored,0.88653,gnina v1.3.3 master:6fe1ce2   Built Jun 30 2026.,static_crystal_polymer,,
4BT5,equibind,scored,0.10399,gnina v1.3.3 master:6fe1ce2   Built Jun 30 2026.,static_crystal_polymer,,
4BT5,diffdock,scored,0.49429,gnina v1.3.3 master:6fe1ce2   Built Jun 30 2026.,static_crystal_polymer,,
4BTM,equibind,scored,2e-05,gnina v1.3.3 master:6fe1ce2   Built Jun 30 2026.,static_crystal_polymer,,
4BTM,diffdock,scored,0.25972,gnina v1.3.3 master:6fe1ce2   Built Jun 30 2026.,static_crystal_polymer,,
4BO9,equibind,scored,0.01829,gnina v1.3.3 master:6fe1ce2   Built Jun 30 2026.,static_crystal_polymer,,
4BO9,diffdock,scored,0.27587,gnina v1.3.3 master:6fe1ce2   Built Jun 30 2026.,static_crystal_polymer,,
4BTI,equibind,scored,0.00455,gnina v1.3.3 master:6fe1ce2   Built Jun 30 2026.,static_crystal_polymer,,
4BTI,diffdock,scored,0.46367,gnina v1.3.3 master:6fe1ce2   Built Jun 30 2026.,static_crystal_polymer,,
4BTT,equibind,scored,0.00286,gnina v1.3.3 master:6fe1ce2   Built Jun 30 2026.,static_crystal_polymer,,
4BTT,diffdock,scored,0.22483,gnina v1.3.3 master:6fe1ce2   Built Jun 30 2026.,static_crystal_polymer,,
4BTU,equibind,scored,0.02429,gnina v1.3.3 master:6fe1ce2   Built Jun 30 2026.,static_crystal_polymer,,
4BTU,diffdock,scored,0.22765,gnina v1.3.3 master:6fe1ce2   Built Jun 30 2026.,static_crystal_polymer,,
4BW1,equibind,scored,0.41526,gnina v1.3.3 master:6fe1ce2   Built Jun 30 2026.,static_crystal_polymer,,
4BW1,diffdock,scored,0.39382,gnina v1.3.3 master:6fe1ce2   Built Jun 30 2026.,static_crystal_polymer,,
4BVB,equibind,scored,0.65366,gnina v1.3.3 master:6fe1ce2   Built Jun 30 2026.,static_crystal_polymer,,
4BVB,diffdock,scored,0.85852,gnina v1.3.3 master:6fe1ce2   Built Jun 30 2026.,static_crystal_polymer,,
4BW2,equibind,scored,0.16437,gnina v1.3.3 master:6fe1ce2   Built Jun 30 2026.,static_crystal_polymer,,
4BW2,diffdock,scored,0.7582,gnina v1.3.3 master:6fe1ce2   Built Jun 30 2026.,static_crystal_polymer,,
4BW3,equibind,scored,0.4911,gnina v1.3.3 master:6fe1ce2   Built Jun 30 2026.,static_crystal_polymer,,
4BW3,diffdock,scored,0.93756,gnina v1.3.3 master:6fe1ce2   Built Jun 30 2026.,static_crystal_polymer,,
4BW4,equibind,scored,0.02166,gnina v1.3.3 master:6fe1ce2   Built Jun 30 2026.,static_crystal_polymer,,
4BW4,diffdock,scored,0.98193,gnina v1.3.3 master:6fe1ce2   Built Jun 30 2026.,static_crystal_polymer,,
4BYI,equibind,scored,0.13304,gnina v1.3.3 master:6fe1ce2   Built Jun 30 2026.,static_crystal_polymer,,
4BYI,diffdock,scored,0.87754,gnina v1.3.3 master:6fe1ce2   Built Jun 30 2026.,static_crystal_polymer,,
4BQT,equibind,scored,0.698,gnina v1.3.3 master:6fe1ce2   Built Jun 30 2026.,static_crystal_polymer,,
4BQT,diffdock,scored,0.33492,gnina v1.3.3 master:6fe1ce2   Built Jun 30 2026.,static_crystal_polymer,,
4BYJ,equibind,scored,0.22575,gnina v1.3.3 master:6fe1ce2   Built Jun 30 2026.,static_crystal_polymer,,
4BYJ,diffdock,scored,0.98205,gnina v1.3.3 master:6fe1ce2   Built Jun 30 2026.,static_crystal_polymer,,
4BZN,equibind,scored,0.63536,gnina v1.3.3 master:6fe1ce2   Built Jun 30 2026.,static_crystal_polymer,,
4BZN,diffdock,scored,0.59565,gnina v1.3.3 master:6fe1ce2   Built Jun 30 2026.,static_crystal_polymer,,
4BZO,equibind,scored,0.38348,gnina v1.3.3 master:6fe1ce2   Built Jun 30 2026.,static_crystal_polymer,,
4BZO,diffdock,scored,0.40046,gnina v1.3.3 master:6fe1ce2   Built Jun 30 2026.,static_crystal_polymer,,
4BXN,equibind,scored,8e-05,gnina v1.3.3 master:6fe1ce2   Built Jun 30 2026.,static_crystal_polymer,,
4BXN,diffdock,scored,0.5123,gnina v1.3.3 master:6fe1ce2   Built Jun 30 2026.,static_crystal_polymer,,
4C1D,equibind,scored,0.11287,gnina v1.3.3 master:6fe1ce2   Built Jun 30 2026.,static_crystal_polymer,,
4C1D,diffdock,scored,0.90427,gnina v1.3.3 master:6fe1ce2   Built Jun 30 2026.,static_crystal_polymer,,
4C1F,equibind,scored,0.0408,gnina v1.3.3 master:6fe1ce2   Built Jun 30 2026.,static_crystal_polymer,,
4C1F,diffdock,scored,0.38753,gnina v1.3.3 master:6fe1ce2   Built Jun 30 2026.,static_crystal_polymer,,
4C1G,equibind,scored,0.06408,gnina v1.3.3 master:6fe1ce2   Built Jun 30 2026.,static_crystal_polymer,,
4C1G,diffdock,scored,0.71518,gnina v1.3.3 master:6fe1ce2   Built Jun 30 2026.,static_crystal_polymer,,
4C1E,equibind,scored,0.00218,gnina v1.3.3 master:6fe1ce2   Built Jun 30 2026.,static_crystal_polymer,,
4C1E,diffdock,scored,0.88558,gnina v1.3.3 master:6fe1ce2   Built Jun 30 2026.,static_crystal_polymer,,
4BTW,equibind,scored,5e-05,gnina v1.3.3 master:6fe1ce2   Built Jun 30 2026.,static_crystal_polymer,,
4BTW,diffdock,scored,0.67026,gnina v1.3.3 master:6fe1ce2   Built Jun 30 2026.,static_crystal_polymer,,
4C0R,equibind,scored,0.00446,gnina v1.3.3 master:6fe1ce2   Built Jun 30 2026.,static_crystal_polymer,,
4C0R,diffdock,scored,0.35307,gnina v1.3.3 master:6fe1ce2   Built Jun 30 2026.,static_crystal_polymer,,
4C1H,equibind,scored,0.33632,gnina v1.3.3 master:6fe1ce2   Built Jun 30 2026.,static_crystal_polymer,,
4C1H,diffdock,scored,0.74431,gnina v1.3.3 master:6fe1ce2   Built Jun 30 2026.,static_crystal_polymer,,
4C4F,equibind,scored,0.61503,gnina v1.3.3 master:6fe1ce2   Built Jun 30 2026.,static_crystal_polymer,,
4C4F,diffdock,scored,0.69129,gnina v1.3.3 master:6fe1ce2   Built Jun 30 2026.,static_crystal_polymer,,
4C37,equibind,scored,0.26007,gnina v1.3.3 master:6fe1ce2   Built Jun 30 2026.,static_crystal_polymer,,
4C37,diffdock,scored,0.41978,gnina v1.3.3 master:6fe1ce2   Built Jun 30 2026.,static_crystal_polymer,,
4C36,equibind,scored,0.61137,gnina v1.3.3 master:6fe1ce2   Built Jun 30 2026.,static_crystal_polymer,,
4C36,diffdock,scored,0.94684,gnina v1.3.3 master:6fe1ce2   Built Jun 30 2026.,static_crystal_polymer,,
4C38,equibind,scored,0.52558,gnina v1.3.3 master:6fe1ce2   Built Jun 30 2026.,static_crystal_polymer,,
4C38,diffdock,scored,0.92699,gnina v1.3.3 master:6fe1ce2   Built Jun 30 2026.,static_crystal_polymer,,
4C4G,equibind,scored,0.2161,gnina v1.3.3 master:6fe1ce2   Built Jun 30 2026.,static_crystal_polymer,,
4C4G,diffdock,scored,0.98761,gnina v1.3.3 master:6fe1ce2   Built Jun 30 2026.,static_crystal_polymer,,
4C66,equibind,scored,0.26079,gnina v1.3.3 master:6fe1ce2   Built Jun 30 2026.,static_crystal_polymer,,
4C66,diffdock,scored,0.19284,gnina v1.3.3 master:6fe1ce2   Built Jun 30 2026.,static_crystal_polymer,,
4C5W,equibind,scored,0.00598,gnina v1.3.3 master:6fe1ce2   Built Jun 30 2026.,static_crystal_polymer,,
4C5W,diffdock,scored,0.92704,gnina v1.3.3 master:6fe1ce2   Built Jun 30 2026.,static_crystal_polymer,,
4C6U,equibind,scored,0.0008,gnina v1.3.3 master:6fe1ce2   Built Jun 30 2026.,static_crystal_polymer,,
4C6U,diffdock,scored,0.66299,gnina v1.3.3 master:6fe1ce2   Built Jun 30 2026.,static_crystal_polymer,,
4C6V,equibind,scored,0.00388,gnina v1.3.3 master:6fe1ce2   Built Jun 30 2026.,static_crystal_polymer,,
4C6V,diffdock,scored,0.78317,gnina v1.3.3 master:6fe1ce2   Built Jun 30 2026.,static_crystal_polymer,,
4C6X,equibind,scored,0.21489,gnina v1.3.3 master:6fe1ce2   Built Jun 30 2026.,static_crystal_polymer,,
4C6X,diffdock,scored,0.91438,gnina v1.3.3 master:6fe1ce2   Built Jun 30 2026.,static_crystal_polymer,,
4C6Z,equibind,scored,0.04334,gnina v1.3.3 master:6fe1ce2   Built Jun 30 2026.,static_crystal_polymer,,
4C6Z,diffdock,scored,0.94049,gnina v1.3.3 master:6fe1ce2   Built Jun 30 2026.,static_crystal_polymer,,
4C70,equibind,scored,0.06743,gnina v1.3.3 master:6fe1ce2   Built Jun 30 2026.,static_crystal_polymer,,
4C70,diffdock,scored,0.93992,gnina v1.3.3 master:6fe1ce2   Built Jun 30 2026.,static_crystal_polymer,,
4C9X,equibind,scored,0.01911,gnina v1.3.3 master:6fe1ce2   Built Jun 30 2026.,static_crystal_polymer,,
4C9X,diffdock,scored,0.75631,gnina v1.3.3 master:6fe1ce2   Built Jun 30 2026.,static_crystal_polymer,,
4CA4,equibind,scored,0.07235,gnina v1.3.3 master:6fe1ce2   Built Jun 30 2026.,static_crystal_polymer,,
4CA4,diffdock,scored,0.72707,gnina v1.3.3 master:6fe1ce2   Built Jun 30 2026.,static_crystal_polymer,,
4C72,equibind,scored,0.01289,gnina v1.3.3 master:6fe1ce2   Built Jun 30 2026.,static_crystal_polymer,,
4C72,diffdock,scored,0.93989,gnina v1.3.3 master:6fe1ce2   Built Jun 30 2026.,static_crystal_polymer,,
4CC5,equibind,scored,0.0044,gnina v1.3.3 master:6fe1ce2   Built Jun 30 2026.,static_crystal_polymer,,
4CC5,diffdock,scored,0.76854,gnina v1.3.3 master:6fe1ce2   Built Jun 30 2026.,static_crystal_polymer,,
4C1Y,equibind,scored,0.00212,gnina v1.3.3 master:6fe1ce2   Built Jun 30 2026.,static_crystal_polymer,,
4C1Y,diffdock,scored,0.94034,gnina v1.3.3 master:6fe1ce2   Built Jun 30 2026.,static_crystal_polymer,,
4C3K,equibind,scored,0.00038,gnina v1.3.3 master:6fe1ce2   Built Jun 30 2026.,static_crystal_polymer,,
4C3K,diffdock,scored,0.75203,gnina v1.3.3 master:6fe1ce2   Built Jun 30 2026.,static_crystal_polymer,,
4C68,equibind,scored,4e-05,gnina v1.3.3 master:6fe1ce2   Built Jun 30 2026.,static_crystal_polymer,,
4C68,diffdock,scored,0.48176,gnina v1.3.3 master:6fe1ce2   Built Jun 30 2026.,static_crystal_polymer,,
4CE2,equibind,scored,0.69084,gnina v1.3.3 master:6fe1ce2   Built Jun 30 2026.,static_crystal_polymer,,
4CE2,diffdock,scored,0.35054,gnina v1.3.3 master:6fe1ce2   Built Jun 30 2026.,static_crystal_polymer,,
4CFT,diffdock,scored,0.94625,gnina v1.3.3 master:6fe1ce2   Built Jun 30 2026.,static_crystal_polymer,,
4CCD,equibind,scored,0.70681,gnina v1.3.3 master:6fe1ce2   Built Jun 30 2026.,static_crystal_polymer,,
4CCD,diffdock,scored,0.71081,gnina v1.3.3 master:6fe1ce2   Built Jun 30 2026.,static_crystal_polymer,,
4C94,equibind,scored,0.02004,gnina v1.3.3 master:6fe1ce2   Built Jun 30 2026.,static_crystal_polymer,,
4C94,diffdock,scored,0.33145,gnina v1.3.3 master:6fe1ce2   Built Jun 30 2026.,static_crystal_polymer,,
4C73,equibind,scored,0.00782,gnina v1.3.3 master:6fe1ce2   Built Jun 30 2026.,static_crystal_polymer,,
4C73,diffdock,scored,0.95732,gnina v1.3.3 master:6fe1ce2   Built Jun 30 2026.,static_crystal_polymer,,
4CEB,equibind,scored,0.0,gnina v1.3.3 master:6fe1ce2   Built Jun 30 2026.,static_crystal_polymer,,
4CEB,diffdock,scored,0.61025,gnina v1.3.3 master:6fe1ce2   Built Jun 30 2026.,static_crystal_polymer,,
4CA7,equibind,scored,0.00017,gnina v1.3.3 master:6fe1ce2   Built Jun 30 2026.,static_crystal_polymer,,
4CA7,diffdock,scored,0.50879,gnina v1.3.3 master:6fe1ce2   Built Jun 30 2026.,static_crystal_polymer,,
4CGI,equibind,scored,0.0,gnina v1.3.3 master:6fe1ce2   Built Jun 30 2026.,static_crystal_polymer,,
4CGI,diffdock,scored,0.7144,gnina v1.3.3 master:6fe1ce2   Built Jun 30 2026.,static_crystal_polymer,,
4CGJ,equibind,scored,7e-05,gnina v1.3.3 master:6fe1ce2   Built Jun 30 2026.,static_crystal_polymer,,
4CGJ,diffdock,scored,0.07352,gnina v1.3.3 master:6fe1ce2   Built Jun 30 2026.,static_crystal_polymer,,
4CI2,equibind,scored,0.01209,gnina v1.3.3 master:6fe1ce2   Built Jun 30 2026.,static_crystal_polymer,,
4CIK,equibind,scored,0.07863,gnina v1.3.3 master:6fe1ce2   Built Jun 30 2026.,static_crystal_polymer,,
4CIK,diffdock,scored,0.69561,gnina v1.3.3 master:6fe1ce2   Built Jun 30 2026.,static_crystal_polymer,,
4CIV,equibind,scored,0.15907,gnina v1.3.3 master:6fe1ce2   Built Jun 30 2026.,static_crystal_polymer,,
4CIV,diffdock,scored,0.81845,gnina v1.3.3 master:6fe1ce2   Built Jun 30 2026.,static_crystal_polymer,,
4CIW,equibind,scored,0.01128,gnina v1.3.3 master:6fe1ce2   Built Jun 30 2026.,static_crystal_polymer,,
4CIW,diffdock,scored,0.65042,gnina v1.3.3 master:6fe1ce2   Built Jun 30 2026.,static_crystal_polymer,,
4CI3,equibind,scored,0.00742,gnina v1.3.3 master:6fe1ce2   Built Jun 30 2026.,static_crystal_polymer,,
4CIG,equibind,scored,0.00805,gnina v1.3.3 master:6fe1ce2   Built Jun 30 2026.,static_crystal_polymer,,
4CIG,diffdock,scored,0.77539,gnina v1.3.3 master:6fe1ce2   Built Jun 30 2026.,static_crystal_polymer,,
4CAE,equibind,scored,0.01401,gnina v1.3.3 master:6fe1ce2   Built Jun 30 2026.,static_crystal_polymer,,
4CAE,diffdock,scored,0.57953,gnina v1.3.3 master:6fe1ce2   Built Jun 30 2026.,static_crystal_polymer,,
4CIX,equibind,scored,0.0221,gnina v1.3.3 master:6fe1ce2   Built Jun 30 2026.,static_crystal_polymer,,
4CIX,diffdock,scored,0.82483,gnina v1.3.3 master:6fe1ce2   Built Jun 30 2026.,static_crystal_polymer,,
4CBY,equibind,scored,7e-05,gnina v1.3.3 master:6fe1ce2   Built Jun 30 2026.,static_crystal_polymer,,
4CBY,diffdock,scored,0.29918,gnina v1.3.3 master:6fe1ce2   Built Jun 30 2026.,static_crystal_polymer,,
4CA6,equibind,scored,0.00043,gnina v1.3.3 master:6fe1ce2   Built Jun 30 2026.,static_crystal_polymer,,
4CA6,diffdock,scored,0.55172,gnina v1.3.3 master:6fe1ce2   Built Jun 30 2026.,static_crystal_polymer,,
4CIY,equibind,scored,0.05338,gnina v1.3.3 master:6fe1ce2   Built Jun 30 2026.,static_crystal_polymer,,
4CIY,diffdock,scored,0.96562,gnina v1.3.3 master:6fe1ce2   Built Jun 30 2026.,static_crystal_polymer,,
4CIZ,equibind,scored,0.59175,gnina v1.3.3 master:6fe1ce2   Built Jun 30 2026.,static_crystal_polymer,,
4CIZ,diffdock,scored,0.22642,gnina v1.3.3 master:6fe1ce2   Built Jun 30 2026.,static_crystal_polymer,,
4CKI,equibind,scored,0.62331,gnina v1.3.3 master:6fe1ce2   Built Jun 30 2026.,static_crystal_polymer,,
4CKI,diffdock,scored,0.3759,gnina v1.3.3 master:6fe1ce2   Built Jun 30 2026.,static_crystal_polymer,,
4CJP,equibind,scored,8e-05,gnina v1.3.3 master:6fe1ce2   Built Jun 30 2026.,static_crystal_polymer,,
4CJP,diffdock,scored,0.78289,gnina v1.3.3 master:6fe1ce2   Built Jun 30 2026.,static_crystal_polymer,,
4CJ4,equibind,scored,0.00667,gnina v1.3.3 master:6fe1ce2   Built Jun 30 2026.,static_crystal_polymer,,
4CJ4,diffdock,scored,0.88689,gnina v1.3.3 master:6fe1ce2   Built Jun 30 2026.,static_crystal_polymer,,
4CJQ,equibind,scored,0.00017,gnina v1.3.3 master:6fe1ce2   Built Jun 30 2026.,static_crystal_polymer,,
4CJQ,diffdock,scored,0.76083,gnina v1.3.3 master:6fe1ce2   Built Jun 30 2026.,static_crystal_polymer,,
4CJR,equibind,scored,1e-05,gnina v1.3.3 master:6fe1ce2   Built Jun 30 2026.,static_crystal_polymer,,
4CJR,diffdock,scored,0.74998,gnina v1.3.3 master:6fe1ce2   Built Jun 30 2026.,static_crystal_polymer,,
4CLI,equibind,scored,0.26512,gnina v1.3.3 master:6fe1ce2   Built Jun 30 2026.,static_crystal_polymer,,
4CLI,diffdock,scored,0.97433,gnina v1.3.3 master:6fe1ce2   Built Jun 30 2026.,static_crystal_polymer,,
4CKR,equibind,scored,2e-05,gnina v1.3.3 master:6fe1ce2   Built Jun 30 2026.,static_crystal_polymer,,
4CKR,diffdock,scored,0.79166,gnina v1.3.3 master:6fe1ce2   Built Jun 30 2026.,static_crystal_polymer,,
4CLJ,equibind,scored,0.27781,gnina v1.3.3 master:6fe1ce2   Built Jun 30 2026.,static_crystal_polymer,,
4CLJ,diffdock,scored,0.32895,gnina v1.3.3 master:6fe1ce2   Built Jun 30 2026.,static_crystal_polymer,,
4CMO,equibind,scored,0.63666,gnina v1.3.3 master:6fe1ce2   Built Jun 30 2026.,static_crystal_polymer,,
4CMO,diffdock,scored,0.67929,gnina v1.3.3 master:6fe1ce2   Built Jun 30 2026.,static_crystal_polymer,,
4CNH,equibind,scored,0.00053,gnina v1.3.3 master:6fe1ce2   Built Jun 30 2026.,static_crystal_polymer,,
4CNH,diffdock,scored,0.97852,gnina v1.3.3 master:6fe1ce2   Built Jun 30 2026.,static_crystal_polymer,,
4CPR,equibind,scored,0.00218,gnina v1.3.3 master:6fe1ce2   Built Jun 30 2026.,static_crystal_polymer,,
4CPR,diffdock,scored,0.30763,gnina v1.3.3 master:6fe1ce2   Built Jun 30 2026.,static_crystal_polymer,,
4CPT,equibind,scored,0.00051,gnina v1.3.3 master:6fe1ce2   Built Jun 30 2026.,static_crystal_polymer,,
4CPT,diffdock,scored,0.24425,gnina v1.3.3 master:6fe1ce2   Built Jun 30 2026.,static_crystal_polymer,,
4CFF,equibind,scored,0.24712,gnina v1.3.3 master:6fe1ce2   Built Jun 30 2026.,static_crystal_polymer,,
4CFF,diffdock,scored,0.6619,gnina v1.3.3 master:6fe1ce2   Built Jun 30 2026.,static_crystal_polymer,,
4CPW,equibind,scored,0.38665,gnina v1.3.3 master:6fe1ce2   Built Jun 30 2026.,static_crystal_polymer,,
4CPW,diffdock,scored,0.19174,gnina v1.3.3 master:6fe1ce2   Built Jun 30 2026.,static_crystal_polymer,,
4CP7,equibind,scored,1e-05,gnina v1.3.3 master:6fe1ce2   Built Jun 30 2026.,static_crystal_polymer,,
4CP7,diffdock,scored,0.48573,gnina v1.3.3 master:6fe1ce2   Built Jun 30 2026.,static_crystal_polymer,,
4CPX,equibind,scored,0.00134,gnina v1.3.3 master:6fe1ce2   Built Jun 30 2026.,static_crystal_polymer,,
4CPX,diffdock,scored,0.48343,gnina v1.3.3 master:6fe1ce2   Built Jun 30 2026.,static_crystal_polymer,,
4CR9,equibind,scored,0.07757,gnina v1.3.3 master:6fe1ce2   Built Jun 30 2026.,static_crystal_polymer,,
4CR9,diffdock,scored,0.97445,gnina v1.3.3 master:6fe1ce2   Built Jun 30 2026.,static_crystal_polymer,,
4CL6,equibind,scored,0.00011,gnina v1.3.3 master:6fe1ce2   Built Jun 30 2026.,static_crystal_polymer,,
4CL6,diffdock,scored,0.7403,gnina v1.3.3 master:6fe1ce2   Built Jun 30 2026.,static_crystal_polymer,,
4CQG,equibind,scored,0.53345,gnina v1.3.3 master:6fe1ce2   Built Jun 30 2026.,static_crystal_polymer,,
4CQG,diffdock,scored,0.85092,gnina v1.3.3 master:6fe1ce2   Built Jun 30 2026.,static_crystal_polymer,,
4CQE,equibind,scored,0.01509,gnina v1.3.3 master:6fe1ce2   Built Jun 30 2026.,static_crystal_polymer,,
4CQE,diffdock,scored,0.32028,gnina v1.3.3 master:6fe1ce2   Built Jun 30 2026.,static_crystal_polymer,,
4CRA,equibind,scored,0.00148,gnina v1.3.3 master:6fe1ce2   Built Jun 30 2026.,static_crystal_polymer,,
4CRA,diffdock,scored,0.83963,gnina v1.3.3 master:6fe1ce2   Built Jun 30 2026.,static_crystal_polymer,,
4CRD,equibind,scored,0.12498,gnina v1.3.3 master:6fe1ce2   Built Jun 30 2026.,static_crystal_polymer,,
4CRD,diffdock,scored,0.72266,gnina v1.3.3 master:6fe1ce2   Built Jun 30 2026.,static_crystal_polymer,,
4CPY,equibind,scored,0.65012,gnina v1.3.3 master:6fe1ce2   Built Jun 30 2026.,static_crystal_polymer,,
4CPY,diffdock,scored,0.77317,gnina v1.3.3 master:6fe1ce2   Built Jun 30 2026.,static_crystal_polymer,,
4CRF,equibind,scored,0.01007,gnina v1.3.3 master:6fe1ce2   Built Jun 30 2026.,static_crystal_polymer,,
4CRF,diffdock,scored,0.61152,gnina v1.3.3 master:6fe1ce2   Built Jun 30 2026.,static_crystal_polymer,,
4CSS,equibind,scored,0.02945,gnina v1.3.3 master:6fe1ce2   Built Jun 30 2026.,static_crystal_polymer,,
4CSS,diffdock,scored,0.62464,gnina v1.3.3 master:6fe1ce2   Built Jun 30 2026.,static_crystal_polymer,,
4CST,equibind,scored,0.06293,gnina v1.3.3 master:6fe1ce2   Built Jun 30 2026.,static_crystal_polymer,,
4CST,diffdock,scored,0.6036,gnina v1.3.3 master:6fe1ce2   Built Jun 30 2026.,static_crystal_polymer,,
4CRL,equibind,scored,0.25304,gnina v1.3.3 master:6fe1ce2   Built Jun 30 2026.,static_crystal_polymer,,
4CRL,diffdock,scored,0.14809,gnina v1.3.3 master:6fe1ce2   Built Jun 30 2026.,static_crystal_polymer,,
4CWF,equibind,scored,0.10687,gnina v1.3.3 master:6fe1ce2   Built Jun 30 2026.,static_crystal_polymer,,
4CWF,diffdock,scored,0.08891,gnina v1.3.3 master:6fe1ce2   Built Jun 30 2026.,static_crystal_polymer,,
4CTJ,equibind,scored,0.00059,gnina v1.3.3 master:6fe1ce2   Built Jun 30 2026.,static_crystal_polymer,,
4CTJ,diffdock,scored,0.90169,gnina v1.3.3 master:6fe1ce2   Built Jun 30 2026.,static_crystal_polymer,,
4CWR,equibind,scored,0.46861,gnina v1.3.3 master:6fe1ce2   Built Jun 30 2026.,static_crystal_polymer,,
4CWR,diffdock,scored,0.71187,gnina v1.3.3 master:6fe1ce2   Built Jun 30 2026.,static_crystal_polymer,,
4CWS,equibind,scored,0.0258,gnina v1.3.3 master:6fe1ce2   Built Jun 30 2026.,static_crystal_polymer,,
4CWS,diffdock,scored,0.59027,gnina v1.3.3 master:6fe1ce2   Built Jun 30 2026.,static_crystal_polymer,,
4CSD,equibind,scored,0.0045,gnina v1.3.3 master:6fe1ce2   Built Jun 30 2026.,static_crystal_polymer,,
4CSD,diffdock,scored,0.95443,gnina v1.3.3 master:6fe1ce2   Built Jun 30 2026.,static_crystal_polymer,,
4CXW,equibind,scored,0.7113,gnina v1.3.3 master:6fe1ce2   Built Jun 30 2026.,static_crystal_polymer,,
4CXW,diffdock,scored,0.87457,gnina v1.3.3 master:6fe1ce2   Built Jun 30 2026.,static_crystal_polymer,,
4CU7,equibind,scored,0.01064,gnina v1.3.3 master:6fe1ce2   Built Jun 30 2026.,static_crystal_polymer,,
4CU7,diffdock,scored,0.74941,gnina v1.3.3 master:6fe1ce2   Built Jun 30 2026.,static_crystal_polymer,,
4CU8,equibind,scored,0.00283,gnina v1.3.3 master:6fe1ce2   Built Jun 30 2026.,static_crystal_polymer,,
4CU8,diffdock,scored,0.575,gnina v1.3.3 master:6fe1ce2   Built Jun 30 2026.,static_crystal_polymer,,
4CXY,equibind,scored,0.00228,gnina v1.3.3 master:6fe1ce2   Built Jun 30 2026.,static_crystal_polymer,,
4CXY,diffdock,scored,0.83307,gnina v1.3.3 master:6fe1ce2   Built Jun 30 2026.,static_crystal_polymer,,
4CXX,equibind,scored,0.0259,gnina v1.3.3 master:6fe1ce2   Built Jun 30 2026.,static_crystal_polymer,,
4CXX,diffdock,scored,0.42587,gnina v1.3.3 master:6fe1ce2   Built Jun 30 2026.,static_crystal_polymer,,
4D0W,equibind,scored,0.09888,gnina v1.3.3 master:6fe1ce2   Built Jun 30 2026.,static_crystal_polymer,,
4D0W,diffdock,scored,0.50934,gnina v1.3.3 master:6fe1ce2   Built Jun 30 2026.,static_crystal_polymer,,
4D1B,equibind,scored,0.15378,gnina v1.3.3 master:6fe1ce2   Built Jun 30 2026.,static_crystal_polymer,,
4D1B,diffdock,scored,0.96491,gnina v1.3.3 master:6fe1ce2   Built Jun 30 2026.,static_crystal_polymer,,
4D1C,equibind,scored,0.04072,gnina v1.3.3 master:6fe1ce2   Built Jun 30 2026.,static_crystal_polymer,,
4D1C,diffdock,scored,0.9219,gnina v1.3.3 master:6fe1ce2   Built Jun 30 2026.,static_crystal_polymer,,
4D1S,equibind,scored,0.67722,gnina v1.3.3 master:6fe1ce2   Built Jun 30 2026.,static_crystal_polymer,,
4D1S,diffdock,scored,0.73099,gnina v1.3.3 master:6fe1ce2   Built Jun 30 2026.,static_crystal_polymer,,
4D1D,equibind,scored,0.00377,gnina v1.3.3 master:6fe1ce2   Built Jun 30 2026.,static_crystal_polymer,,
4D1D,diffdock,scored,0.89448,gnina v1.3.3 master:6fe1ce2   Built Jun 30 2026.,static_crystal_polymer,,
4D1Y,equibind,scored,0.41849,gnina v1.3.3 master:6fe1ce2   Built Jun 30 2026.,static_crystal_polymer,,
4D1Y,diffdock,scored,0.53613,gnina v1.3.3 master:6fe1ce2   Built Jun 30 2026.,static_crystal_polymer,,
4CQF,equibind,scored,0.61312,gnina v1.3.3 master:6fe1ce2   Built Jun 30 2026.,static_crystal_polymer,,
4CQF,diffdock,scored,0.75186,gnina v1.3.3 master:6fe1ce2   Built Jun 30 2026.,static_crystal_polymer,,
4D2R,equibind,scored,0.41066,gnina v1.3.3 master:6fe1ce2   Built Jun 30 2026.,static_crystal_polymer,,
4D2R,diffdock,scored,0.62198,gnina v1.3.3 master:6fe1ce2   Built Jun 30 2026.,static_crystal_polymer,,
4D62,equibind,scored,0.09805,gnina v1.3.3 master:6fe1ce2   Built Jun 30 2026.,static_crystal_polymer,,
4D62,diffdock,scored,0.37834,gnina v1.3.3 master:6fe1ce2   Built Jun 30 2026.,static_crystal_polymer,,
4D2S,equibind,scored,0.15307,gnina v1.3.3 master:6fe1ce2   Built Jun 30 2026.,static_crystal_polymer,,
4D2S,diffdock,scored,0.77154,gnina v1.3.3 master:6fe1ce2   Built Jun 30 2026.,static_crystal_polymer,,
4D63,equibind,scored,0.00012,gnina v1.3.3 master:6fe1ce2   Built Jun 30 2026.,static_crystal_polymer,,
4D63,diffdock,scored,0.37877,gnina v1.3.3 master:6fe1ce2   Built Jun 30 2026.,static_crystal_polymer,,
4CKU,equibind,scored,0.00046,gnina v1.3.3 master:6fe1ce2   Built Jun 30 2026.,static_crystal_polymer,,
4CKU,diffdock,scored,0.5442,gnina v1.3.3 master:6fe1ce2   Built Jun 30 2026.,static_crystal_polymer,,
4D88,equibind,scored,1e-05,gnina v1.3.3 master:6fe1ce2   Built Jun 30 2026.,static_crystal_polymer,,
4D88,diffdock,scored,0.71113,gnina v1.3.3 master:6fe1ce2   Built Jun 30 2026.,static_crystal_polymer,,
4D8S,equibind,scored,0.03802,gnina v1.3.3 master:6fe1ce2   Built Jun 30 2026.,static_crystal_polymer,,
4D8S,diffdock,scored,0.93705,gnina v1.3.3 master:6fe1ce2   Built Jun 30 2026.,static_crystal_polymer,,
4D89,equibind,scored,0.06649,gnina v1.3.3 master:6fe1ce2   Built Jun 30 2026.,static_crystal_polymer,,
4D89,diffdock,scored,0.76695,gnina v1.3.3 master:6fe1ce2   Built Jun 30 2026.,static_crystal_polymer,,
4D09,equibind,scored,0.03893,gnina v1.3.3 master:6fe1ce2   Built Jun 30 2026.,static_crystal_polymer,,
4D09,diffdock,scored,0.35139,gnina v1.3.3 master:6fe1ce2   Built Jun 30 2026.,static_crystal_polymer,,
4D08,equibind,scored,0.03044,gnina v1.3.3 master:6fe1ce2   Built Jun 30 2026.,static_crystal_polymer,,
4D08,diffdock,scored,0.51754,gnina v1.3.3 master:6fe1ce2   Built Jun 30 2026.,static_crystal_polymer,,
4D8Z,equibind,scored,2e-05,gnina v1.3.3 master:6fe1ce2   Built Jun 30 2026.,static_crystal_polymer,,
4D8Z,diffdock,scored,0.78442,gnina v1.3.3 master:6fe1ce2   Built Jun 30 2026.,static_crystal_polymer,,
4D9P,equibind,scored,9e-05,gnina v1.3.3 master:6fe1ce2   Built Jun 30 2026.,static_crystal_polymer,,
4D9P,diffdock,scored,0.67125,gnina v1.3.3 master:6fe1ce2   Built Jun 30 2026.,static_crystal_polymer,,
4D83,equibind,scored,0.00022,gnina v1.3.3 master:6fe1ce2   Built Jun 30 2026.,static_crystal_polymer,,
4D83,diffdock,scored,0.98369,gnina v1.3.3 master:6fe1ce2   Built Jun 30 2026.,static_crystal_polymer,,
4DAF,equibind,scored,0.00136,gnina v1.3.3 master:6fe1ce2   Built Jun 30 2026.,static_crystal_polymer,,
4DAF,diffdock,scored,0.76968,gnina v1.3.3 master:6fe1ce2   Built Jun 30 2026.,static_crystal_polymer,,
4D2T,equibind,scored,6e-05,gnina v1.3.3 master:6fe1ce2   Built Jun 30 2026.,static_crystal_polymer,,
4D2T,diffdock,scored,0.47058,gnina v1.3.3 master:6fe1ce2   Built Jun 30 2026.,static_crystal_polymer,,
4D52,equibind,scored,0.00149,gnina v1.3.3 master:6fe1ce2   Built Jun 30 2026.,static_crystal_polymer,,
4D52,diffdock,scored,0.95498,gnina v1.3.3 master:6fe1ce2   Built Jun 30 2026.,static_crystal_polymer,,
4DCD,equibind,scored,0.01857,gnina v1.3.3 master:6fe1ce2   Built Jun 30 2026.,static_crystal_polymer,,
4DCD,diffdock,scored,0.49921,gnina v1.3.3 master:6fe1ce2   Built Jun 30 2026.,static_crystal_polymer,,
4DAI,equibind,scored,0.00309,gnina v1.3.3 master:6fe1ce2   Built Jun 30 2026.,static_crystal_polymer,,
4DAI,diffdock,scored,0.95645,gnina v1.3.3 master:6fe1ce2   Built Jun 30 2026.,static_crystal_polymer,,
4DB7,equibind,scored,0.00186,gnina v1.3.3 master:6fe1ce2   Built Jun 30 2026.,static_crystal_polymer,,
4DB7,diffdock,scored,0.94682,gnina v1.3.3 master:6fe1ce2   Built Jun 30 2026.,static_crystal_polymer,,
4DCS,equibind,scored,0.00446,gnina v1.3.3 master:6fe1ce2   Built Jun 30 2026.,static_crystal_polymer,,
4DCS,diffdock,scored,0.58676,gnina v1.3.3 master:6fe1ce2   Built Jun 30 2026.,static_crystal_polymer,,
4DA5,equibind,scored,2e-05,gnina v1.3.3 master:6fe1ce2   Built Jun 30 2026.,static_crystal_polymer,,
4DA5,diffdock,scored,0.23247,gnina v1.3.3 master:6fe1ce2   Built Jun 30 2026.,static_crystal_polymer,,
4DCV,equibind,scored,4e-05,gnina v1.3.3 master:6fe1ce2   Built Jun 30 2026.,static_crystal_polymer,,
4DCV,diffdock,scored,0.69568,gnina v1.3.3 master:6fe1ce2   Built Jun 30 2026.,static_crystal_polymer,,
4DBN,equibind,scored,0.00191,gnina v1.3.3 master:6fe1ce2   Built Jun 30 2026.,static_crystal_polymer,,
4DBN,diffdock,scored,0.39611,gnina v1.3.3 master:6fe1ce2   Built Jun 30 2026.,static_crystal_polymer,,
4DDK,equibind,scored,0.00984,gnina v1.3.3 master:6fe1ce2   Built Jun 30 2026.,static_crystal_polymer,,
4DDK,diffdock,scored,0.62387,gnina v1.3.3 master:6fe1ce2   Built Jun 30 2026.,static_crystal_polymer,,
4DCE,equibind,scored,0.0001,gnina v1.3.3 master:6fe1ce2   Built Jun 30 2026.,static_crystal_polymer,,
4DCE,diffdock,scored,0.79665,gnina v1.3.3 master:6fe1ce2   Built Jun 30 2026.,static_crystal_polymer,,
4DE7,equibind,scored,0.23662,gnina v1.3.3 master:6fe1ce2   Built Jun 30 2026.,static_crystal_polymer,,
4DE7,diffdock,scored,0.34405,gnina v1.3.3 master:6fe1ce2   Built Jun 30 2026.,static_crystal_polymer,,
4DEH,equibind,scored,0.21036,gnina v1.3.3 master:6fe1ce2   Built Jun 30 2026.,static_crystal_polymer,,
4DEH,diffdock,scored,0.9745,gnina v1.3.3 master:6fe1ce2   Built Jun 30 2026.,static_crystal_polymer,,
4D8C,equibind,scored,0.0,gnina v1.3.3 master:6fe1ce2   Built Jun 30 2026.,static_crystal_polymer,,
4D8C,diffdock,scored,0.6557,gnina v1.3.3 master:6fe1ce2   Built Jun 30 2026.,static_crystal_polymer,,
4DEI,equibind,scored,0.46151,gnina v1.3.3 master:6fe1ce2   Built Jun 30 2026.,static_crystal_polymer,,
4DEI,diffdock,scored,0.92881,gnina v1.3.3 master:6fe1ce2   Built Jun 30 2026.,static_crystal_polymer,,
4DE0,equibind,scored,0.00022,gnina v1.3.3 master:6fe1ce2   Built Jun 30 2026.,static_crystal_polymer,,
4DE0,diffdock,scored,0.2432,gnina v1.3.3 master:6fe1ce2   Built Jun 30 2026.,static_crystal_polymer,,
4DE5,equibind,scored,0.02328,gnina v1.3.3 master:6fe1ce2   Built Jun 30 2026.,static_crystal_polymer,,
4DE5,diffdock,scored,0.75458,gnina v1.3.3 master:6fe1ce2   Built Jun 30 2026.,static_crystal_polymer,,
4DEL,equibind,scored,0.00393,gnina v1.3.3 master:6fe1ce2   Built Jun 30 2026.,static_crystal_polymer,,
4DEL,diffdock,scored,0.96057,gnina v1.3.3 master:6fe1ce2   Built Jun 30 2026.,static_crystal_polymer,,
4DEU,equibind,scored,0.02759,gnina v1.3.3 master:6fe1ce2   Built Jun 30 2026.,static_crystal_polymer,,
4DEU,diffdock,scored,0.39135,gnina v1.3.3 master:6fe1ce2   Built Jun 30 2026.,static_crystal_polymer,,
4BJ8,equibind,scored,7e-05,gnina v1.3.3 master:6fe1ce2   Built Jun 30 2026.,static_crystal_polymer,,
4BJ8,diffdock,scored,0.99618,gnina v1.3.3 master:6fe1ce2   Built Jun 30 2026.,static_crystal_polymer,,
4DHM,equibind,scored,0.09012,gnina v1.3.3 master:6fe1ce2   Built Jun 30 2026.,static_crystal_polymer,,
4DHM,diffdock,scored,0.752,gnina v1.3.3 master:6fe1ce2   Built Jun 30 2026.,static_crystal_polymer,,
4DDY,equibind,scored,0.03196,gnina v1.3.3 master:6fe1ce2   Built Jun 30 2026.,static_crystal_polymer,,
4DDY,diffdock,scored,0.61094,gnina v1.3.3 master:6fe1ce2   Built Jun 30 2026.,static_crystal_polymer,,
4DHO,equibind,scored,0.00472,gnina v1.3.3 master:6fe1ce2   Built Jun 30 2026.,static_crystal_polymer,,
4DHO,diffdock,scored,0.69999,gnina v1.3.3 master:6fe1ce2   Built Jun 30 2026.,static_crystal_polymer,,
4DGR,equibind,scored,0.0148,gnina v1.3.3 master:6fe1ce2   Built Jun 30 2026.,static_crystal_polymer,,
4DGR,diffdock,scored,0.75913,gnina v1.3.3 master:6fe1ce2   Built Jun 30 2026.,static_crystal_polymer,,
4DE3,equibind,scored,0.01053,gnina v1.3.3 master:6fe1ce2   Built Jun 30 2026.,static_crystal_polymer,,
4DE3,diffdock,scored,0.74176,gnina v1.3.3 master:6fe1ce2   Built Jun 30 2026.,static_crystal_polymer,,
4DFF,equibind,scored,0.00017,gnina v1.3.3 master:6fe1ce2   Built Jun 30 2026.,static_crystal_polymer,,
4DFF,diffdock,scored,0.1292,gnina v1.3.3 master:6fe1ce2   Built Jun 30 2026.,static_crystal_polymer,,
4DGG,equibind,scored,0.01669,gnina v1.3.3 master:6fe1ce2   Built Jun 30 2026.,static_crystal_polymer,,
4DGG,diffdock,scored,0.75656,gnina v1.3.3 master:6fe1ce2   Built Jun 30 2026.,static_crystal_polymer,,
4DFB,equibind,scored,0.0,gnina v1.3.3 master:6fe1ce2   Built Jun 30 2026.,static_crystal_polymer,,
4DFB,diffdock,scored,0.42963,gnina v1.3.3 master:6fe1ce2   Built Jun 30 2026.,static_crystal_polymer,,
4DFU,equibind,scored,6e-05,gnina v1.3.3 master:6fe1ce2   Built Jun 30 2026.,static_crystal_polymer,,
4DFU,diffdock,scored,0.31021,gnina v1.3.3 master:6fe1ce2   Built Jun 30 2026.,static_crystal_polymer,,
4DHQ,equibind,scored,0.27022,gnina v1.3.3 master:6fe1ce2   Built Jun 30 2026.,static_crystal_polymer,,
4DHQ,diffdock,scored,0.60014,gnina v1.3.3 master:6fe1ce2   Built Jun 30 2026.,static_crystal_polymer,,
4DHR,equibind,scored,0.03142,gnina v1.3.3 master:6fe1ce2   Built Jun 30 2026.,static_crystal_polymer,,
4DHR,diffdock,scored,0.62176,gnina v1.3.3 master:6fe1ce2   Built Jun 30 2026.,static_crystal_polymer,,
4DHS,equibind,scored,0.11442,gnina v1.3.3 master:6fe1ce2   Built Jun 30 2026.,static_crystal_polymer,,
4DHS,diffdock,scored,0.22609,gnina v1.3.3 master:6fe1ce2   Built Jun 30 2026.,static_crystal_polymer,,
4DHP,equibind,scored,0.13356,gnina v1.3.3 master:6fe1ce2   Built Jun 30 2026.,static_crystal_polymer,,
4DHP,diffdock,scored,0.63249,gnina v1.3.3 master:6fe1ce2   Built Jun 30 2026.,static_crystal_polymer,,
4DJR,equibind,scored,0.17149,gnina v1.3.3 master:6fe1ce2   Built Jun 30 2026.,static_crystal_polymer,,
4DJR,diffdock,scored,0.41655,gnina v1.3.3 master:6fe1ce2   Built Jun 30 2026.,static_crystal_polymer,,
4DHU,equibind,scored,0.09251,gnina v1.3.3 master:6fe1ce2   Built Jun 30 2026.,static_crystal_polymer,,
4DHU,diffdock,scored,0.35787,gnina v1.3.3 master:6fe1ce2   Built Jun 30 2026.,static_crystal_polymer,,
4DIJ,equibind,scored,0.0025,gnina v1.3.3 master:6fe1ce2   Built Jun 30 2026.,static_crystal_polymer,,
4DIJ,diffdock,scored,0.15338,gnina v1.3.3 master:6fe1ce2   Built Jun 30 2026.,static_crystal_polymer,,
4DLI,equibind,scored,0.51004,gnina v1.3.3 master:6fe1ce2   Built Jun 30 2026.,static_crystal_polymer,,
4DLI,diffdock,scored,0.51451,gnina v1.3.3 master:6fe1ce2   Built Jun 30 2026.,static_crystal_polymer,,
4DLD,equibind,scored,0.00334,gnina v1.3.3 master:6fe1ce2   Built Jun 30 2026.,static_crystal_polymer,,
4DLD,diffdock,scored,0.96306,gnina v1.3.3 master:6fe1ce2   Built Jun 30 2026.,static_crystal_polymer,,
4D1J,equibind,scored,0.00023,gnina v1.3.3 master:6fe1ce2   Built Jun 30 2026.,static_crystal_polymer,,
4DN0,equibind,scored,0.0001,gnina v1.3.3 master:6fe1ce2   Built Jun 30 2026.,static_crystal_polymer,,
4DN0,diffdock,scored,0.02916,gnina v1.3.3 master:6fe1ce2   Built Jun 30 2026.,static_crystal_polymer,,
4DMW,equibind,scored,0.01914,gnina v1.3.3 master:6fe1ce2   Built Jun 30 2026.,static_crystal_polymer,,
4DMW,diffdock,scored,0.50461,gnina v1.3.3 master:6fe1ce2   Built Jun 30 2026.,static_crystal_polymer,,
4DKO,equibind,scored,0.00012,gnina v1.3.3 master:6fe1ce2   Built Jun 30 2026.,static_crystal_polymer,,
4DKO,diffdock,scored,0.42871,gnina v1.3.3 master:6fe1ce2   Built Jun 30 2026.,static_crystal_polymer,,
4DKP,equibind,scored,0.0009,gnina v1.3.3 master:6fe1ce2   Built Jun 30 2026.,static_crystal_polymer,,
4DKP,diffdock,scored,0.47047,gnina v1.3.3 master:6fe1ce2   Built Jun 30 2026.,static_crystal_polymer,,
4DRM,equibind,scored,0.12268,gnina v1.3.3 master:6fe1ce2   Built Jun 30 2026.,static_crystal_polymer,,
4DRM,diffdock,scored,0.18768,gnina v1.3.3 master:6fe1ce2   Built Jun 30 2026.,static_crystal_polymer,,
4DJH,equibind,scored,0.00863,gnina v1.3.3 master:6fe1ce2   Built Jun 30 2026.,static_crystal_polymer,,
4DJH,diffdock,scored,0.65326,gnina v1.3.3 master:6fe1ce2   Built Jun 30 2026.,static_crystal_polymer,,
4DRN,equibind,scored,0.01952,gnina v1.3.3 master:6fe1ce2   Built Jun 30 2026.,static_crystal_polymer,,
4DRN,diffdock,scored,0.66621,gnina v1.3.3 master:6fe1ce2   Built Jun 30 2026.,static_crystal_polymer,,
4DRO,equibind,scored,0.00169,gnina v1.3.3 master:6fe1ce2   Built Jun 30 2026.,static_crystal_polymer,,
4DRO,diffdock,scored,0.41097,gnina v1.3.3 master:6fe1ce2   Built Jun 30 2026.,static_crystal_polymer,,
4DQ2,equibind,scored,2e-05,gnina v1.3.3 master:6fe1ce2   Built Jun 30 2026.,static_crystal_polymer,,
4DQ2,diffdock,scored,0.80932,gnina v1.3.3 master:6fe1ce2   Built Jun 30 2026.,static_crystal_polymer,,
4DRP,equibind,scored,0.00151,gnina v1.3.3 master:6fe1ce2   Built Jun 30 2026.,static_crystal_polymer,,
4DRP,diffdock,scored,0.2499,gnina v1.3.3 master:6fe1ce2   Built Jun 30 2026.,static_crystal_polymer,,
4DST,equibind,scored,0.41833,gnina v1.3.3 master:6fe1ce2   Built Jun 30 2026.,static_crystal_polymer,,
4DST,diffdock,scored,0.71832,gnina v1.3.3 master:6fe1ce2   Built Jun 30 2026.,static_crystal_polymer,,
4DTK,equibind,scored,0.62769,gnina v1.3.3 master:6fe1ce2   Built Jun 30 2026.,static_crystal_polymer,,
4DTK,diffdock,scored,0.87733,gnina v1.3.3 master:6fe1ce2   Built Jun 30 2026.,static_crystal_polymer,,
4DO4,equibind,scored,0.02347,gnina v1.3.3 master:6fe1ce2   Built Jun 30 2026.,static_crystal_polymer,,
4DO4,diffdock,scored,0.8375,gnina v1.3.3 master:6fe1ce2   Built Jun 30 2026.,static_crystal_polymer,,
4DO5,equibind,scored,0.03379,gnina v1.3.3 master:6fe1ce2   Built Jun 30 2026.,static_crystal_polymer,,
4DO5,diffdock,scored,0.71787,gnina v1.3.3 master:6fe1ce2   Built Jun 30 2026.,static_crystal_polymer,,
4DPY,equibind,scored,0.08973,gnina v1.3.3 master:6fe1ce2   Built Jun 30 2026.,static_crystal_polymer,,
4DPY,diffdock,scored,0.69944,gnina v1.3.3 master:6fe1ce2   Built Jun 30 2026.,static_crystal_polymer,,
4DR9,equibind,scored,0.01173,gnina v1.3.3 master:6fe1ce2   Built Jun 30 2026.,static_crystal_polymer,,
4DR9,diffdock,scored,0.75101,gnina v1.3.3 master:6fe1ce2   Built Jun 30 2026.,static_crystal_polymer,,
4DVI,equibind,scored,0.00038,gnina v1.3.3 master:6fe1ce2   Built Jun 30 2026.,static_crystal_polymer,,
4DVI,diffdock,scored,0.9546,gnina v1.3.3 master:6fe1ce2   Built Jun 30 2026.,static_crystal_polymer,,
4E1M,diffdock,scored,0.50397,gnina v1.3.3 master:6fe1ce2   Built Jun 30 2026.,static_crystal_polymer,,
4DU8,equibind,scored,0.00134,gnina v1.3.3 master:6fe1ce2   Built Jun 30 2026.,static_crystal_polymer,,
4DU8,diffdock,scored,0.87248,gnina v1.3.3 master:6fe1ce2   Built Jun 30 2026.,static_crystal_polymer,,
4DHL,equibind,scored,0.09708,gnina v1.3.3 master:6fe1ce2   Built Jun 30 2026.,static_crystal_polymer,,
4DHL,diffdock,scored,0.33573,gnina v1.3.3 master:6fe1ce2   Built Jun 30 2026.,static_crystal_polymer,,
4DWB,equibind,scored,0.15253,gnina v1.3.3 master:6fe1ce2   Built Jun 30 2026.,static_crystal_polymer,,
4DWB,diffdock,scored,0.63365,gnina v1.3.3 master:6fe1ce2   Built Jun 30 2026.,static_crystal_polymer,,
4E0W,equibind,scored,0.13891,gnina v1.3.3 master:6fe1ce2   Built Jun 30 2026.,static_crystal_polymer,,
4E0W,diffdock,scored,0.64667,gnina v1.3.3 master:6fe1ce2   Built Jun 30 2026.,static_crystal_polymer,,
4DZY,equibind,scored,0.16368,gnina v1.3.3 master:6fe1ce2   Built Jun 30 2026.,static_crystal_polymer,,
4DZY,diffdock,scored,0.96678,gnina v1.3.3 master:6fe1ce2   Built Jun 30 2026.,static_crystal_polymer,,
4DVE,equibind,scored,0.00034,gnina v1.3.3 master:6fe1ce2   Built Jun 30 2026.,static_crystal_polymer,,
4DVE,diffdock,scored,0.81558,gnina v1.3.3 master:6fe1ce2   Built Jun 30 2026.,static_crystal_polymer,,
4E1N,diffdock,scored,0.16757,gnina v1.3.3 master:6fe1ce2   Built Jun 30 2026.,static_crystal_polymer,,
4DY6,equibind,scored,0.0,gnina v1.3.3 master:6fe1ce2   Built Jun 30 2026.,static_crystal_polymer,,
4DY6,diffdock,scored,0.02388,gnina v1.3.3 master:6fe1ce2   Built Jun 30 2026.,static_crystal_polymer,,
4E1Z,equibind,scored,0.24988,gnina v1.3.3 master:6fe1ce2   Built Jun 30 2026.,static_crystal_polymer,,
4E1Z,diffdock,scored,0.89172,gnina v1.3.3 master:6fe1ce2   Built Jun 30 2026.,static_crystal_polymer,,
4E3F,equibind,scored,0.10906,gnina v1.3.3 master:6fe1ce2   Built Jun 30 2026.,static_crystal_polymer,,
4E3F,diffdock,scored,0.27232,gnina v1.3.3 master:6fe1ce2   Built Jun 30 2026.,static_crystal_polymer,,
4E3G,equibind,scored,0.05427,gnina v1.3.3 master:6fe1ce2   Built Jun 30 2026.,static_crystal_polymer,,
4E3G,diffdock,scored,0.41826,gnina v1.3.3 master:6fe1ce2   Built Jun 30 2026.,static_crystal_polymer,,
4E0X,equibind,scored,0.04178,gnina v1.3.3 master:6fe1ce2   Built Jun 30 2026.,static_crystal_polymer,,
4E0X,diffdock,scored,0.81941,gnina v1.3.3 master:6fe1ce2   Built Jun 30 2026.,static_crystal_polymer,,
4E3I,equibind,scored,0.0007,gnina v1.3.3 master:6fe1ce2   Built Jun 30 2026.,static_crystal_polymer,,
4E3I,diffdock,scored,0.34015,gnina v1.3.3 master:6fe1ce2   Built Jun 30 2026.,static_crystal_polymer,,
4E3K,equibind,scored,0.14928,gnina v1.3.3 master:6fe1ce2   Built Jun 30 2026.,static_crystal_polymer,,
4E3K,diffdock,scored,0.26679,gnina v1.3.3 master:6fe1ce2   Built Jun 30 2026.,static_crystal_polymer,,
4E3J,equibind,scored,0.0211,gnina v1.3.3 master:6fe1ce2   Built Jun 30 2026.,static_crystal_polymer,,
4E3J,diffdock,scored,0.52978,gnina v1.3.3 master:6fe1ce2   Built Jun 30 2026.,static_crystal_polymer,,
4DSY,equibind,scored,9e-05,gnina v1.3.3 master:6fe1ce2   Built Jun 30 2026.,static_crystal_polymer,,
4DSY,diffdock,scored,0.56668,gnina v1.3.3 master:6fe1ce2   Built Jun 30 2026.,static_crystal_polymer,,
4DT2,equibind,scored,0.00069,gnina v1.3.3 master:6fe1ce2   Built Jun 30 2026.,static_crystal_polymer,,
4DT2,diffdock,scored,0.47931,gnina v1.3.3 master:6fe1ce2   Built Jun 30 2026.,static_crystal_polymer,,
4DTT,equibind,scored,0.00018,gnina v1.3.3 master:6fe1ce2   Built Jun 30 2026.,static_crystal_polymer,,
4DTT,diffdock,scored,0.55481,gnina v1.3.3 master:6fe1ce2   Built Jun 30 2026.,static_crystal_polymer,,
4E4A,equibind,scored,0.17822,gnina v1.3.3 master:6fe1ce2   Built Jun 30 2026.,static_crystal_polymer,,
4E4A,diffdock,scored,0.58206,gnina v1.3.3 master:6fe1ce2   Built Jun 30 2026.,static_crystal_polymer,,
4E49,equibind,scored,0.72865,gnina v1.3.3 master:6fe1ce2   Built Jun 30 2026.,static_crystal_polymer,,
4E49,diffdock,scored,0.79594,gnina v1.3.3 master:6fe1ce2   Built Jun 30 2026.,static_crystal_polymer,,
4E5D,equibind,scored,0.07813,gnina v1.3.3 master:6fe1ce2   Built Jun 30 2026.,static_crystal_polymer,,
4E5D,diffdock,scored,0.90072,gnina v1.3.3 master:6fe1ce2   Built Jun 30 2026.,static_crystal_polymer,,
4E3L,equibind,scored,0.31253,gnina v1.3.3 master:6fe1ce2   Built Jun 30 2026.,static_crystal_polymer,,
4E3L,diffdock,scored,0.52506,gnina v1.3.3 master:6fe1ce2   Built Jun 30 2026.,static_crystal_polymer,,
4E3O,equibind,scored,0.41182,gnina v1.3.3 master:6fe1ce2   Built Jun 30 2026.,static_crystal_polymer,,
4E3O,diffdock,scored,0.59242,gnina v1.3.3 master:6fe1ce2   Built Jun 30 2026.,static_crystal_polymer,,
4E6C,equibind,scored,0.46696,gnina v1.3.3 master:6fe1ce2   Built Jun 30 2026.,static_crystal_polymer,,
4E6C,diffdock,scored,0.44565,gnina v1.3.3 master:6fe1ce2   Built Jun 30 2026.,static_crystal_polymer,,
4E4N,equibind,scored,0.45376,gnina v1.3.3 master:6fe1ce2   Built Jun 30 2026.,static_crystal_polymer,,
4E4N,diffdock,scored,0.99435,gnina v1.3.3 master:6fe1ce2   Built Jun 30 2026.,static_crystal_polymer,,
4E5F,equibind,scored,0.91101,gnina v1.3.3 master:6fe1ce2   Built Jun 30 2026.,static_crystal_polymer,,
4E5F,diffdock,scored,0.77783,gnina v1.3.3 master:6fe1ce2   Built Jun 30 2026.,static_crystal_polymer,,
4E5H,equibind,scored,0.3795,gnina v1.3.3 master:6fe1ce2   Built Jun 30 2026.,static_crystal_polymer,,
4E5H,diffdock,scored,0.58259,gnina v1.3.3 master:6fe1ce2   Built Jun 30 2026.,static_crystal_polymer,,
4E5W,equibind,scored,0.13188,gnina v1.3.3 master:6fe1ce2   Built Jun 30 2026.,static_crystal_polymer,,
4E5W,diffdock,scored,0.6412,gnina v1.3.3 master:6fe1ce2   Built Jun 30 2026.,static_crystal_polymer,,
4E6D,equibind,scored,0.00369,gnina v1.3.3 master:6fe1ce2   Built Jun 30 2026.,static_crystal_polymer,,
4E6D,diffdock,scored,0.8423,gnina v1.3.3 master:6fe1ce2   Built Jun 30 2026.,static_crystal_polymer,,
4DWK,equibind,scored,0.00057,gnina v1.3.3 master:6fe1ce2   Built Jun 30 2026.,static_crystal_polymer,,
4DWK,diffdock,scored,0.02945,gnina v1.3.3 master:6fe1ce2   Built Jun 30 2026.,static_crystal_polymer,,
4E5G,equibind,scored,0.90099,gnina v1.3.3 master:6fe1ce2   Built Jun 30 2026.,static_crystal_polymer,,
4E5G,diffdock,scored,0.89243,gnina v1.3.3 master:6fe1ce2   Built Jun 30 2026.,static_crystal_polymer,,
4E4L,equibind,scored,0.1681,gnina v1.3.3 master:6fe1ce2   Built Jun 30 2026.,static_crystal_polymer,,
4E4L,diffdock,scored,0.59997,gnina v1.3.3 master:6fe1ce2   Built Jun 30 2026.,static_crystal_polymer,,
4E96,equibind,scored,0.5489,gnina v1.3.3 master:6fe1ce2   Built Jun 30 2026.,static_crystal_polymer,,
4E96,diffdock,scored,0.73613,gnina v1.3.3 master:6fe1ce2   Built Jun 30 2026.,static_crystal_polymer,,
4E6Q,equibind,scored,0.00092,gnina v1.3.3 master:6fe1ce2   Built Jun 30 2026.,static_crystal_polymer,,
4E6Q,diffdock,scored,0.71304,gnina v1.3.3 master:6fe1ce2   Built Jun 30 2026.,static_crystal_polymer,,
4E5J,equibind,scored,0.80956,gnina v1.3.3 master:6fe1ce2   Built Jun 30 2026.,static_crystal_polymer,,
4E5J,diffdock,scored,0.53354,gnina v1.3.3 master:6fe1ce2   Built Jun 30 2026.,static_crystal_polymer,,
4E9U,equibind,scored,0.19978,gnina v1.3.3 master:6fe1ce2   Built Jun 30 2026.,static_crystal_polymer,,
4E9U,diffdock,scored,0.30097,gnina v1.3.3 master:6fe1ce2   Built Jun 30 2026.,static_crystal_polymer,,
4EA1,equibind,scored,0.12727,gnina v1.3.3 master:6fe1ce2   Built Jun 30 2026.,static_crystal_polymer,,
4EA1,diffdock,scored,0.79468,gnina v1.3.3 master:6fe1ce2   Built Jun 30 2026.,static_crystal_polymer,,
4EA2,equibind,scored,0.50935,gnina v1.3.3 master:6fe1ce2   Built Jun 30 2026.,static_crystal_polymer,,
4EA2,diffdock,scored,0.45935,gnina v1.3.3 master:6fe1ce2   Built Jun 30 2026.,static_crystal_polymer,,
4E8W,equibind,scored,1e-05,gnina v1.3.3 master:6fe1ce2   Built Jun 30 2026.,static_crystal_polymer,,
4E8W,diffdock,scored,0.34822,gnina v1.3.3 master:6fe1ce2   Built Jun 30 2026.,static_crystal_polymer,,
4E90,equibind,scored,0.00311,gnina v1.3.3 master:6fe1ce2   Built Jun 30 2026.,static_crystal_polymer,,
4E90,diffdock,scored,0.15239,gnina v1.3.3 master:6fe1ce2   Built Jun 30 2026.,static_crystal_polymer,,
4E70,equibind,scored,0.0013,gnina v1.3.3 master:6fe1ce2   Built Jun 30 2026.,static_crystal_polymer,,
4E70,diffdock,scored,0.87805,gnina v1.3.3 master:6fe1ce2   Built Jun 30 2026.,static_crystal_polymer,,
4EDE,equibind,scored,9e-05,gnina v1.3.3 master:6fe1ce2   Built Jun 30 2026.,static_crystal_polymer,,
4EDE,diffdock,scored,0.33857,gnina v1.3.3 master:6fe1ce2   Built Jun 30 2026.,static_crystal_polymer,,
4EEH,equibind,scored,0.49692,gnina v1.3.3 master:6fe1ce2   Built Jun 30 2026.,static_crystal_polymer,,
4EEH,diffdock,scored,0.8949,gnina v1.3.3 master:6fe1ce2   Built Jun 30 2026.,static_crystal_polymer,,
4EEJ,equibind,scored,0.0633,gnina v1.3.3 master:6fe1ce2   Built Jun 30 2026.,static_crystal_polymer,,
4EEJ,diffdock,scored,0.36126,gnina v1.3.3 master:6fe1ce2   Built Jun 30 2026.,static_crystal_polymer,,
4EC0,equibind,scored,0.00028,gnina v1.3.3 master:6fe1ce2   Built Jun 30 2026.,static_crystal_polymer,,
4EC0,diffdock,scored,0.2463,gnina v1.3.3 master:6fe1ce2   Built Jun 30 2026.,static_crystal_polymer,,
4EFS,equibind,scored,0.52701,gnina v1.3.3 master:6fe1ce2   Built Jun 30 2026.,static_crystal_polymer,,
4EFS,diffdock,scored,0.94843,gnina v1.3.3 master:6fe1ce2   Built Jun 30 2026.,static_crystal_polymer,,
4EEV,equibind,scored,0.0013,gnina v1.3.3 master:6fe1ce2   Built Jun 30 2026.,static_crystal_polymer,,
4EEV,diffdock,scored,0.63213,gnina v1.3.3 master:6fe1ce2   Built Jun 30 2026.,static_crystal_polymer,,
4EFG,equibind,scored,0.00019,gnina v1.3.3 master:6fe1ce2   Built Jun 30 2026.,static_crystal_polymer,,
4EFG,diffdock,scored,0.14205,gnina v1.3.3 master:6fe1ce2   Built Jun 30 2026.,static_crystal_polymer,,
4EA3,equibind,scored,0.00298,gnina v1.3.3 master:6fe1ce2   Built Jun 30 2026.,static_crystal_polymer,,
4EA3,diffdock,scored,0.62279,gnina v1.3.3 master:6fe1ce2   Built Jun 30 2026.,static_crystal_polymer,,
4EFT,equibind,scored,0.10541,gnina v1.3.3 master:6fe1ce2   Built Jun 30 2026.,static_crystal_polymer,,
4EFT,diffdock,scored,0.45025,gnina v1.3.3 master:6fe1ce2   Built Jun 30 2026.,static_crystal_polymer,,
4EF6,equibind,scored,0.21246,gnina v1.3.3 master:6fe1ce2   Built Jun 30 2026.,static_crystal_polymer,,
4EF6,diffdock,scored,0.87075,gnina v1.3.3 master:6fe1ce2   Built Jun 30 2026.,static_crystal_polymer,,
4EFU,equibind,scored,0.58067,gnina v1.3.3 master:6fe1ce2   Built Jun 30 2026.,static_crystal_polymer,,
4EFU,diffdock,scored,0.50827,gnina v1.3.3 master:6fe1ce2   Built Jun 30 2026.,static_crystal_polymer,,
4EGH,equibind,scored,0.75165,gnina v1.3.3 master:6fe1ce2   Built Jun 30 2026.,static_crystal_polymer,,
4EGH,diffdock,scored,0.53533,gnina v1.3.3 master:6fe1ce2   Built Jun 30 2026.,static_crystal_polymer,,
4EGI,equibind,scored,0.09488,gnina v1.3.3 master:6fe1ce2   Built Jun 30 2026.,static_crystal_polymer,,
4EGI,diffdock,scored,0.41766,gnina v1.3.3 master:6fe1ce2   Built Jun 30 2026.,static_crystal_polymer,,
4EFK,equibind,scored,0.00199,gnina v1.3.3 master:6fe1ce2   Built Jun 30 2026.,static_crystal_polymer,,
4EFK,diffdock,scored,0.69559,gnina v1.3.3 master:6fe1ce2   Built Jun 30 2026.,static_crystal_polymer,,
4EH3,equibind,scored,0.00047,gnina v1.3.3 master:6fe1ce2   Built Jun 30 2026.,static_crystal_polymer,,
4EH3,diffdock,scored,0.83711,gnina v1.3.3 master:6fe1ce2   Built Jun 30 2026.,static_crystal_polymer,,
4EH4,equibind,scored,0.00842,gnina v1.3.3 master:6fe1ce2   Built Jun 30 2026.,static_crystal_polymer,,
4EH4,diffdock,scored,0.34899,gnina v1.3.3 master:6fe1ce2   Built Jun 30 2026.,static_crystal_polymer,,
4EH6,equibind,scored,0.47653,gnina v1.3.3 master:6fe1ce2   Built Jun 30 2026.,static_crystal_polymer,,
4EH6,diffdock,scored,0.26773,gnina v1.3.3 master:6fe1ce2   Built Jun 30 2026.,static_crystal_polymer,,
4EGK,equibind,scored,0.66391,gnina v1.3.3 master:6fe1ce2   Built Jun 30 2026.,static_crystal_polymer,,
4EGK,diffdock,scored,0.49905,gnina v1.3.3 master:6fe1ce2   Built Jun 30 2026.,static_crystal_polymer,,
4EH7,equibind,scored,0.00814,gnina v1.3.3 master:6fe1ce2   Built Jun 30 2026.,static_crystal_polymer,,
4EH7,diffdock,scored,0.60676,gnina v1.3.3 master:6fe1ce2   Built Jun 30 2026.,static_crystal_polymer,,
4EDZ,equibind,scored,0.00151,gnina v1.3.3 master:6fe1ce2   Built Jun 30 2026.,static_crystal_polymer,,
4EDZ,diffdock,scored,0.78892,gnina v1.3.3 master:6fe1ce2   Built Jun 30 2026.,static_crystal_polymer,,
4EH8,equibind,scored,0.17846,gnina v1.3.3 master:6fe1ce2   Built Jun 30 2026.,static_crystal_polymer,,
4EH8,diffdock,scored,0.53771,gnina v1.3.3 master:6fe1ce2   Built Jun 30 2026.,static_crystal_polymer,,
4EHR,equibind,scored,0.01507,gnina v1.3.3 master:6fe1ce2   Built Jun 30 2026.,static_crystal_polymer,,
4EHR,diffdock,scored,0.14114,gnina v1.3.3 master:6fe1ce2   Built Jun 30 2026.,static_crystal_polymer,,
4EHV,equibind,scored,0.00273,gnina v1.3.3 master:6fe1ce2   Built Jun 30 2026.,static_crystal_polymer,,
4EHV,diffdock,scored,0.65973,gnina v1.3.3 master:6fe1ce2   Built Jun 30 2026.,static_crystal_polymer,,
4EHM,equibind,scored,0.32248,gnina v1.3.3 master:6fe1ce2   Built Jun 30 2026.,static_crystal_polymer,,
4EHM,diffdock,scored,0.54607,gnina v1.3.3 master:6fe1ce2   Built Jun 30 2026.,static_crystal_polymer,,
4EHE,equibind,scored,0.00106,gnina v1.3.3 master:6fe1ce2   Built Jun 30 2026.,static_crystal_polymer,,
4EHE,diffdock,scored,0.37304,gnina v1.3.3 master:6fe1ce2   Built Jun 30 2026.,static_crystal_polymer,,
4EJ8,equibind,scored,0.23524,gnina v1.3.3 master:6fe1ce2   Built Jun 30 2026.,static_crystal_polymer,,
4EJ8,diffdock,scored,0.51628,gnina v1.3.3 master:6fe1ce2   Built Jun 30 2026.,static_crystal_polymer,,
4EKI,equibind,scored,0.00058,gnina v1.3.3 master:6fe1ce2   Built Jun 30 2026.,static_crystal_polymer,,
4EKI,diffdock,scored,0.64651,gnina v1.3.3 master:6fe1ce2   Built Jun 30 2026.,static_crystal_polymer,,
4EI4,equibind,scored,0.58716,gnina v1.3.3 master:6fe1ce2   Built Jun 30 2026.,static_crystal_polymer,,
4EI4,diffdock,scored,0.99004,gnina v1.3.3 master:6fe1ce2   Built Jun 30 2026.,static_crystal_polymer,,
4EJ2,equibind,scored,0.00786,gnina v1.3.3 master:6fe1ce2   Built Jun 30 2026.,static_crystal_polymer,,
4EJ2,diffdock,scored,0.24799,gnina v1.3.3 master:6fe1ce2   Built Jun 30 2026.,static_crystal_polymer,,
4EL9,equibind,scored,0.28455,gnina v1.3.3 master:6fe1ce2   Built Jun 30 2026.,static_crystal_polymer,,
4EL9,diffdock,scored,0.77681,gnina v1.3.3 master:6fe1ce2   Built Jun 30 2026.,static_crystal_polymer,,
4EKE,equibind,scored,0.08185,gnina v1.3.3 master:6fe1ce2   Built Jun 30 2026.,static_crystal_polymer,,
4EKE,diffdock,scored,0.4959,gnina v1.3.3 master:6fe1ce2   Built Jun 30 2026.,static_crystal_polymer,,
4EKY,equibind,scored,0.03449,gnina v1.3.3 master:6fe1ce2   Built Jun 30 2026.,static_crystal_polymer,,
4EKY,diffdock,scored,0.7757,gnina v1.3.3 master:6fe1ce2   Built Jun 30 2026.,static_crystal_polymer,,
4EL0,equibind,scored,0.52855,gnina v1.3.3 master:6fe1ce2   Built Jun 30 2026.,static_crystal_polymer,,
4EL0,diffdock,scored,0.83242,gnina v1.3.3 master:6fe1ce2   Built Jun 30 2026.,static_crystal_polymer,,
4EM7,equibind,scored,0.19539,gnina v1.3.3 master:6fe1ce2   Built Jun 30 2026.,static_crystal_polymer,,
4EM7,diffdock,scored,0.78886,gnina v1.3.3 master:6fe1ce2   Built Jun 30 2026.,static_crystal_polymer,,
4EHZ,equibind,scored,0.00679,gnina v1.3.3 master:6fe1ce2   Built Jun 30 2026.,static_crystal_polymer,,
4EHZ,diffdock,scored,0.9871,gnina v1.3.3 master:6fe1ce2   Built Jun 30 2026.,static_crystal_polymer,,
4EL5,equibind,scored,0.23016,gnina v1.3.3 master:6fe1ce2   Built Jun 30 2026.,static_crystal_polymer,,
4EL5,diffdock,scored,0.68744,gnina v1.3.3 master:6fe1ce2   Built Jun 30 2026.,static_crystal_polymer,,
4EMT,equibind,scored,0.02914,gnina v1.3.3 master:6fe1ce2   Built Jun 30 2026.,static_crystal_polymer,,
4EMT,diffdock,scored,0.02863,gnina v1.3.3 master:6fe1ce2   Built Jun 30 2026.,static_crystal_polymer,,
4ENY,equibind,scored,0.07274,gnina v1.3.3 master:6fe1ce2   Built Jun 30 2026.,static_crystal_polymer,,
4ENY,diffdock,scored,0.45954,gnina v1.3.3 master:6fe1ce2   Built Jun 30 2026.,static_crystal_polymer,,
4EN4,equibind,scored,0.20925,gnina v1.3.3 master:6fe1ce2   Built Jun 30 2026.,static_crystal_polymer,,
4EN4,diffdock,scored,0.37343,gnina v1.3.3 master:6fe1ce2   Built Jun 30 2026.,static_crystal_polymer,,
4ELE,equibind,scored,0.00023,gnina v1.3.3 master:6fe1ce2   Built Jun 30 2026.,static_crystal_polymer,,
4ELE,diffdock,scored,0.78909,gnina v1.3.3 master:6fe1ce2   Built Jun 30 2026.,static_crystal_polymer,,
4ELB,equibind,scored,0.0,gnina v1.3.3 master:6fe1ce2   Built Jun 30 2026.,static_crystal_polymer,,
4ELB,diffdock,scored,0.75728,gnina v1.3.3 master:6fe1ce2   Built Jun 30 2026.,static_crystal_polymer,,
4EB9,equibind,scored,0.00015,gnina v1.3.3 master:6fe1ce2   Built Jun 30 2026.,static_crystal_polymer,,
4EB9,diffdock,scored,0.07524,gnina v1.3.3 master:6fe1ce2   Built Jun 30 2026.,static_crystal_polymer,,
4ELG,equibind,scored,0.00011,gnina v1.3.3 master:6fe1ce2   Built Jun 30 2026.,static_crystal_polymer,,
4ELG,diffdock,scored,0.7842,gnina v1.3.3 master:6fe1ce2   Built Jun 30 2026.,static_crystal_polymer,,
4ELH,equibind,scored,0.00043,gnina v1.3.3 master:6fe1ce2   Built Jun 30 2026.,static_crystal_polymer,,
4ELH,diffdock,scored,0.71721,gnina v1.3.3 master:6fe1ce2   Built Jun 30 2026.,static_crystal_polymer,,
4EOX,equibind,scored,0.54195,gnina v1.3.3 master:6fe1ce2   Built Jun 30 2026.,static_crystal_polymer,,
4EOX,diffdock,scored,0.57109,gnina v1.3.3 master:6fe1ce2   Built Jun 30 2026.,static_crystal_polymer,,
4EO6,equibind,scored,0.02602,gnina v1.3.3 master:6fe1ce2   Built Jun 30 2026.,static_crystal_polymer,,
4EO6,diffdock,scored,0.84362,gnina v1.3.3 master:6fe1ce2   Built Jun 30 2026.,static_crystal_polymer,,
4EO8,equibind,scored,0.07821,gnina v1.3.3 master:6fe1ce2   Built Jun 30 2026.,static_crystal_polymer,,
4EO8,diffdock,scored,0.86955,gnina v1.3.3 master:6fe1ce2   Built Jun 30 2026.,static_crystal_polymer,,
4ELF,equibind,scored,3e-05,gnina v1.3.3 master:6fe1ce2   Built Jun 30 2026.,static_crystal_polymer,,
4ELF,diffdock,scored,0.68588,gnina v1.3.3 master:6fe1ce2   Built Jun 30 2026.,static_crystal_polymer,,
4EOI,equibind,scored,0.00035,gnina v1.3.3 master:6fe1ce2   Built Jun 30 2026.,static_crystal_polymer,,
4EOI,diffdock,scored,0.92353,gnina v1.3.3 master:6fe1ce2   Built Jun 30 2026.,static_crystal_polymer,,
4EOL,equibind,scored,0.00325,gnina v1.3.3 master:6fe1ce2   Built Jun 30 2026.,static_crystal_polymer,,
4EOL,diffdock,scored,0.67087,gnina v1.3.3 master:6fe1ce2   Built Jun 30 2026.,static_crystal_polymer,,
4EPY,equibind,scored,0.02863,gnina v1.3.3 master:6fe1ce2   Built Jun 30 2026.,static_crystal_polymer,,
4EPY,diffdock,scored,0.25161,gnina v1.3.3 master:6fe1ce2   Built Jun 30 2026.,static_crystal_polymer,,
4ERK,equibind,scored,0.03643,gnina v1.3.3 master:6fe1ce2   Built Jun 30 2026.,static_crystal_polymer,,
4ERK,diffdock,scored,0.81799,gnina v1.3.3 master:6fe1ce2   Built Jun 30 2026.,static_crystal_polymer,,
4EON,equibind,scored,0.00073,gnina v1.3.3 master:6fe1ce2   Built Jun 30 2026.,static_crystal_polymer,,
4EON,diffdock,scored,0.39444,gnina v1.3.3 master:6fe1ce2   Built Jun 30 2026.,static_crystal_polymer,,
4ERE,equibind,scored,0.00185,gnina v1.3.3 master:6fe1ce2   Built Jun 30 2026.,static_crystal_polymer,,
4ERE,diffdock,scored,0.54997,gnina v1.3.3 master:6fe1ce2   Built Jun 30 2026.,static_crystal_polymer,,
4EU0,equibind,scored,1e-05,gnina v1.3.3 master:6fe1ce2   Built Jun 30 2026.,static_crystal_polymer,,
4EU0,diffdock,scored,0.0016,gnina v1.3.3 master:6fe1ce2   Built Jun 30 2026.,static_crystal_polymer,,
4EOP,equibind,scored,2e-05,gnina v1.3.3 master:6fe1ce2   Built Jun 30 2026.,static_crystal_polymer,,
4EOP,diffdock,scored,0.37344,gnina v1.3.3 master:6fe1ce2   Built Jun 30 2026.,static_crystal_polymer,,
4EO4,equibind,scored,3e-05,gnina v1.3.3 master:6fe1ce2   Built Jun 30 2026.,static_crystal_polymer,,
4EO4,diffdock,scored,0.4921,gnina v1.3.3 master:6fe1ce2   Built Jun 30 2026.,static_crystal_polymer,,
4EUV,equibind,scored,1e-05,gnina v1.3.3 master:6fe1ce2   Built Jun 30 2026.,static_crystal_polymer,,
4EUV,diffdock,scored,0.03526,gnina v1.3.3 master:6fe1ce2   Built Jun 30 2026.,static_crystal_polymer,,
4EUO,equibind,scored,0.66049,gnina v1.3.3 master:6fe1ce2   Built Jun 30 2026.,static_crystal_polymer,,
4EUO,diffdock,scored,0.93604,gnina v1.3.3 master:6fe1ce2   Built Jun 30 2026.,static_crystal_polymer,,
4EW3,equibind,scored,0.0033,gnina v1.3.3 master:6fe1ce2   Built Jun 30 2026.,static_crystal_polymer,,
4EW3,diffdock,scored,0.93055,gnina v1.3.3 master:6fe1ce2   Built Jun 30 2026.,static_crystal_polymer,,
4EWN,equibind,scored,0.03735,gnina v1.3.3 master:6fe1ce2   Built Jun 30 2026.,static_crystal_polymer,,
4EWN,diffdock,scored,0.8813,gnina v1.3.3 master:6fe1ce2   Built Jun 30 2026.,static_crystal_polymer,,
4ETZ,equibind,scored,2e-05,gnina v1.3.3 master:6fe1ce2   Built Jun 30 2026.,static_crystal_polymer,,
4ETZ,diffdock,scored,0.00986,gnina v1.3.3 master:6fe1ce2   Built Jun 30 2026.,static_crystal_polymer,,
4EOS,equibind,scored,0.00136,gnina v1.3.3 master:6fe1ce2   Built Jun 30 2026.,static_crystal_polymer,,
4EOS,diffdock,scored,0.76,gnina v1.3.3 master:6fe1ce2   Built Jun 30 2026.,static_crystal_polymer,,
4EXZ,equibind,scored,0.00166,gnina v1.3.3 master:6fe1ce2   Built Jun 30 2026.,static_crystal_polymer,,
4EXZ,diffdock,scored,0.21309,gnina v1.3.3 master:6fe1ce2   Built Jun 30 2026.,static_crystal_polymer,,
4EXS,equibind,scored,0.16872,gnina v1.3.3 master:6fe1ce2   Built Jun 30 2026.,static_crystal_polymer,,
4EXS,diffdock,scored,0.85514,gnina v1.3.3 master:6fe1ce2   Built Jun 30 2026.,static_crystal_polymer,,
4EYM,equibind,scored,0.25948,gnina v1.3.3 master:6fe1ce2   Built Jun 30 2026.,static_crystal_polymer,,
4EYM,diffdock,scored,0.85072,gnina v1.3.3 master:6fe1ce2   Built Jun 30 2026.,static_crystal_polymer,,
4EC4,equibind,scored,3e-05,gnina v1.3.3 master:6fe1ce2   Built Jun 30 2026.,static_crystal_polymer,,
4EC4,diffdock,scored,0.00857,gnina v1.3.3 master:6fe1ce2   Built Jun 30 2026.,static_crystal_polymer,,
4EU3,equibind,scored,0.42946,gnina v1.3.3 master:6fe1ce2   Built Jun 30 2026.,static_crystal_polymer,,
4EU3,diffdock,scored,0.78196,gnina v1.3.3 master:6fe1ce2   Built Jun 30 2026.,static_crystal_polymer,,
4EXG,equibind,scored,0.47507,gnina v1.3.3 master:6fe1ce2   Built Jun 30 2026.,static_crystal_polymer,,
4EXG,diffdock,scored,0.89771,gnina v1.3.3 master:6fe1ce2   Built Jun 30 2026.,static_crystal_polymer,,
4EYR,equibind,scored,0.00621,gnina v1.3.3 master:6fe1ce2   Built Jun 30 2026.,static_crystal_polymer,,
4EYR,diffdock,scored,0.52919,gnina v1.3.3 master:6fe1ce2   Built Jun 30 2026.,static_crystal_polymer,,
4EYJ,equibind,scored,0.00061,gnina v1.3.3 master:6fe1ce2   Built Jun 30 2026.,static_crystal_polymer,,
4EYJ,diffdock,scored,0.36538,gnina v1.3.3 master:6fe1ce2   Built Jun 30 2026.,static_crystal_polymer,,
4F09,equibind,scored,0.26948,gnina v1.3.3 master:6fe1ce2   Built Jun 30 2026.,static_crystal_polymer,,
4F09,diffdock,scored,0.9889,gnina v1.3.3 master:6fe1ce2   Built Jun 30 2026.,static_crystal_polymer,,
4F0C,equibind,scored,0.00025,gnina v1.3.3 master:6fe1ce2   Built Jun 30 2026.,static_crystal_polymer,,
4F0C,diffdock,scored,0.43735,gnina v1.3.3 master:6fe1ce2   Built Jun 30 2026.,static_crystal_polymer,,
4F3I,equibind,scored,0.19609,gnina v1.3.3 master:6fe1ce2   Built Jun 30 2026.,static_crystal_polymer,,
4F3I,diffdock,scored,0.96269,gnina v1.3.3 master:6fe1ce2   Built Jun 30 2026.,static_crystal_polymer,,
4F1Q,equibind,scored,0.00266,gnina v1.3.3 master:6fe1ce2   Built Jun 30 2026.,static_crystal_polymer,,
4F1Q,diffdock,scored,0.66248,gnina v1.3.3 master:6fe1ce2   Built Jun 30 2026.,static_crystal_polymer,,
4F39,equibind,scored,0.09762,gnina v1.3.3 master:6fe1ce2   Built Jun 30 2026.,static_crystal_polymer,,
4F39,diffdock,scored,0.97314,gnina v1.3.3 master:6fe1ce2   Built Jun 30 2026.,static_crystal_polymer,,
4F08,equibind,scored,0.01853,gnina v1.3.3 master:6fe1ce2   Built Jun 30 2026.,static_crystal_polymer,,
4F08,diffdock,scored,0.98652,gnina v1.3.3 master:6fe1ce2   Built Jun 30 2026.,static_crystal_polymer,,
4F2W,equibind,scored,0.79782,gnina v1.3.3 master:6fe1ce2   Built Jun 30 2026.,static_crystal_polymer,,
4F2W,diffdock,scored,0.98288,gnina v1.3.3 master:6fe1ce2   Built Jun 30 2026.,static_crystal_polymer,,
4EZJ,equibind,scored,0.12681,gnina v1.3.3 master:6fe1ce2   Built Jun 30 2026.,static_crystal_polymer,,
4EZJ,diffdock,scored,0.9386,gnina v1.3.3 master:6fe1ce2   Built Jun 30 2026.,static_crystal_polymer,,
4F4P,equibind,scored,0.53191,gnina v1.3.3 master:6fe1ce2   Built Jun 30 2026.,static_crystal_polymer,,
4F4P,diffdock,scored,0.81048,gnina v1.3.3 master:6fe1ce2   Built Jun 30 2026.,static_crystal_polymer,,
4F5Y,equibind,scored,0.01493,gnina v1.3.3 master:6fe1ce2   Built Jun 30 2026.,static_crystal_polymer,,
4F5Y,diffdock,scored,0.00414,gnina v1.3.3 master:6fe1ce2   Built Jun 30 2026.,static_crystal_polymer,,
4F64,equibind,scored,0.00019,gnina v1.3.3 master:6fe1ce2   Built Jun 30 2026.,static_crystal_polymer,,
4F64,diffdock,scored,0.81902,gnina v1.3.3 master:6fe1ce2   Built Jun 30 2026.,static_crystal_polymer,,
4F6S,equibind,scored,0.19476,gnina v1.3.3 master:6fe1ce2   Built Jun 30 2026.,static_crystal_polymer,,
4F6S,diffdock,scored,0.60211,gnina v1.3.3 master:6fe1ce2   Built Jun 30 2026.,static_crystal_polymer,,
4EUC,equibind,scored,0.0,gnina v1.3.3 master:6fe1ce2   Built Jun 30 2026.,static_crystal_polymer,,
4EUC,diffdock,scored,0.67375,gnina v1.3.3 master:6fe1ce2   Built Jun 30 2026.,static_crystal_polymer,,
4F7J,equibind,scored,0.07091,gnina v1.3.3 master:6fe1ce2   Built Jun 30 2026.,static_crystal_polymer,,
4F7J,diffdock,scored,0.7562,gnina v1.3.3 master:6fe1ce2   Built Jun 30 2026.,static_crystal_polymer,,
4F6U,equibind,scored,0.06406,gnina v1.3.3 master:6fe1ce2   Built Jun 30 2026.,static_crystal_polymer,,
4F6U,diffdock,scored,0.79364,gnina v1.3.3 master:6fe1ce2   Built Jun 30 2026.,static_crystal_polymer,,
4F9G,equibind,scored,0.01523,gnina v1.3.3 master:6fe1ce2   Built Jun 30 2026.,static_crystal_polymer,,
4F9G,diffdock,scored,0.01077,gnina v1.3.3 master:6fe1ce2   Built Jun 30 2026.,static_crystal_polymer,,
4F7L,equibind,scored,0.00078,gnina v1.3.3 master:6fe1ce2   Built Jun 30 2026.,static_crystal_polymer,,
4F7L,diffdock,scored,0.84525,gnina v1.3.3 master:6fe1ce2   Built Jun 30 2026.,static_crystal_polymer,,
4F7N,equibind,scored,0.00101,gnina v1.3.3 master:6fe1ce2   Built Jun 30 2026.,static_crystal_polymer,,
4F7N,diffdock,scored,0.83467,gnina v1.3.3 master:6fe1ce2   Built Jun 30 2026.,static_crystal_polymer,,
4F9W,equibind,scored,0.38866,gnina v1.3.3 master:6fe1ce2   Built Jun 30 2026.,static_crystal_polymer,,
4F9W,diffdock,scored,0.28066,gnina v1.3.3 master:6fe1ce2   Built Jun 30 2026.,static_crystal_polymer,,
4FBX,equibind,scored,0.35253,gnina v1.3.3 master:6fe1ce2   Built Jun 30 2026.,static_crystal_polymer,,
4FBX,diffdock,scored,0.28415,gnina v1.3.3 master:6fe1ce2   Built Jun 30 2026.,static_crystal_polymer,,
4F9U,equibind,scored,0.00112,gnina v1.3.3 master:6fe1ce2   Built Jun 30 2026.,static_crystal_polymer,,
4F9U,diffdock,scored,0.71922,gnina v1.3.3 master:6fe1ce2   Built Jun 30 2026.,static_crystal_polymer,,
4FCQ,equibind,scored,0.57464,gnina v1.3.3 master:6fe1ce2   Built Jun 30 2026.,static_crystal_polymer,,
4FCQ,diffdock,scored,0.55627,gnina v1.3.3 master:6fe1ce2   Built Jun 30 2026.,static_crystal_polymer,,
4FCF,equibind,scored,0.00526,gnina v1.3.3 master:6fe1ce2   Built Jun 30 2026.,static_crystal_polymer,,
4FCF,diffdock,scored,0.13036,gnina v1.3.3 master:6fe1ce2   Built Jun 30 2026.,static_crystal_polymer,,
4F49,equibind,scored,0.00078,gnina v1.3.3 master:6fe1ce2   Built Jun 30 2026.,static_crystal_polymer,,
4F49,diffdock,scored,0.25792,gnina v1.3.3 master:6fe1ce2   Built Jun 30 2026.,static_crystal_polymer,,
4F9V,equibind,scored,4e-05,gnina v1.3.3 master:6fe1ce2   Built Jun 30 2026.,static_crystal_polymer,,
4F9V,diffdock,scored,0.42655,gnina v1.3.3 master:6fe1ce2   Built Jun 30 2026.,static_crystal_polymer,,
4FAI,equibind,scored,0.08264,gnina v1.3.3 master:6fe1ce2   Built Jun 30 2026.,static_crystal_polymer,,
4FAI,diffdock,scored,0.6258,gnina v1.3.3 master:6fe1ce2   Built Jun 30 2026.,static_crystal_polymer,,
4FFS,equibind,scored,0.00735,gnina v1.3.3 master:6fe1ce2   Built Jun 30 2026.,static_crystal_polymer,,
4FFS,diffdock,scored,0.91591,gnina v1.3.3 master:6fe1ce2   Built Jun 30 2026.,static_crystal_polymer,,
4FIV,equibind,scored,0.00118,gnina v1.3.3 master:6fe1ce2   Built Jun 30 2026.,static_crystal_polymer,,
4FIV,diffdock,scored,0.55345,gnina v1.3.3 master:6fe1ce2   Built Jun 30 2026.,static_crystal_polymer,,
4FHH,equibind,scored,0.25814,gnina v1.3.3 master:6fe1ce2   Built Jun 30 2026.,static_crystal_polymer,,
4FHH,diffdock,scored,0.62256,gnina v1.3.3 master:6fe1ce2   Built Jun 30 2026.,static_crystal_polymer,,
4FHI,equibind,scored,0.5369,gnina v1.3.3 master:6fe1ce2   Built Jun 30 2026.,static_crystal_polymer,,
4FHI,diffdock,scored,0.77087,gnina v1.3.3 master:6fe1ce2   Built Jun 30 2026.,static_crystal_polymer,,
4FBE,equibind,scored,0.01844,gnina v1.3.3 master:6fe1ce2   Built Jun 30 2026.,static_crystal_polymer,,
4FBE,diffdock,scored,0.67918,gnina v1.3.3 master:6fe1ce2   Built Jun 30 2026.,static_crystal_polymer,,
4FHT,equibind,scored,0.00055,gnina v1.3.3 master:6fe1ce2   Built Jun 30 2026.,static_crystal_polymer,,
4FHT,diffdock,scored,0.74758,gnina v1.3.3 master:6fe1ce2   Built Jun 30 2026.,static_crystal_polymer,,
4FIC,equibind,scored,0.00229,gnina v1.3.3 master:6fe1ce2   Built Jun 30 2026.,static_crystal_polymer,,
4FIC,diffdock,scored,0.88783,gnina v1.3.3 master:6fe1ce2   Built Jun 30 2026.,static_crystal_polymer,,
4FL1,equibind,scored,0.4879,gnina v1.3.3 master:6fe1ce2   Built Jun 30 2026.,static_crystal_polymer,,
4FL1,diffdock,scored,0.50644,gnina v1.3.3 master:6fe1ce2   Built Jun 30 2026.,static_crystal_polymer,,
4FGZ,equibind,scored,0.1095,gnina v1.3.3 master:6fe1ce2   Built Jun 30 2026.,static_crystal_polymer,,
4FGZ,diffdock,scored,0.82357,gnina v1.3.3 master:6fe1ce2   Built Jun 30 2026.,static_crystal_polymer,,
4FL2,equibind,scored,0.28133,gnina v1.3.3 master:6fe1ce2   Built Jun 30 2026.,static_crystal_polymer,,
4FL2,diffdock,scored,0.19679,gnina v1.3.3 master:6fe1ce2   Built Jun 30 2026.,static_crystal_polymer,,
4FK6,equibind,scored,0.03815,gnina v1.3.3 master:6fe1ce2   Built Jun 30 2026.,static_crystal_polymer,,
4FK6,diffdock,scored,0.82559,gnina v1.3.3 master:6fe1ce2   Built Jun 30 2026.,static_crystal_polymer,,
4FLI,equibind,scored,0.01205,gnina v1.3.3 master:6fe1ce2   Built Jun 30 2026.,static_crystal_polymer,,
4FLI,diffdock,scored,0.73739,gnina v1.3.3 master:6fe1ce2   Built Jun 30 2026.,static_crystal_polymer,,
4FL3,equibind,scored,0.12135,gnina v1.3.3 master:6fe1ce2   Built Jun 30 2026.,static_crystal_polymer,,
4FL3,diffdock,scored,0.11502,gnina v1.3.3 master:6fe1ce2   Built Jun 30 2026.,static_crystal_polymer,,
4FLJ,equibind,scored,0.00404,gnina v1.3.3 master:6fe1ce2   Built Jun 30 2026.,static_crystal_polymer,,
4FLJ,diffdock,scored,0.94437,gnina v1.3.3 master:6fe1ce2   Built Jun 30 2026.,static_crystal_polymer,,
4FKK,equibind,scored,0.03088,gnina v1.3.3 master:6fe1ce2   Built Jun 30 2026.,static_crystal_polymer,,
4FKK,diffdock,scored,0.66406,gnina v1.3.3 master:6fe1ce2   Built Jun 30 2026.,static_crystal_polymer,,
4FLK,equibind,scored,0.13593,gnina v1.3.3 master:6fe1ce2   Built Jun 30 2026.,static_crystal_polymer,,
4FLK,diffdock,scored,0.94231,gnina v1.3.3 master:6fe1ce2   Built Jun 30 2026.,static_crystal_polymer,,
4FMU,equibind,scored,0.0014,gnina v1.3.3 master:6fe1ce2   Built Jun 30 2026.,static_crystal_polymer,,
4FMU,diffdock,scored,0.87632,gnina v1.3.3 master:6fe1ce2   Built Jun 30 2026.,static_crystal_polymer,,
4FM8,equibind,scored,0.0283,gnina v1.3.3 master:6fe1ce2   Built Jun 30 2026.,static_crystal_polymer,,
4FM8,diffdock,scored,0.57236,gnina v1.3.3 master:6fe1ce2   Built Jun 30 2026.,static_crystal_polymer,,
4FM7,equibind,scored,0.00789,gnina v1.3.3 master:6fe1ce2   Built Jun 30 2026.,static_crystal_polymer,,
4FM7,diffdock,scored,0.42231,gnina v1.3.3 master:6fe1ce2   Built Jun 30 2026.,static_crystal_polymer,,
4FOB,equibind,scored,0.10172,gnina v1.3.3 master:6fe1ce2   Built Jun 30 2026.,static_crystal_polymer,,
4FOB,diffdock,scored,0.48383,gnina v1.3.3 master:6fe1ce2   Built Jun 30 2026.,static_crystal_polymer,,
4FNY,equibind,scored,0.11076,gnina v1.3.3 master:6fe1ce2   Built Jun 30 2026.,static_crystal_polymer,,
4FNY,diffdock,scored,0.93169,gnina v1.3.3 master:6fe1ce2   Built Jun 30 2026.,static_crystal_polymer,,
4FNZ,equibind,scored,0.00172,gnina v1.3.3 master:6fe1ce2   Built Jun 30 2026.,static_crystal_polymer,,
4FNZ,diffdock,scored,0.7876,gnina v1.3.3 master:6fe1ce2   Built Jun 30 2026.,static_crystal_polymer,,
4FRJ,equibind,scored,0.42434,gnina v1.3.3 master:6fe1ce2   Built Jun 30 2026.,static_crystal_polymer,,
4FRJ,diffdock,scored,0.16323,gnina v1.3.3 master:6fe1ce2   Built Jun 30 2026.,static_crystal_polymer,,
4FRK,equibind,scored,0.59133,gnina v1.3.3 master:6fe1ce2   Built Jun 30 2026.,static_crystal_polymer,,
4FRK,diffdock,scored,0.55823,gnina v1.3.3 master:6fe1ce2   Built Jun 30 2026.,static_crystal_polymer,,
4FVQ,equibind,scored,0.21892,gnina v1.3.3 master:6fe1ce2   Built Jun 30 2026.,static_crystal_polymer,,
4FVQ,diffdock,scored,0.60523,gnina v1.3.3 master:6fe1ce2   Built Jun 30 2026.,static_crystal_polymer,,
4FNN,equibind,scored,0.00199,gnina v1.3.3 master:6fe1ce2   Built Jun 30 2026.,static_crystal_polymer,,
4FNN,diffdock,scored,0.10581,gnina v1.3.3 master:6fe1ce2   Built Jun 30 2026.,static_crystal_polymer,,
4F8H,equibind,scored,0.27734,gnina v1.3.3 master:6fe1ce2   Built Jun 30 2026.,static_crystal_polymer,,
4F8H,diffdock,scored,0.79938,gnina v1.3.3 master:6fe1ce2   Built Jun 30 2026.,static_crystal_polymer,,
4FVR,equibind,scored,0.21862,gnina v1.3.3 master:6fe1ce2   Built Jun 30 2026.,static_crystal_polymer,,
4FVR,diffdock,scored,0.70373,gnina v1.3.3 master:6fe1ce2   Built Jun 30 2026.,static_crystal_polymer,,
4FXP,equibind,scored,0.0,gnina v1.3.3 master:6fe1ce2   Built Jun 30 2026.,static_crystal_polymer,,
4FXP,diffdock,scored,0.70044,gnina v1.3.3 master:6fe1ce2   Built Jun 30 2026.,static_crystal_polymer,,
4FXZ,equibind,scored,0.41264,gnina v1.3.3 master:6fe1ce2   Built Jun 30 2026.,static_crystal_polymer,,
4FXZ,diffdock,scored,0.6998,gnina v1.3.3 master:6fe1ce2   Built Jun 30 2026.,static_crystal_polymer,,
4FXQ,equibind,scored,0.00166,gnina v1.3.3 master:6fe1ce2   Built Jun 30 2026.,static_crystal_polymer,,
4FXQ,diffdock,scored,0.68905,gnina v1.3.3 master:6fe1ce2   Built Jun 30 2026.,static_crystal_polymer,,
4FP1,equibind,scored,0.39618,gnina v1.3.3 master:6fe1ce2   Built Jun 30 2026.,static_crystal_polymer,,
4FP1,diffdock,scored,0.88899,gnina v1.3.3 master:6fe1ce2   Built Jun 30 2026.,static_crystal_polymer,,
4G0P,equibind,scored,0.02788,gnina v1.3.3 master:6fe1ce2   Built Jun 30 2026.,static_crystal_polymer,,
4G0P,diffdock,scored,0.77037,gnina v1.3.3 master:6fe1ce2   Built Jun 30 2026.,static_crystal_polymer,,
4FZJ,equibind,scored,0.08025,gnina v1.3.3 master:6fe1ce2   Built Jun 30 2026.,static_crystal_polymer,,
4FZJ,diffdock,scored,0.95285,gnina v1.3.3 master:6fe1ce2   Built Jun 30 2026.,static_crystal_polymer,,
4G0L,equibind,scored,0.00025,gnina v1.3.3 master:6fe1ce2   Built Jun 30 2026.,static_crystal_polymer,,
4G0L,diffdock,scored,0.9923,gnina v1.3.3 master:6fe1ce2   Built Jun 30 2026.,static_crystal_polymer,,
4FEV,equibind,scored,2e-05,gnina v1.3.3 master:6fe1ce2   Built Jun 30 2026.,static_crystal_polymer,,
4FEV,diffdock,scored,0.91843,gnina v1.3.3 master:6fe1ce2   Built Jun 30 2026.,static_crystal_polymer,,
4G0Y,equibind,scored,0.52715,gnina v1.3.3 master:6fe1ce2   Built Jun 30 2026.,static_crystal_polymer,,
4G0Y,diffdock,scored,0.92204,gnina v1.3.3 master:6fe1ce2   Built Jun 30 2026.,static_crystal_polymer,,
4G0Q,equibind,scored,0.02535,gnina v1.3.3 master:6fe1ce2   Built Jun 30 2026.,static_crystal_polymer,,
4G0Q,diffdock,scored,0.93174,gnina v1.3.3 master:6fe1ce2   Built Jun 30 2026.,static_crystal_polymer,,
4G0K,equibind,scored,3e-05,gnina v1.3.3 master:6fe1ce2   Built Jun 30 2026.,static_crystal_polymer,,
4G0K,diffdock,scored,0.62499,gnina v1.3.3 master:6fe1ce2   Built Jun 30 2026.,static_crystal_polymer,,
4FEW,equibind,scored,0.03995,gnina v1.3.3 master:6fe1ce2   Built Jun 30 2026.,static_crystal_polymer,,
4FEW,diffdock,scored,0.56465,gnina v1.3.3 master:6fe1ce2   Built Jun 30 2026.,static_crystal_polymer,,
4G0Z,equibind,scored,0.14393,gnina v1.3.3 master:6fe1ce2   Built Jun 30 2026.,static_crystal_polymer,,
4G0Z,diffdock,scored,0.78966,gnina v1.3.3 master:6fe1ce2   Built Jun 30 2026.,static_crystal_polymer,,
4FYH,equibind,scored,0.00011,gnina v1.3.3 master:6fe1ce2   Built Jun 30 2026.,static_crystal_polymer,,
4FYH,diffdock,scored,0.59697,gnina v1.3.3 master:6fe1ce2   Built Jun 30 2026.,static_crystal_polymer,,
4G2Y,equibind,scored,0.15373,gnina v1.3.3 master:6fe1ce2   Built Jun 30 2026.,static_crystal_polymer,,
4G2Y,diffdock,scored,0.48715,gnina v1.3.3 master:6fe1ce2   Built Jun 30 2026.,static_crystal_polymer,,
4G2F,equibind,scored,0.65906,gnina v1.3.3 master:6fe1ce2   Built Jun 30 2026.,static_crystal_polymer,,
4G2F,diffdock,scored,0.92034,gnina v1.3.3 master:6fe1ce2   Built Jun 30 2026.,static_crystal_polymer,,
4G3G,equibind,scored,0.0978,gnina v1.3.3 master:6fe1ce2   Built Jun 30 2026.,static_crystal_polymer,,
4G3G,diffdock,scored,0.6503,gnina v1.3.3 master:6fe1ce2   Built Jun 30 2026.,static_crystal_polymer,,
4G4P,equibind,scored,0.10246,gnina v1.3.3 master:6fe1ce2   Built Jun 30 2026.,static_crystal_polymer,,
4G4P,diffdock,scored,0.12467,gnina v1.3.3 master:6fe1ce2   Built Jun 30 2026.,static_crystal_polymer,,
4G11,equibind,scored,0.11684,gnina v1.3.3 master:6fe1ce2   Built Jun 30 2026.,static_crystal_polymer,,
4G11,diffdock,scored,0.12823,gnina v1.3.3 master:6fe1ce2   Built Jun 30 2026.,static_crystal_polymer,,
4FXJ,equibind,scored,0.00012,gnina v1.3.3 master:6fe1ce2   Built Jun 30 2026.,static_crystal_polymer,,
4FXJ,diffdock,scored,0.60511,gnina v1.3.3 master:6fe1ce2   Built Jun 30 2026.,static_crystal_polymer,,
4G2L,equibind,scored,0.01452,gnina v1.3.3 master:6fe1ce2   Built Jun 30 2026.,static_crystal_polymer,,
4G2L,diffdock,scored,0.80965,gnina v1.3.3 master:6fe1ce2   Built Jun 30 2026.,static_crystal_polymer,,
4G5F,equibind,scored,0.00091,gnina v1.3.3 master:6fe1ce2   Built Jun 30 2026.,static_crystal_polymer,,
4G5F,diffdock,scored,0.91654,gnina v1.3.3 master:6fe1ce2   Built Jun 30 2026.,static_crystal_polymer,,
4G8N,equibind,scored,0.02274,gnina v1.3.3 master:6fe1ce2   Built Jun 30 2026.,static_crystal_polymer,,
4G8N,diffdock,scored,0.8573,gnina v1.3.3 master:6fe1ce2   Built Jun 30 2026.,static_crystal_polymer,,
4G8V,equibind,scored,1e-05,gnina v1.3.3 master:6fe1ce2   Built Jun 30 2026.,static_crystal_polymer,,
4G8V,diffdock,scored,0.12207,gnina v1.3.3 master:6fe1ce2   Built Jun 30 2026.,static_crystal_polymer,,
4G5Y,equibind,scored,0.00024,gnina v1.3.3 master:6fe1ce2   Built Jun 30 2026.,static_crystal_polymer,,
4G5Y,diffdock,scored,0.6945,gnina v1.3.3 master:6fe1ce2   Built Jun 30 2026.,static_crystal_polymer,,
4G8M,equibind,scored,0.28892,gnina v1.3.3 master:6fe1ce2   Built Jun 30 2026.,static_crystal_polymer,,
4G8M,diffdock,scored,0.52639,gnina v1.3.3 master:6fe1ce2   Built Jun 30 2026.,static_crystal_polymer,,
4FXF,equibind,scored,0.00032,gnina v1.3.3 master:6fe1ce2   Built Jun 30 2026.,static_crystal_polymer,,
4FXF,diffdock,scored,0.71548,gnina v1.3.3 master:6fe1ce2   Built Jun 30 2026.,static_crystal_polymer,,
4G8Y,equibind,scored,1e-05,gnina v1.3.3 master:6fe1ce2   Built Jun 30 2026.,static_crystal_polymer,,
4G8Y,diffdock,scored,0.59637,gnina v1.3.3 master:6fe1ce2   Built Jun 30 2026.,static_crystal_polymer,,
4GD6,diffdock,scored,0.58447,gnina v1.3.3 master:6fe1ce2   Built Jun 30 2026.,static_crystal_polymer,,
4G19,equibind,scored,0.00198,gnina v1.3.3 master:6fe1ce2   Built Jun 30 2026.,static_crystal_polymer,,
4G19,diffdock,scored,0.78673,gnina v1.3.3 master:6fe1ce2   Built Jun 30 2026.,static_crystal_polymer,,
4G90,equibind,scored,0.0,gnina v1.3.3 master:6fe1ce2   Built Jun 30 2026.,static_crystal_polymer,,
4G90,diffdock,scored,0.40653,gnina v1.3.3 master:6fe1ce2   Built Jun 30 2026.,static_crystal_polymer,,
4GBY,equibind,scored,0.00497,gnina v1.3.3 master:6fe1ce2   Built Jun 30 2026.,static_crystal_polymer,,
4GBY,diffdock,scored,0.31769,gnina v1.3.3 master:6fe1ce2   Built Jun 30 2026.,static_crystal_polymer,,
4GEE,equibind,scored,0.05403,gnina v1.3.3 master:6fe1ce2   Built Jun 30 2026.,static_crystal_polymer,,
4GEE,diffdock,scored,0.63828,gnina v1.3.3 master:6fe1ce2   Built Jun 30 2026.,static_crystal_polymer,,
4GBZ,equibind,scored,0.00935,gnina v1.3.3 master:6fe1ce2   Built Jun 30 2026.,static_crystal_polymer,,
4GBZ,diffdock,scored,0.16065,gnina v1.3.3 master:6fe1ce2   Built Jun 30 2026.,static_crystal_polymer,,
4G8R,equibind,scored,0.00574,gnina v1.3.3 master:6fe1ce2   Built Jun 30 2026.,static_crystal_polymer,,
4G8R,diffdock,scored,0.07286,gnina v1.3.3 master:6fe1ce2   Built Jun 30 2026.,static_crystal_polymer,,
4GE2,equibind,scored,1e-05,gnina v1.3.3 master:6fe1ce2   Built Jun 30 2026.,static_crystal_polymer,,
4GE2,diffdock,scored,0.32334,gnina v1.3.3 master:6fe1ce2   Built Jun 30 2026.,static_crystal_polymer,,
4FNS,equibind,scored,0.0003,gnina v1.3.3 master:6fe1ce2   Built Jun 30 2026.,static_crystal_polymer,,
4FNS,diffdock,scored,0.8836,gnina v1.3.3 master:6fe1ce2   Built Jun 30 2026.,static_crystal_polymer,,
4GFN,equibind,scored,0.03321,gnina v1.3.3 master:6fe1ce2   Built Jun 30 2026.,static_crystal_polymer,,
4GFN,diffdock,scored,0.56276,gnina v1.3.3 master:6fe1ce2   Built Jun 30 2026.,static_crystal_polymer,,
4GE1,equibind,scored,0.36374,gnina v1.3.3 master:6fe1ce2   Built Jun 30 2026.,static_crystal_polymer,,
4GE1,diffdock,scored,0.64974,gnina v1.3.3 master:6fe1ce2   Built Jun 30 2026.,static_crystal_polymer,,
4GFM,equibind,scored,0.64531,gnina v1.3.3 master:6fe1ce2   Built Jun 30 2026.,static_crystal_polymer,,
4GFM,diffdock,scored,0.64414,gnina v1.3.3 master:6fe1ce2   Built Jun 30 2026.,static_crystal_polymer,,
4GFO,equibind,scored,0.61619,gnina v1.3.3 master:6fe1ce2   Built Jun 30 2026.,static_crystal_polymer,,
4GFO,diffdock,scored,0.65196,gnina v1.3.3 master:6fe1ce2   Built Jun 30 2026.,static_crystal_polymer,,
4GIH,equibind,scored,0.02572,gnina v1.3.3 master:6fe1ce2   Built Jun 30 2026.,static_crystal_polymer,,
4GIH,diffdock,scored,0.64103,gnina v1.3.3 master:6fe1ce2   Built Jun 30 2026.,static_crystal_polymer,,
4GFD,equibind,scored,0.22885,gnina v1.3.3 master:6fe1ce2   Built Jun 30 2026.,static_crystal_polymer,,
4GFD,diffdock,scored,0.9643,gnina v1.3.3 master:6fe1ce2   Built Jun 30 2026.,static_crystal_polymer,,
4GII,equibind,scored,0.66194,gnina v1.3.3 master:6fe1ce2   Built Jun 30 2026.,static_crystal_polymer,,
4GII,diffdock,scored,0.70575,gnina v1.3.3 master:6fe1ce2   Built Jun 30 2026.,static_crystal_polymer,,
4GE4,equibind,scored,0.00232,gnina v1.3.3 master:6fe1ce2   Built Jun 30 2026.,static_crystal_polymer,,
4GE4,diffdock,scored,0.9295,gnina v1.3.3 master:6fe1ce2   Built Jun 30 2026.,static_crystal_polymer,,
4GHT,equibind,scored,0.00024,gnina v1.3.3 master:6fe1ce2   Built Jun 30 2026.,static_crystal_polymer,,
4GHT,diffdock,scored,0.30912,gnina v1.3.3 master:6fe1ce2   Built Jun 30 2026.,static_crystal_polymer,,
4GJ2,equibind,scored,0.01363,gnina v1.3.3 master:6fe1ce2   Built Jun 30 2026.,static_crystal_polymer,,
4GJ2,diffdock,scored,0.77776,gnina v1.3.3 master:6fe1ce2   Built Jun 30 2026.,static_crystal_polymer,,
4GJ3,equibind,scored,0.25861,gnina v1.3.3 master:6fe1ce2   Built Jun 30 2026.,static_crystal_polymer,,
4GJ3,diffdock,scored,0.69704,gnina v1.3.3 master:6fe1ce2   Built Jun 30 2026.,static_crystal_polymer,,
4GKC,equibind,scored,0.00118,gnina v1.3.3 master:6fe1ce2   Built Jun 30 2026.,static_crystal_polymer,,
4GKC,diffdock,scored,0.43805,gnina v1.3.3 master:6fe1ce2   Built Jun 30 2026.,static_crystal_polymer,,
4GGZ,equibind,scored,0.53921,gnina v1.3.3 master:6fe1ce2   Built Jun 30 2026.,static_crystal_polymer,,
4GGZ,diffdock,scored,0.91846,gnina v1.3.3 master:6fe1ce2   Built Jun 30 2026.,static_crystal_polymer,,
4G8O,equibind,scored,0.00252,gnina v1.3.3 master:6fe1ce2   Built Jun 30 2026.,static_crystal_polymer,,
4G8O,diffdock,scored,0.23983,gnina v1.3.3 master:6fe1ce2   Built Jun 30 2026.,static_crystal_polymer,,
4GMY,equibind,scored,0.00473,gnina v1.3.3 master:6fe1ce2   Built Jun 30 2026.,static_crystal_polymer,,
4GMY,diffdock,scored,0.63042,gnina v1.3.3 master:6fe1ce2   Built Jun 30 2026.,static_crystal_polymer,,
4GNY,equibind,scored,0.50866,gnina v1.3.3 master:6fe1ce2   Built Jun 30 2026.,static_crystal_polymer,,
4GNY,diffdock,scored,0.73742,gnina v1.3.3 master:6fe1ce2   Built Jun 30 2026.,static_crystal_polymer,,
4GJ8,equibind,scored,0.00152,gnina v1.3.3 master:6fe1ce2   Built Jun 30 2026.,static_crystal_polymer,,
4GJ8,diffdock,scored,0.80604,gnina v1.3.3 master:6fe1ce2   Built Jun 30 2026.,static_crystal_polymer,,
4GJB,equibind,scored,0.15003,gnina v1.3.3 master:6fe1ce2   Built Jun 30 2026.,static_crystal_polymer,,
4GJB,diffdock,scored,0.74977,gnina v1.3.3 master:6fe1ce2   Built Jun 30 2026.,static_crystal_polymer,,
4GR0,equibind,scored,0.08507,gnina v1.3.3 master:6fe1ce2   Built Jun 30 2026.,static_crystal_polymer,,
4GR0,diffdock,scored,0.37838,gnina v1.3.3 master:6fe1ce2   Built Jun 30 2026.,static_crystal_polymer,,
4GJ7,equibind,scored,0.00048,gnina v1.3.3 master:6fe1ce2   Built Jun 30 2026.,static_crystal_polymer,,
4GJ7,diffdock,scored,0.42657,gnina v1.3.3 master:6fe1ce2   Built Jun 30 2026.,static_crystal_polymer,,
4GQL,equibind,scored,0.00167,gnina v1.3.3 master:6fe1ce2   Built Jun 30 2026.,static_crystal_polymer,,
4GQL,diffdock,scored,0.55559,gnina v1.3.3 master:6fe1ce2   Built Jun 30 2026.,static_crystal_polymer,,
4GR3,equibind,scored,0.003,gnina v1.3.3 master:6fe1ce2   Built Jun 30 2026.,static_crystal_polymer,,
4GR3,diffdock,scored,0.49743,gnina v1.3.3 master:6fe1ce2   Built Jun 30 2026.,static_crystal_polymer,,
4GQ4,equibind,scored,0.10595,gnina v1.3.3 master:6fe1ce2   Built Jun 30 2026.,static_crystal_polymer,,
4GQ4,diffdock,scored,0.84819,gnina v1.3.3 master:6fe1ce2   Built Jun 30 2026.,static_crystal_polymer,,
4GQQ,equibind,scored,0.05644,gnina v1.3.3 master:6fe1ce2   Built Jun 30 2026.,static_crystal_polymer,,
4GQQ,diffdock,scored,0.7721,gnina v1.3.3 master:6fe1ce2   Built Jun 30 2026.,static_crystal_polymer,,
4GR8,equibind,scored,0.15238,gnina v1.3.3 master:6fe1ce2   Built Jun 30 2026.,static_crystal_polymer,,
4GR8,diffdock,scored,0.41958,gnina v1.3.3 master:6fe1ce2   Built Jun 30 2026.,static_crystal_polymer,,
4GVM,equibind,scored,1e-05,gnina v1.3.3 master:6fe1ce2   Built Jun 30 2026.,static_crystal_polymer,,
4GVM,diffdock,scored,0.24549,gnina v1.3.3 master:6fe1ce2   Built Jun 30 2026.,static_crystal_polymer,,
4GMC,equibind,scored,0.00032,gnina v1.3.3 master:6fe1ce2   Built Jun 30 2026.,static_crystal_polymer,,
4GMC,diffdock,scored,0.0754,gnina v1.3.3 master:6fe1ce2   Built Jun 30 2026.,static_crystal_polymer,,
4GW6,equibind,scored,9e-05,gnina v1.3.3 master:6fe1ce2   Built Jun 30 2026.,static_crystal_polymer,,
4GW6,diffdock,scored,0.09231,gnina v1.3.3 master:6fe1ce2   Built Jun 30 2026.,static_crystal_polymer,,
4GW8,equibind,scored,0.16783,gnina v1.3.3 master:6fe1ce2   Built Jun 30 2026.,static_crystal_polymer,,
4GW8,diffdock,scored,0.63177,gnina v1.3.3 master:6fe1ce2   Built Jun 30 2026.,static_crystal_polymer,,
4GUJ,equibind,scored,0.09422,gnina v1.3.3 master:6fe1ce2   Built Jun 30 2026.,static_crystal_polymer,,
4GUJ,diffdock,scored,0.95679,gnina v1.3.3 master:6fe1ce2   Built Jun 30 2026.,static_crystal_polymer,,
4GSY,equibind,scored,0.00306,gnina v1.3.3 master:6fe1ce2   Built Jun 30 2026.,static_crystal_polymer,,
4GSY,diffdock,scored,0.29306,gnina v1.3.3 master:6fe1ce2   Built Jun 30 2026.,static_crystal_polymer,,
4GWK,equibind,scored,0.00145,gnina v1.3.3 master:6fe1ce2   Built Jun 30 2026.,static_crystal_polymer,,
4GWK,diffdock,scored,0.69073,gnina v1.3.3 master:6fe1ce2   Built Jun 30 2026.,static_crystal_polymer,,
4GZP,equibind,scored,0.60157,gnina v1.3.3 master:6fe1ce2   Built Jun 30 2026.,static_crystal_polymer,,
4GZP,diffdock,scored,0.84235,gnina v1.3.3 master:6fe1ce2   Built Jun 30 2026.,static_crystal_polymer,,
4GID,equibind,scored,2e-05,gnina v1.3.3 master:6fe1ce2   Built Jun 30 2026.,static_crystal_polymer,,
4GID,diffdock,scored,0.91916,gnina v1.3.3 master:6fe1ce2   Built Jun 30 2026.,static_crystal_polymer,,
4H1J,equibind,scored,0.00171,gnina v1.3.3 master:6fe1ce2   Built Jun 30 2026.,static_crystal_polymer,,
4H1J,diffdock,scored,0.13944,gnina v1.3.3 master:6fe1ce2   Built Jun 30 2026.,static_crystal_polymer,,
4H1M,equibind,scored,8e-05,gnina v1.3.3 master:6fe1ce2   Built Jun 30 2026.,static_crystal_polymer,,
4H1M,diffdock,scored,0.23399,gnina v1.3.3 master:6fe1ce2   Built Jun 30 2026.,static_crystal_polymer,,
4G8L,equibind,scored,0.00432,gnina v1.3.3 master:6fe1ce2   Built Jun 30 2026.,static_crystal_polymer,,
4G8L,diffdock,scored,0.17294,gnina v1.3.3 master:6fe1ce2   Built Jun 30 2026.,static_crystal_polymer,,
4GXS,equibind,scored,3e-05,gnina v1.3.3 master:6fe1ce2   Built Jun 30 2026.,static_crystal_polymer,,
4GXS,diffdock,scored,0.57688,gnina v1.3.3 master:6fe1ce2   Built Jun 30 2026.,static_crystal_polymer,,
4H2M,equibind,scored,0.0018,gnina v1.3.3 master:6fe1ce2   Built Jun 30 2026.,static_crystal_polymer,,
4H2M,diffdock,scored,0.55834,gnina v1.3.3 master:6fe1ce2   Built Jun 30 2026.,static_crystal_polymer,,
4H38,equibind,scored,0.00149,gnina v1.3.3 master:6fe1ce2   Built Jun 30 2026.,static_crystal_polymer,,
4H38,diffdock,scored,0.60177,gnina v1.3.3 master:6fe1ce2   Built Jun 30 2026.,static_crystal_polymer,,
4H3A,equibind,scored,0.00068,gnina v1.3.3 master:6fe1ce2   Built Jun 30 2026.,static_crystal_polymer,,
4H3A,diffdock,scored,0.36549,gnina v1.3.3 master:6fe1ce2   Built Jun 30 2026.,static_crystal_polymer,,
4H42,equibind,scored,0.5455,gnina v1.3.3 master:6fe1ce2   Built Jun 30 2026.,static_crystal_polymer,,
4H42,diffdock,scored,0.66268,gnina v1.3.3 master:6fe1ce2   Built Jun 30 2026.,static_crystal_polymer,,
4H3C,equibind,scored,0.01694,gnina v1.3.3 master:6fe1ce2   Built Jun 30 2026.,static_crystal_polymer,,
4H3C,diffdock,scored,0.76565,gnina v1.3.3 master:6fe1ce2   Built Jun 30 2026.,static_crystal_polymer,,
4H5E,equibind,scored,0.00636,gnina v1.3.3 master:6fe1ce2   Built Jun 30 2026.,static_crystal_polymer,,
4H5E,diffdock,scored,0.40324,gnina v1.3.3 master:6fe1ce2   Built Jun 30 2026.,static_crystal_polymer,,
4H71,equibind,scored,0.00035,gnina v1.3.3 master:6fe1ce2   Built Jun 30 2026.,static_crystal_polymer,,
4H71,diffdock,scored,0.57003,gnina v1.3.3 master:6fe1ce2   Built Jun 30 2026.,static_crystal_polymer,,
4GZ3,equibind,scored,0.02626,gnina v1.3.3 master:6fe1ce2   Built Jun 30 2026.,static_crystal_polymer,,
4GZ3,diffdock,scored,0.91193,gnina v1.3.3 master:6fe1ce2   Built Jun 30 2026.,static_crystal_polymer,,
4GS8,equibind,scored,0.00011,gnina v1.3.3 master:6fe1ce2   Built Jun 30 2026.,static_crystal_polymer,,
4GS8,diffdock,scored,0.4083,gnina v1.3.3 master:6fe1ce2   Built Jun 30 2026.,static_crystal_polymer,,
4H7Q,equibind,scored,0.25718,gnina v1.3.3 master:6fe1ce2   Built Jun 30 2026.,static_crystal_polymer,,
4H7Q,diffdock,scored,0.87311,gnina v1.3.3 master:6fe1ce2   Built Jun 30 2026.,static_crystal_polymer,,
4H81,equibind,scored,0.02038,gnina v1.3.3 master:6fe1ce2   Built Jun 30 2026.,static_crystal_polymer,,
4H81,diffdock,scored,0.94254,gnina v1.3.3 master:6fe1ce2   Built Jun 30 2026.,static_crystal_polymer,,
4H85,equibind,scored,0.13418,gnina v1.3.3 master:6fe1ce2   Built Jun 30 2026.,static_crystal_polymer,,
4H85,diffdock,scored,0.93435,gnina v1.3.3 master:6fe1ce2   Built Jun 30 2026.,static_crystal_polymer,,
4H4D,equibind,scored,0.05293,gnina v1.3.3 master:6fe1ce2   Built Jun 30 2026.,static_crystal_polymer,,
4H4D,diffdock,scored,0.92485,gnina v1.3.3 master:6fe1ce2   Built Jun 30 2026.,static_crystal_polymer,,
4H4E,equibind,scored,0.13217,gnina v1.3.3 master:6fe1ce2   Built Jun 30 2026.,static_crystal_polymer,,
4H4E,diffdock,scored,0.74664,gnina v1.3.3 master:6fe1ce2   Built Jun 30 2026.,static_crystal_polymer,,
4HBN,equibind,scored,0.9374,gnina v1.3.3 master:6fe1ce2   Built Jun 30 2026.,static_crystal_polymer,,
4HBN,diffdock,scored,0.71221,gnina v1.3.3 master:6fe1ce2   Built Jun 30 2026.,static_crystal_polymer,,
4HBV,equibind,scored,0.74357,gnina v1.3.3 master:6fe1ce2   Built Jun 30 2026.,static_crystal_polymer,,
4HBV,diffdock,scored,0.88761,gnina v1.3.3 master:6fe1ce2   Built Jun 30 2026.,static_crystal_polymer,,
4HBW,equibind,scored,0.29272,gnina v1.3.3 master:6fe1ce2   Built Jun 30 2026.,static_crystal_polymer,,
4HBW,diffdock,scored,0.88712,gnina v1.3.3 master:6fe1ce2   Built Jun 30 2026.,static_crystal_polymer,,
4HBY,equibind,scored,0.44187,gnina v1.3.3 master:6fe1ce2   Built Jun 30 2026.,static_crystal_polymer,,
4HBY,diffdock,scored,0.74672,gnina v1.3.3 master:6fe1ce2   Built Jun 30 2026.,static_crystal_polymer,,
4HCO,equibind,scored,5e-05,gnina v1.3.3 master:6fe1ce2   Built Jun 30 2026.,static_crystal_polymer,,
4HCO,diffdock,scored,0.21056,gnina v1.3.3 master:6fe1ce2   Built Jun 30 2026.,static_crystal_polymer,,
4HG7,equibind,scored,0.00293,gnina v1.3.3 master:6fe1ce2   Built Jun 30 2026.,static_crystal_polymer,,
4HG7,diffdock,scored,0.25824,gnina v1.3.3 master:6fe1ce2   Built Jun 30 2026.,static_crystal_polymer,,
4HCU,equibind,scored,0.01182,gnina v1.3.3 master:6fe1ce2   Built Jun 30 2026.,static_crystal_polymer,,
4HCU,diffdock,scored,0.13034,gnina v1.3.3 master:6fe1ce2   Built Jun 30 2026.,static_crystal_polymer,,
4GZT,equibind,scored,0.00049,gnina v1.3.3 master:6fe1ce2   Built Jun 30 2026.,static_crystal_polymer,,
4GZT,diffdock,scored,0.8984,gnina v1.3.3 master:6fe1ce2   Built Jun 30 2026.,static_crystal_polymer,,
4H4M,equibind,scored,0.00643,gnina v1.3.3 master:6fe1ce2   Built Jun 30 2026.,static_crystal_polymer,,
4H4M,diffdock,scored,0.56611,gnina v1.3.3 master:6fe1ce2   Built Jun 30 2026.,static_crystal_polymer,,
4HCV,equibind,scored,0.02366,gnina v1.3.3 master:6fe1ce2   Built Jun 30 2026.,static_crystal_polymer,,
4HCV,diffdock,scored,0.07491,gnina v1.3.3 master:6fe1ce2   Built Jun 30 2026.,static_crystal_polymer,,
4HEJ,equibind,scored,0.14786,gnina v1.3.3 master:6fe1ce2   Built Jun 30 2026.,static_crystal_polymer,,
4HEJ,diffdock,scored,0.84665,gnina v1.3.3 master:6fe1ce2   Built Jun 30 2026.,static_crystal_polymer,,
4HGL,equibind,scored,0.3739,gnina v1.3.3 master:6fe1ce2   Built Jun 30 2026.,static_crystal_polymer,,
4HGL,diffdock,scored,0.38247,gnina v1.3.3 master:6fe1ce2   Built Jun 30 2026.,static_crystal_polymer,,
4HDC,equibind,scored,0.00052,gnina v1.3.3 master:6fe1ce2   Built Jun 30 2026.,static_crystal_polymer,,
4HDC,diffdock,scored,0.42771,gnina v1.3.3 master:6fe1ce2   Built Jun 30 2026.,static_crystal_polymer,,
4HGS,equibind,scored,0.50816,gnina v1.3.3 master:6fe1ce2   Built Jun 30 2026.,static_crystal_polymer,,
4HGS,diffdock,scored,0.79338,gnina v1.3.3 master:6fe1ce2   Built Jun 30 2026.,static_crystal_polymer,,
4HBP,equibind,scored,0.00047,gnina v1.3.3 master:6fe1ce2   Built Jun 30 2026.,static_crystal_polymer,,
4HBP,diffdock,scored,0.61751,gnina v1.3.3 master:6fe1ce2   Built Jun 30 2026.,static_crystal_polymer,,
4HLC,equibind,scored,0.02411,gnina v1.3.3 master:6fe1ce2   Built Jun 30 2026.,static_crystal_polymer,,
4HLC,diffdock,scored,0.11804,gnina v1.3.3 master:6fe1ce2   Built Jun 30 2026.,static_crystal_polymer,,
4HLG,equibind,scored,0.04622,gnina v1.3.3 master:6fe1ce2   Built Jun 30 2026.,static_crystal_polymer,,
4HLG,diffdock,scored,0.94576,gnina v1.3.3 master:6fe1ce2   Built Jun 30 2026.,static_crystal_polymer,,
4HLD,equibind,scored,0.01549,gnina v1.3.3 master:6fe1ce2   Built Jun 30 2026.,static_crystal_polymer,,
4HLD,diffdock,scored,0.90856,gnina v1.3.3 master:6fe1ce2   Built Jun 30 2026.,static_crystal_polymer,,
4HGT,equibind,scored,0.00112,gnina v1.3.3 master:6fe1ce2   Built Jun 30 2026.,static_crystal_polymer,,
4HGT,diffdock,scored,0.41336,gnina v1.3.3 master:6fe1ce2   Built Jun 30 2026.,static_crystal_polymer,,
4HEV,equibind,scored,0.00604,gnina v1.3.3 master:6fe1ce2   Built Jun 30 2026.,static_crystal_polymer,,
4HEV,diffdock,scored,0.94364,gnina v1.3.3 master:6fe1ce2   Built Jun 30 2026.,static_crystal_polymer,,
4HLM,equibind,scored,0.01973,gnina v1.3.3 master:6fe1ce2   Built Jun 30 2026.,static_crystal_polymer,,
4HLM,diffdock,scored,0.86513,gnina v1.3.3 master:6fe1ce2   Built Jun 30 2026.,static_crystal_polymer,,
4HBM,equibind,scored,0.00245,gnina v1.3.3 master:6fe1ce2   Built Jun 30 2026.,static_crystal_polymer,,
4HBM,diffdock,scored,0.14733,gnina v1.3.3 master:6fe1ce2   Built Jun 30 2026.,static_crystal_polymer,,
4HNI,equibind,scored,0.0,gnina v1.3.3 master:6fe1ce2   Built Jun 30 2026.,static_crystal_polymer,,
4HNI,diffdock,scored,0.96548,gnina v1.3.3 master:6fe1ce2   Built Jun 30 2026.,static_crystal_polymer,,
4HOD,equibind,scored,0.48462,gnina v1.3.3 master:6fe1ce2   Built Jun 30 2026.,static_crystal_polymer,,
4HOD,diffdock,scored,0.8236,gnina v1.3.3 master:6fe1ce2   Built Jun 30 2026.,static_crystal_polymer,,
4HMK,equibind,scored,0.3952,gnina v1.3.3 master:6fe1ce2   Built Jun 30 2026.,static_crystal_polymer,,
4HMK,diffdock,scored,0.36935,gnina v1.3.3 master:6fe1ce2   Built Jun 30 2026.,static_crystal_polymer,,
4HT0,equibind,scored,0.36975,gnina v1.3.3 master:6fe1ce2   Built Jun 30 2026.,static_crystal_polymer,,
4HT0,diffdock,scored,0.373,gnina v1.3.3 master:6fe1ce2   Built Jun 30 2026.,static_crystal_polymer,,
4HRA,equibind,scored,2e-05,gnina v1.3.3 master:6fe1ce2   Built Jun 30 2026.,static_crystal_polymer,,
4HRA,diffdock,scored,0.57835,gnina v1.3.3 master:6fe1ce2   Built Jun 30 2026.,static_crystal_polymer,,
4GV8,equibind,scored,0.0001,gnina v1.3.3 master:6fe1ce2   Built Jun 30 2026.,static_crystal_polymer,,
4GV8,diffdock,scored,0.06554,gnina v1.3.3 master:6fe1ce2   Built Jun 30 2026.,static_crystal_polymer,,
4HHY,equibind,scored,0.00791,gnina v1.3.3 master:6fe1ce2   Built Jun 30 2026.,static_crystal_polymer,,
4HHY,diffdock,scored,0.4029,gnina v1.3.3 master:6fe1ce2   Built Jun 30 2026.,static_crystal_polymer,,
4HHZ,equibind,scored,0.00013,gnina v1.3.3 master:6fe1ce2   Built Jun 30 2026.,static_crystal_polymer,,
4HHZ,diffdock,scored,0.58714,gnina v1.3.3 master:6fe1ce2   Built Jun 30 2026.,static_crystal_polymer,,
4HU1,equibind,scored,0.19731,gnina v1.3.3 master:6fe1ce2   Built Jun 30 2026.,static_crystal_polymer,,
4HU1,diffdock,scored,0.92339,gnina v1.3.3 master:6fe1ce2   Built Jun 30 2026.,static_crystal_polymer,,
4HVA,equibind,scored,0.10729,gnina v1.3.3 master:6fe1ce2   Built Jun 30 2026.,static_crystal_polymer,,
4HVA,diffdock,scored,0.65877,gnina v1.3.3 master:6fe1ce2   Built Jun 30 2026.,static_crystal_polymer,,
4HVD,equibind,scored,0.70895,gnina v1.3.3 master:6fe1ce2   Built Jun 30 2026.,static_crystal_polymer,,
4HVD,diffdock,scored,0.79771,gnina v1.3.3 master:6fe1ce2   Built Jun 30 2026.,static_crystal_polymer,,
4HVH,equibind,scored,0.58925,gnina v1.3.3 master:6fe1ce2   Built Jun 30 2026.,static_crystal_polymer,,
4HVH,diffdock,scored,0.8825,gnina v1.3.3 master:6fe1ce2   Built Jun 30 2026.,static_crystal_polymer,,
4HT2,equibind,scored,0.00033,gnina v1.3.3 master:6fe1ce2   Built Jun 30 2026.,static_crystal_polymer,,
4HT2,diffdock,scored,0.9193,gnina v1.3.3 master:6fe1ce2   Built Jun 30 2026.,static_crystal_polymer,,
4HSO,equibind,scored,0.02524,gnina v1.3.3 master:6fe1ce2   Built Jun 30 2026.,static_crystal_polymer,,
4HSO,diffdock,scored,0.2156,gnina v1.3.3 master:6fe1ce2   Built Jun 30 2026.,static_crystal_polymer,,
4HVI,equibind,scored,0.14561,gnina v1.3.3 master:6fe1ce2   Built Jun 30 2026.,static_crystal_polymer,,
4HVI,diffdock,scored,0.82498,gnina v1.3.3 master:6fe1ce2   Built Jun 30 2026.,static_crystal_polymer,,
4HVS,equibind,scored,0.1782,gnina v1.3.3 master:6fe1ce2   Built Jun 30 2026.,static_crystal_polymer,,
4HVS,diffdock,scored,0.83661,gnina v1.3.3 master:6fe1ce2   Built Jun 30 2026.,static_crystal_polymer,,
4HTX,equibind,scored,1e-05,gnina v1.3.3 master:6fe1ce2   Built Jun 30 2026.,static_crystal_polymer,,
4HTX,diffdock,scored,0.87682,gnina v1.3.3 master:6fe1ce2   Built Jun 30 2026.,static_crystal_polymer,,
4HVB,equibind,scored,0.17597,gnina v1.3.3 master:6fe1ce2   Built Jun 30 2026.,static_crystal_polymer,,
4HVB,diffdock,scored,0.41903,gnina v1.3.3 master:6fe1ce2   Built Jun 30 2026.,static_crystal_polymer,,
4HW7,equibind,scored,0.17134,gnina v1.3.3 master:6fe1ce2   Built Jun 30 2026.,static_crystal_polymer,,
4HW7,diffdock,scored,0.76096,gnina v1.3.3 master:6fe1ce2   Built Jun 30 2026.,static_crystal_polymer,,
4HXL,equibind,scored,0.02332,gnina v1.3.3 master:6fe1ce2   Built Jun 30 2026.,static_crystal_polymer,,
4HXL,diffdock,scored,0.39677,gnina v1.3.3 master:6fe1ce2   Built Jun 30 2026.,static_crystal_polymer,,
4HXM,equibind,scored,0.15202,gnina v1.3.3 master:6fe1ce2   Built Jun 30 2026.,static_crystal_polymer,,
4HXM,diffdock,scored,0.61948,gnina v1.3.3 master:6fe1ce2   Built Jun 30 2026.,static_crystal_polymer,,
4HXS,equibind,scored,0.02084,gnina v1.3.3 master:6fe1ce2   Built Jun 30 2026.,static_crystal_polymer,,
4HXS,diffdock,scored,0.3312,gnina v1.3.3 master:6fe1ce2   Built Jun 30 2026.,static_crystal_polymer,,
4HXW,equibind,scored,0.0214,gnina v1.3.3 master:6fe1ce2   Built Jun 30 2026.,static_crystal_polymer,,
4HXW,diffdock,scored,0.58364,gnina v1.3.3 master:6fe1ce2   Built Jun 30 2026.,static_crystal_polymer,,
4HY5,equibind,scored,1e-05,gnina v1.3.3 master:6fe1ce2   Built Jun 30 2026.,static_crystal_polymer,,
4HY5,diffdock,scored,0.4418,gnina v1.3.3 master:6fe1ce2   Built Jun 30 2026.,static_crystal_polymer,,
4HXZ,equibind,scored,0.00031,gnina v1.3.3 master:6fe1ce2   Built Jun 30 2026.,static_crystal_polymer,,
4HXZ,diffdock,scored,0.86041,gnina v1.3.3 master:6fe1ce2   Built Jun 30 2026.,static_crystal_polymer,,
4HWT,equibind,scored,0.00016,gnina v1.3.3 master:6fe1ce2   Built Jun 30 2026.,static_crystal_polymer,,
4HWT,diffdock,scored,0.62808,gnina v1.3.3 master:6fe1ce2   Built Jun 30 2026.,static_crystal_polymer,,
4HWR,equibind,scored,3e-05,gnina v1.3.3 master:6fe1ce2   Built Jun 30 2026.,static_crystal_polymer,,
4HWR,diffdock,scored,0.88173,gnina v1.3.3 master:6fe1ce2   Built Jun 30 2026.,static_crystal_polymer,,
4HYS,equibind,scored,0.37483,gnina v1.3.3 master:6fe1ce2   Built Jun 30 2026.,static_crystal_polymer,,
4HYS,diffdock,scored,0.88924,gnina v1.3.3 master:6fe1ce2   Built Jun 30 2026.,static_crystal_polymer,,
4HZZ,equibind,scored,0.10786,gnina v1.3.3 master:6fe1ce2   Built Jun 30 2026.,static_crystal_polymer,,
4HZZ,diffdock,scored,0.96029,gnina v1.3.3 master:6fe1ce2   Built Jun 30 2026.,static_crystal_polymer,,
4HY1,equibind,scored,0.01113,gnina v1.3.3 master:6fe1ce2   Built Jun 30 2026.,static_crystal_polymer,,
4HY1,diffdock,scored,0.69755,gnina v1.3.3 master:6fe1ce2   Built Jun 30 2026.,static_crystal_polymer,,
4I0R,equibind,scored,0.93301,gnina v1.3.3 master:6fe1ce2   Built Jun 30 2026.,static_crystal_polymer,,
4I0R,diffdock,scored,0.82893,gnina v1.3.3 master:6fe1ce2   Built Jun 30 2026.,static_crystal_polymer,,
4I0D,equibind,scored,0.08332,gnina v1.3.3 master:6fe1ce2   Built Jun 30 2026.,static_crystal_polymer,,
4I0D,diffdock,scored,0.74525,gnina v1.3.3 master:6fe1ce2   Built Jun 30 2026.,static_crystal_polymer,,
4I0F,equibind,scored,0.00468,gnina v1.3.3 master:6fe1ce2   Built Jun 30 2026.,static_crystal_polymer,,
4I0F,diffdock,scored,0.33429,gnina v1.3.3 master:6fe1ce2   Built Jun 30 2026.,static_crystal_polymer,,
4HZM,equibind,scored,0.0001,gnina v1.3.3 master:6fe1ce2   Built Jun 30 2026.,static_crystal_polymer,,
4HZM,diffdock,scored,0.91181,gnina v1.3.3 master:6fe1ce2   Built Jun 30 2026.,static_crystal_polymer,,
4I0T,equibind,scored,0.78047,gnina v1.3.3 master:6fe1ce2   Built Jun 30 2026.,static_crystal_polymer,,
4I0T,diffdock,scored,0.89634,gnina v1.3.3 master:6fe1ce2   Built Jun 30 2026.,static_crystal_polymer,,
4I0Z,equibind,scored,0.00102,gnina v1.3.3 master:6fe1ce2   Built Jun 30 2026.,static_crystal_polymer,,
4I0Z,diffdock,scored,0.71612,gnina v1.3.3 master:6fe1ce2   Built Jun 30 2026.,static_crystal_polymer,,
4HYF,equibind,scored,2e-05,gnina v1.3.3 master:6fe1ce2   Built Jun 30 2026.,static_crystal_polymer,,
4HYF,diffdock,scored,0.30508,gnina v1.3.3 master:6fe1ce2   Built Jun 30 2026.,static_crystal_polymer,,
4I11,equibind,scored,0.02059,gnina v1.3.3 master:6fe1ce2   Built Jun 30 2026.,static_crystal_polymer,,
4I11,diffdock,scored,0.69275,gnina v1.3.3 master:6fe1ce2   Built Jun 30 2026.,static_crystal_polymer,,
4I12,equibind,scored,0.02331,gnina v1.3.3 master:6fe1ce2   Built Jun 30 2026.,static_crystal_polymer,,
4I12,diffdock,scored,0.23937,gnina v1.3.3 master:6fe1ce2   Built Jun 30 2026.,static_crystal_polymer,,
4I47,equibind,scored,0.08272,gnina v1.3.3 master:6fe1ce2   Built Jun 30 2026.,static_crystal_polymer,,
4I47,diffdock,scored,0.902,gnina v1.3.3 master:6fe1ce2   Built Jun 30 2026.,static_crystal_polymer,,
4I1R,equibind,scored,0.00781,gnina v1.3.3 master:6fe1ce2   Built Jun 30 2026.,static_crystal_polymer,,
4I1R,diffdock,scored,0.62614,gnina v1.3.3 master:6fe1ce2   Built Jun 30 2026.,static_crystal_polymer,,
4I1C,equibind,scored,0.00064,gnina v1.3.3 master:6fe1ce2   Built Jun 30 2026.,static_crystal_polymer,,
4I1C,diffdock,scored,0.62929,gnina v1.3.3 master:6fe1ce2   Built Jun 30 2026.,static_crystal_polymer,,
4I5M,equibind,scored,0.04968,gnina v1.3.3 master:6fe1ce2   Built Jun 30 2026.,static_crystal_polymer,,
4I5M,diffdock,scored,0.16071,gnina v1.3.3 master:6fe1ce2   Built Jun 30 2026.,static_crystal_polymer,,
4I5P,equibind,scored,0.30824,gnina v1.3.3 master:6fe1ce2   Built Jun 30 2026.,static_crystal_polymer,,
4I5P,diffdock,scored,0.23232,gnina v1.3.3 master:6fe1ce2   Built Jun 30 2026.,static_crystal_polymer,,
4I6H,equibind,scored,0.13523,gnina v1.3.3 master:6fe1ce2   Built Jun 30 2026.,static_crystal_polymer,,
4I6H,diffdock,scored,0.06781,gnina v1.3.3 master:6fe1ce2   Built Jun 30 2026.,static_crystal_polymer,,
4I6B,equibind,scored,0.09575,gnina v1.3.3 master:6fe1ce2   Built Jun 30 2026.,static_crystal_polymer,,
4I6B,diffdock,scored,0.05285,gnina v1.3.3 master:6fe1ce2   Built Jun 30 2026.,static_crystal_polymer,,
4I6Q,equibind,scored,0.84385,gnina v1.3.3 master:6fe1ce2   Built Jun 30 2026.,static_crystal_polymer,,
4I6Q,diffdock,scored,0.89546,gnina v1.3.3 master:6fe1ce2   Built Jun 30 2026.,static_crystal_polymer,,
4I5C,equibind,scored,0.23521,gnina v1.3.3 master:6fe1ce2   Built Jun 30 2026.,static_crystal_polymer,,
4I5C,diffdock,scored,0.99413,gnina v1.3.3 master:6fe1ce2   Built Jun 30 2026.,static_crystal_polymer,,
4I74,equibind,scored,0.24673,gnina v1.3.3 master:6fe1ce2   Built Jun 30 2026.,static_crystal_polymer,,
4I74,diffdock,scored,0.47665,gnina v1.3.3 master:6fe1ce2   Built Jun 30 2026.,static_crystal_polymer,,
4HNN,equibind,scored,0.25712,gnina v1.3.3 master:6fe1ce2   Built Jun 30 2026.,static_crystal_polymer,,
4HNN,diffdock,scored,0.58873,gnina v1.3.3 master:6fe1ce2   Built Jun 30 2026.,static_crystal_polymer,,
4I7K,equibind,scored,0.1795,gnina v1.3.3 master:6fe1ce2   Built Jun 30 2026.,static_crystal_polymer,,
4I7K,diffdock,scored,0.89637,gnina v1.3.3 master:6fe1ce2   Built Jun 30 2026.,static_crystal_polymer,,
4I7J,equibind,scored,0.62878,gnina v1.3.3 master:6fe1ce2   Built Jun 30 2026.,static_crystal_polymer,,
4I7J,diffdock,scored,0.90784,gnina v1.3.3 master:6fe1ce2   Built Jun 30 2026.,static_crystal_polymer,,
4I7L,equibind,scored,0.01239,gnina v1.3.3 master:6fe1ce2   Built Jun 30 2026.,static_crystal_polymer,,
4I7L,diffdock,scored,0.8325,gnina v1.3.3 master:6fe1ce2   Built Jun 30 2026.,static_crystal_polymer,,
4I7M,equibind,scored,0.02822,gnina v1.3.3 master:6fe1ce2   Built Jun 30 2026.,static_crystal_polymer,,
4I7M,diffdock,scored,0.82065,gnina v1.3.3 master:6fe1ce2   Built Jun 30 2026.,static_crystal_polymer,,
4I7P,equibind,scored,0.20818,gnina v1.3.3 master:6fe1ce2   Built Jun 30 2026.,static_crystal_polymer,,
4I7P,diffdock,scored,0.79039,gnina v1.3.3 master:6fe1ce2   Built Jun 30 2026.,static_crystal_polymer,,
4I9O,equibind,scored,0.00365,gnina v1.3.3 master:6fe1ce2   Built Jun 30 2026.,static_crystal_polymer,,
4I9O,diffdock,scored,0.23088,gnina v1.3.3 master:6fe1ce2   Built Jun 30 2026.,static_crystal_polymer,,
4I9R,equibind,scored,0.00022,gnina v1.3.3 master:6fe1ce2   Built Jun 30 2026.,static_crystal_polymer,,
4I9R,diffdock,scored,0.01465,gnina v1.3.3 master:6fe1ce2   Built Jun 30 2026.,static_crystal_polymer,,
4I9S,equibind,scored,0.19133,gnina v1.3.3 master:6fe1ce2   Built Jun 30 2026.,static_crystal_polymer,,
4I9S,diffdock,scored,0.21657,gnina v1.3.3 master:6fe1ce2   Built Jun 30 2026.,static_crystal_polymer,,
4I3Z,equibind,scored,0.17374,gnina v1.3.3 master:6fe1ce2   Built Jun 30 2026.,static_crystal_polymer,,
4I3Z,diffdock,scored,0.6877,gnina v1.3.3 master:6fe1ce2   Built Jun 30 2026.,static_crystal_polymer,,
4I8W,equibind,scored,0.00704,gnina v1.3.3 master:6fe1ce2   Built Jun 30 2026.,static_crystal_polymer,,
4I8W,diffdock,scored,0.74914,gnina v1.3.3 master:6fe1ce2   Built Jun 30 2026.,static_crystal_polymer,,
4IBD,equibind,scored,0.0003,gnina v1.3.3 master:6fe1ce2   Built Jun 30 2026.,static_crystal_polymer,,
4IBD,diffdock,scored,0.78604,gnina v1.3.3 master:6fe1ce2   Built Jun 30 2026.,static_crystal_polymer,,
4IBE,equibind,scored,0.00019,gnina v1.3.3 master:6fe1ce2   Built Jun 30 2026.,static_crystal_polymer,,
4IBE,diffdock,scored,0.3057,gnina v1.3.3 master:6fe1ce2   Built Jun 30 2026.,static_crystal_polymer,,
4I73,equibind,scored,0.03562,gnina v1.3.3 master:6fe1ce2   Built Jun 30 2026.,static_crystal_polymer,,
4I73,diffdock,scored,0.26487,gnina v1.3.3 master:6fe1ce2   Built Jun 30 2026.,static_crystal_polymer,,
4IBI,equibind,scored,0.0,gnina v1.3.3 master:6fe1ce2   Built Jun 30 2026.,static_crystal_polymer,,
4IBI,diffdock,scored,0.79428,gnina v1.3.3 master:6fe1ce2   Built Jun 30 2026.,static_crystal_polymer,,
4IBK,equibind,scored,1e-05,gnina v1.3.3 master:6fe1ce2   Built Jun 30 2026.,static_crystal_polymer,,
4IBK,diffdock,scored,0.55447,gnina v1.3.3 master:6fe1ce2   Built Jun 30 2026.,static_crystal_polymer,,
4IAX,equibind,scored,0.0019,gnina v1.3.3 master:6fe1ce2   Built Jun 30 2026.,static_crystal_polymer,,
4IAX,diffdock,scored,0.7608,gnina v1.3.3 master:6fe1ce2   Built Jun 30 2026.,static_crystal_polymer,,
4IBJ,equibind,scored,2e-05,gnina v1.3.3 master:6fe1ce2   Built Jun 30 2026.,static_crystal_polymer,,
4IBJ,diffdock,scored,0.19892,gnina v1.3.3 master:6fe1ce2   Built Jun 30 2026.,static_crystal_polymer,,
4HZ5,equibind,scored,0.0018,gnina v1.3.3 master:6fe1ce2   Built Jun 30 2026.,static_crystal_polymer,,
4HZ5,diffdock,scored,0.82439,gnina v1.3.3 master:6fe1ce2   Built Jun 30 2026.,static_crystal_polymer,,
4IDT,equibind,scored,0.29108,gnina v1.3.3 master:6fe1ce2   Built Jun 30 2026.,static_crystal_polymer,,
4IDT,diffdock,scored,0.79898,gnina v1.3.3 master:6fe1ce2   Built Jun 30 2026.,static_crystal_polymer,,
4IDZ,equibind,scored,0.583,gnina v1.3.3 master:6fe1ce2   Built Jun 30 2026.,static_crystal_polymer,,
4IDZ,diffdock,scored,0.90883,gnina v1.3.3 master:6fe1ce2   Built Jun 30 2026.,static_crystal_polymer,,
4IE5,equibind,scored,0.21797,gnina v1.3.3 master:6fe1ce2   Built Jun 30 2026.,static_crystal_polymer,,
4IE5,diffdock,scored,0.91034,gnina v1.3.3 master:6fe1ce2   Built Jun 30 2026.,static_crystal_polymer,,
4IDO,equibind,scored,0.00012,gnina v1.3.3 master:6fe1ce2   Built Jun 30 2026.,static_crystal_polymer,,
4IDO,diffdock,scored,0.68505,gnina v1.3.3 master:6fe1ce2   Built Jun 30 2026.,static_crystal_polymer,,
4IE0,equibind,scored,0.00028,gnina v1.3.3 master:6fe1ce2   Built Jun 30 2026.,static_crystal_polymer,,
4IE0,diffdock,scored,0.85028,gnina v1.3.3 master:6fe1ce2   Built Jun 30 2026.,static_crystal_polymer,,
4IDN,equibind,scored,0.00012,gnina v1.3.3 master:6fe1ce2   Built Jun 30 2026.,static_crystal_polymer,,
4IDN,diffdock,scored,0.50168,gnina v1.3.3 master:6fe1ce2   Built Jun 30 2026.,static_crystal_polymer,,
4IE6,equibind,scored,0.40216,gnina v1.3.3 master:6fe1ce2   Built Jun 30 2026.,static_crystal_polymer,,
4IE6,diffdock,scored,0.67282,gnina v1.3.3 master:6fe1ce2   Built Jun 30 2026.,static_crystal_polymer,,
4IH7,equibind,scored,0.43635,gnina v1.3.3 master:6fe1ce2   Built Jun 30 2026.,static_crystal_polymer,,
4IH7,diffdock,scored,0.77881,gnina v1.3.3 master:6fe1ce2   Built Jun 30 2026.,static_crystal_polymer,,
4IH6,equibind,scored,0.00022,gnina v1.3.3 master:6fe1ce2   Built Jun 30 2026.,static_crystal_polymer,,
4IH6,diffdock,scored,0.90611,gnina v1.3.3 master:6fe1ce2   Built Jun 30 2026.,static_crystal_polymer,,
4IJL,equibind,scored,0.00683,gnina v1.3.3 master:6fe1ce2   Built Jun 30 2026.,static_crystal_polymer,,
4IJL,diffdock,scored,0.55301,gnina v1.3.3 master:6fe1ce2   Built Jun 30 2026.,static_crystal_polymer,,
4IJH,equibind,scored,0.03362,gnina v1.3.3 master:6fe1ce2   Built Jun 30 2026.,static_crystal_polymer,,
4IJH,diffdock,scored,0.48506,gnina v1.3.3 master:6fe1ce2   Built Jun 30 2026.,static_crystal_polymer,,
4IIC,equibind,scored,0.07566,gnina v1.3.3 master:6fe1ce2   Built Jun 30 2026.,static_crystal_polymer,,
4IIC,diffdock,scored,0.91165,gnina v1.3.3 master:6fe1ce2   Built Jun 30 2026.,static_crystal_polymer,,
4IID,equibind,scored,0.14091,gnina v1.3.3 master:6fe1ce2   Built Jun 30 2026.,static_crystal_polymer,,
4IID,diffdock,scored,0.95645,gnina v1.3.3 master:6fe1ce2   Built Jun 30 2026.,static_crystal_polymer,,
4IKU,equibind,scored,0.02654,gnina v1.3.3 master:6fe1ce2   Built Jun 30 2026.,static_crystal_polymer,,
4IKU,diffdock,scored,0.12935,gnina v1.3.3 master:6fe1ce2   Built Jun 30 2026.,static_crystal_polymer,,
4INB,equibind,scored,0.0,gnina v1.3.3 master:6fe1ce2   Built Jun 30 2026.,static_crystal_polymer,,
4INB,diffdock,scored,0.69295,gnina v1.3.3 master:6fe1ce2   Built Jun 30 2026.,static_crystal_polymer,,
4IJP,equibind,scored,0.00119,gnina v1.3.3 master:6fe1ce2   Built Jun 30 2026.,static_crystal_polymer,,
4IJP,diffdock,scored,0.08656,gnina v1.3.3 master:6fe1ce2   Built Jun 30 2026.,static_crystal_polymer,,
4I9U,equibind,scored,0.00245,gnina v1.3.3 master:6fe1ce2   Built Jun 30 2026.,static_crystal_polymer,,
4I9U,diffdock,scored,0.64106,gnina v1.3.3 master:6fe1ce2   Built Jun 30 2026.,static_crystal_polymer,,
4IAW,equibind,scored,0.00054,gnina v1.3.3 master:6fe1ce2   Built Jun 30 2026.,static_crystal_polymer,,
4IAW,diffdock,scored,0.32868,gnina v1.3.3 master:6fe1ce2   Built Jun 30 2026.,static_crystal_polymer,,
4IIE,equibind,scored,0.41859,gnina v1.3.3 master:6fe1ce2   Built Jun 30 2026.,static_crystal_polymer,,
4IIE,diffdock,scored,0.88384,gnina v1.3.3 master:6fe1ce2   Built Jun 30 2026.,static_crystal_polymer,,
4IO2,equibind,scored,0.02121,gnina v1.3.3 master:6fe1ce2   Built Jun 30 2026.,static_crystal_polymer,,
4IO2,diffdock,scored,0.24717,gnina v1.3.3 master:6fe1ce2   Built Jun 30 2026.,static_crystal_polymer,,
4HNP,equibind,scored,0.1873,gnina v1.3.3 master:6fe1ce2   Built Jun 30 2026.,static_crystal_polymer,,
4IIF,equibind,scored,0.00215,gnina v1.3.3 master:6fe1ce2   Built Jun 30 2026.,static_crystal_polymer,,
4IIF,diffdock,scored,0.60381,gnina v1.3.3 master:6fe1ce2   Built Jun 30 2026.,static_crystal_polymer,,
4IO3,equibind,scored,0.03855,gnina v1.3.3 master:6fe1ce2   Built Jun 30 2026.,static_crystal_polymer,,
4IO3,diffdock,scored,0.26716,gnina v1.3.3 master:6fe1ce2   Built Jun 30 2026.,static_crystal_polymer,,
4HRD,equibind,scored,0.08325,gnina v1.3.3 master:6fe1ce2   Built Jun 30 2026.,static_crystal_polymer,,
4IO4,equibind,scored,0.03582,gnina v1.3.3 master:6fe1ce2   Built Jun 30 2026.,static_crystal_polymer,,
4IO4,diffdock,scored,0.07153,gnina v1.3.3 master:6fe1ce2   Built Jun 30 2026.,static_crystal_polymer,,
4IO5,equibind,scored,0.32351,gnina v1.3.3 master:6fe1ce2   Built Jun 30 2026.,static_crystal_polymer,,
4IO5,diffdock,scored,0.10426,gnina v1.3.3 master:6fe1ce2   Built Jun 30 2026.,static_crystal_polymer,,
4IPJ,equibind,scored,0.09912,gnina v1.3.3 master:6fe1ce2   Built Jun 30 2026.,static_crystal_polymer,,
4IPJ,diffdock,scored,0.26572,gnina v1.3.3 master:6fe1ce2   Built Jun 30 2026.,static_crystal_polymer,,
4IH3,equibind,scored,0.40831,gnina v1.3.3 master:6fe1ce2   Built Jun 30 2026.,static_crystal_polymer,,
4IH3,diffdock,scored,0.57322,gnina v1.3.3 master:6fe1ce2   Built Jun 30 2026.,static_crystal_polymer,,
4IR5,equibind,scored,0.02505,gnina v1.3.3 master:6fe1ce2   Built Jun 30 2026.,static_crystal_polymer,,
4IR5,diffdock,scored,0.66025,gnina v1.3.3 master:6fe1ce2   Built Jun 30 2026.,static_crystal_polymer,,
4IPI,equibind,scored,0.4222,gnina v1.3.3 master:6fe1ce2   Built Jun 30 2026.,static_crystal_polymer,,
4IPI,diffdock,scored,0.51833,gnina v1.3.3 master:6fe1ce2   Built Jun 30 2026.,static_crystal_polymer,,
4IR6,equibind,scored,0.21743,gnina v1.3.3 master:6fe1ce2   Built Jun 30 2026.,static_crystal_polymer,,
4IR6,diffdock,scored,0.76392,gnina v1.3.3 master:6fe1ce2   Built Jun 30 2026.,static_crystal_polymer,,
4HRC,equibind,scored,0.22272,gnina v1.3.3 master:6fe1ce2   Built Jun 30 2026.,static_crystal_polymer,,
4IO6,equibind,scored,0.00233,gnina v1.3.3 master:6fe1ce2   Built Jun 30 2026.,static_crystal_polymer,,
4IO6,diffdock,scored,0.5744,gnina v1.3.3 master:6fe1ce2   Built Jun 30 2026.,static_crystal_polymer,,
4I9H,equibind,scored,0.19275,gnina v1.3.3 master:6fe1ce2   Built Jun 30 2026.,static_crystal_polymer,,
4I9H,diffdock,scored,0.0244,gnina v1.3.3 master:6fe1ce2   Built Jun 30 2026.,static_crystal_polymer,,
4IO7,equibind,scored,0.04183,gnina v1.3.3 master:6fe1ce2   Built Jun 30 2026.,static_crystal_polymer,,
4IO7,diffdock,scored,0.18134,gnina v1.3.3 master:6fe1ce2   Built Jun 30 2026.,static_crystal_polymer,,
4IU1,equibind,scored,0.70243,gnina v1.3.3 master:6fe1ce2   Built Jun 30 2026.,static_crystal_polymer,,
4IU1,diffdock,scored,0.87636,gnina v1.3.3 master:6fe1ce2   Built Jun 30 2026.,static_crystal_polymer,,
4ITP,equibind,scored,0.57298,gnina v1.3.3 master:6fe1ce2   Built Jun 30 2026.,static_crystal_polymer,,
4ITP,diffdock,scored,0.62391,gnina v1.3.3 master:6fe1ce2   Built Jun 30 2026.,static_crystal_polymer,,
4IVA,equibind,scored,0.50748,gnina v1.3.3 master:6fe1ce2   Built Jun 30 2026.,static_crystal_polymer,,
4IVA,diffdock,scored,0.99649,gnina v1.3.3 master:6fe1ce2   Built Jun 30 2026.,static_crystal_polymer,,
4ITH,equibind,scored,0.11801,gnina v1.3.3 master:6fe1ce2   Built Jun 30 2026.,static_crystal_polymer,,
4ITH,diffdock,scored,0.92327,gnina v1.3.3 master:6fe1ce2   Built Jun 30 2026.,static_crystal_polymer,,
4IRX,equibind,scored,0.54588,gnina v1.3.3 master:6fe1ce2   Built Jun 30 2026.,static_crystal_polymer,,
4IRX,diffdock,scored,0.97585,gnina v1.3.3 master:6fe1ce2   Built Jun 30 2026.,static_crystal_polymer,,
4ITI,equibind,scored,0.01145,gnina v1.3.3 master:6fe1ce2   Built Jun 30 2026.,static_crystal_polymer,,
4ITI,diffdock,scored,0.79073,gnina v1.3.3 master:6fe1ce2   Built Jun 30 2026.,static_crystal_polymer,,
4IVK,equibind,scored,0.03321,gnina v1.3.3 master:6fe1ce2   Built Jun 30 2026.,static_crystal_polymer,,
4IVK,diffdock,scored,0.51515,gnina v1.3.3 master:6fe1ce2   Built Jun 30 2026.,static_crystal_polymer,,
4IVC,equibind,scored,0.18087,gnina v1.3.3 master:6fe1ce2   Built Jun 30 2026.,static_crystal_polymer,,
4IVC,diffdock,scored,0.99491,gnina v1.3.3 master:6fe1ce2   Built Jun 30 2026.,static_crystal_polymer,,
4IWZ,equibind,scored,0.19741,gnina v1.3.3 master:6fe1ce2   Built Jun 30 2026.,static_crystal_polymer,,
4IWZ,diffdock,scored,0.58529,gnina v1.3.3 master:6fe1ce2   Built Jun 30 2026.,static_crystal_polymer,,
4IVB,equibind,scored,0.04309,gnina v1.3.3 master:6fe1ce2   Built Jun 30 2026.,static_crystal_polymer,,
4IVB,diffdock,scored,0.99244,gnina v1.3.3 master:6fe1ce2   Built Jun 30 2026.,static_crystal_polymer,,
4IWD,equibind,scored,0.02127,gnina v1.3.3 master:6fe1ce2   Built Jun 30 2026.,static_crystal_polymer,,
4IWD,diffdock,scored,0.12182,gnina v1.3.3 master:6fe1ce2   Built Jun 30 2026.,static_crystal_polymer,,
4IVD,equibind,scored,0.05278,gnina v1.3.3 master:6fe1ce2   Built Jun 30 2026.,static_crystal_polymer,,
4IVD,diffdock,scored,0.98391,gnina v1.3.3 master:6fe1ce2   Built Jun 30 2026.,static_crystal_polymer,,
4J0P,equibind,scored,0.0084,gnina v1.3.3 master:6fe1ce2   Built Jun 30 2026.,static_crystal_polymer,,
4J0P,diffdock,scored,0.69955,gnina v1.3.3 master:6fe1ce2   Built Jun 30 2026.,static_crystal_polymer,,
4ISU,equibind,scored,0.54223,gnina v1.3.3 master:6fe1ce2   Built Jun 30 2026.,static_crystal_polymer,,
4ISU,diffdock,scored,0.94612,gnina v1.3.3 master:6fe1ce2   Built Jun 30 2026.,static_crystal_polymer,,
4J03,equibind,scored,0.00314,gnina v1.3.3 master:6fe1ce2   Built Jun 30 2026.,static_crystal_polymer,,
4J03,diffdock,scored,0.77404,gnina v1.3.3 master:6fe1ce2   Built Jun 30 2026.,static_crystal_polymer,,
4J0R,equibind,scored,0.6073,gnina v1.3.3 master:6fe1ce2   Built Jun 30 2026.,static_crystal_polymer,,
4J0R,diffdock,scored,0.92312,gnina v1.3.3 master:6fe1ce2   Built Jun 30 2026.,static_crystal_polymer,,
4J0S,equibind,scored,0.62142,gnina v1.3.3 master:6fe1ce2   Built Jun 30 2026.,static_crystal_polymer,,
4J0S,diffdock,scored,0.94857,gnina v1.3.3 master:6fe1ce2   Built Jun 30 2026.,static_crystal_polymer,,
4IZ0,equibind,scored,0.00088,gnina v1.3.3 master:6fe1ce2   Built Jun 30 2026.,static_crystal_polymer,,
4IZ0,diffdock,scored,0.89432,gnina v1.3.3 master:6fe1ce2   Built Jun 30 2026.,static_crystal_polymer,,
4J0Y,equibind,scored,0.0041,gnina v1.3.3 master:6fe1ce2   Built Jun 30 2026.,static_crystal_polymer,,
4J0Y,diffdock,scored,0.83219,gnina v1.3.3 master:6fe1ce2   Built Jun 30 2026.,static_crystal_polymer,,
4J06,equibind,scored,0.55504,gnina v1.3.3 master:6fe1ce2   Built Jun 30 2026.,static_crystal_polymer,,
4J06,diffdock,scored,0.29369,gnina v1.3.3 master:6fe1ce2   Built Jun 30 2026.,static_crystal_polymer,,
4IZM,equibind,scored,0.02875,gnina v1.3.3 master:6fe1ce2   Built Jun 30 2026.,static_crystal_polymer,,
4IZM,diffdock,scored,0.78157,gnina v1.3.3 master:6fe1ce2   Built Jun 30 2026.,static_crystal_polymer,,
4J0A,equibind,scored,0.0,gnina v1.3.3 master:6fe1ce2   Built Jun 30 2026.,static_crystal_polymer,,
4J0A,diffdock,scored,0.6147,gnina v1.3.3 master:6fe1ce2   Built Jun 30 2026.,static_crystal_polymer,,
4J3I,equibind,scored,0.37035,gnina v1.3.3 master:6fe1ce2   Built Jun 30 2026.,static_crystal_polymer,,
4J3I,diffdock,scored,0.92811,gnina v1.3.3 master:6fe1ce2   Built Jun 30 2026.,static_crystal_polymer,,
4J0Z,equibind,scored,0.03273,gnina v1.3.3 master:6fe1ce2   Built Jun 30 2026.,static_crystal_polymer,,
4J0Z,diffdock,scored,0.20044,gnina v1.3.3 master:6fe1ce2   Built Jun 30 2026.,static_crystal_polymer,,
4J17,equibind,scored,0.64554,gnina v1.3.3 master:6fe1ce2   Built Jun 30 2026.,static_crystal_polymer,,
4J17,diffdock,scored,0.53163,gnina v1.3.3 master:6fe1ce2   Built Jun 30 2026.,static_crystal_polymer,,
4J1E,equibind,scored,0.07228,gnina v1.3.3 master:6fe1ce2   Built Jun 30 2026.,static_crystal_polymer,,
4J1E,diffdock,scored,0.74543,gnina v1.3.3 master:6fe1ce2   Built Jun 30 2026.,static_crystal_polymer,,
4J04,equibind,scored,0.00011,gnina v1.3.3 master:6fe1ce2   Built Jun 30 2026.,static_crystal_polymer,,
4J04,diffdock,scored,0.78755,gnina v1.3.3 master:6fe1ce2   Built Jun 30 2026.,static_crystal_polymer,,
4J1H,equibind,scored,0.12023,gnina v1.3.3 master:6fe1ce2   Built Jun 30 2026.,static_crystal_polymer,,
4J1H,diffdock,scored,0.74252,gnina v1.3.3 master:6fe1ce2   Built Jun 30 2026.,static_crystal_polymer,,
4J5D,equibind,scored,0.01038,gnina v1.3.3 master:6fe1ce2   Built Jun 30 2026.,static_crystal_polymer,,
4J5D,diffdock,scored,0.46809,gnina v1.3.3 master:6fe1ce2   Built Jun 30 2026.,static_crystal_polymer,,
4J5E,equibind,scored,0.01606,gnina v1.3.3 master:6fe1ce2   Built Jun 30 2026.,static_crystal_polymer,,
4J5E,diffdock,scored,0.91991,gnina v1.3.3 master:6fe1ce2   Built Jun 30 2026.,static_crystal_polymer,,
4J74,equibind,scored,0.0569,gnina v1.3.3 master:6fe1ce2   Built Jun 30 2026.,static_crystal_polymer,,
4J74,diffdock,scored,0.1577,gnina v1.3.3 master:6fe1ce2   Built Jun 30 2026.,static_crystal_polymer,,
4J52,equibind,scored,0.58505,gnina v1.3.3 master:6fe1ce2   Built Jun 30 2026.,static_crystal_polymer,,
4J52,diffdock,scored,0.52017,gnina v1.3.3 master:6fe1ce2   Built Jun 30 2026.,static_crystal_polymer,,
4J93,equibind,scored,0.00029,gnina v1.3.3 master:6fe1ce2   Built Jun 30 2026.,static_crystal_polymer,,
4J93,diffdock,scored,0.21454,gnina v1.3.3 master:6fe1ce2   Built Jun 30 2026.,static_crystal_polymer,,
4J7D,equibind,scored,0.00563,gnina v1.3.3 master:6fe1ce2   Built Jun 30 2026.,static_crystal_polymer,,
4J7D,diffdock,scored,0.19835,gnina v1.3.3 master:6fe1ce2   Built Jun 30 2026.,static_crystal_polymer,,
4JAZ,equibind,scored,0.00106,gnina v1.3.3 master:6fe1ce2   Built Jun 30 2026.,static_crystal_polymer,,
4JAZ,diffdock,scored,0.7312,gnina v1.3.3 master:6fe1ce2   Built Jun 30 2026.,static_crystal_polymer,,
4JBP,equibind,scored,0.09572,gnina v1.3.3 master:6fe1ce2   Built Jun 30 2026.,static_crystal_polymer,,
4JBP,diffdock,scored,0.34362,gnina v1.3.3 master:6fe1ce2   Built Jun 30 2026.,static_crystal_polymer,,
4J2T,equibind,scored,0.01459,gnina v1.3.3 master:6fe1ce2   Built Jun 30 2026.,static_crystal_polymer,,
4J2T,diffdock,scored,0.42184,gnina v1.3.3 master:6fe1ce2   Built Jun 30 2026.,static_crystal_polymer,,
4JDF,equibind,scored,0.00569,gnina v1.3.3 master:6fe1ce2   Built Jun 30 2026.,static_crystal_polymer,,
4JDF,diffdock,scored,0.9556,gnina v1.3.3 master:6fe1ce2   Built Jun 30 2026.,static_crystal_polymer,,
4JBL,equibind,scored,0.17124,gnina v1.3.3 master:6fe1ce2   Built Jun 30 2026.,static_crystal_polymer,,
4JBL,diffdock,scored,0.49893,gnina v1.3.3 master:6fe1ce2   Built Jun 30 2026.,static_crystal_polymer,,
4J8T,equibind,scored,0.00053,gnina v1.3.3 master:6fe1ce2   Built Jun 30 2026.,static_crystal_polymer,,
4J8T,diffdock,scored,0.69119,gnina v1.3.3 master:6fe1ce2   Built Jun 30 2026.,static_crystal_polymer,,
4JFI,equibind,scored,0.00136,gnina v1.3.3 master:6fe1ce2   Built Jun 30 2026.,static_crystal_polymer,,
4JFI,diffdock,scored,0.05976,gnina v1.3.3 master:6fe1ce2   Built Jun 30 2026.,static_crystal_polymer,,
4JFJ,equibind,scored,0.00124,gnina v1.3.3 master:6fe1ce2   Built Jun 30 2026.,static_crystal_polymer,,
4JFJ,diffdock,scored,0.63132,gnina v1.3.3 master:6fe1ce2   Built Jun 30 2026.,static_crystal_polymer,,
4JE7,equibind,scored,0.00093,gnina v1.3.3 master:6fe1ce2   Built Jun 30 2026.,static_crystal_polymer,,
4JE7,diffdock,scored,0.88656,gnina v1.3.3 master:6fe1ce2   Built Jun 30 2026.,static_crystal_polymer,,
4IJQ,equibind,scored,7e-05,gnina v1.3.3 master:6fe1ce2   Built Jun 30 2026.,static_crystal_polymer,,
4IJQ,diffdock,scored,0.3289,gnina v1.3.3 master:6fe1ce2   Built Jun 30 2026.,static_crystal_polymer,,
4JFK,equibind,scored,0.00068,gnina v1.3.3 master:6fe1ce2   Built Jun 30 2026.,static_crystal_polymer,,
4JFK,diffdock,scored,0.48064,gnina v1.3.3 master:6fe1ce2   Built Jun 30 2026.,static_crystal_polymer,,
4JFL,equibind,scored,0.00058,gnina v1.3.3 master:6fe1ce2   Built Jun 30 2026.,static_crystal_polymer,,
4JFL,diffdock,scored,0.55665,gnina v1.3.3 master:6fe1ce2   Built Jun 30 2026.,static_crystal_polymer,,
4JFM,equibind,scored,0.00074,gnina v1.3.3 master:6fe1ce2   Built Jun 30 2026.,static_crystal_polymer,,
4JFM,diffdock,scored,0.04794,gnina v1.3.3 master:6fe1ce2   Built Jun 30 2026.,static_crystal_polymer,,
4JG6,equibind,scored,0.64973,gnina v1.3.3 master:6fe1ce2   Built Jun 30 2026.,static_crystal_polymer,,
4JG6,diffdock,scored,0.41686,gnina v1.3.3 master:6fe1ce2   Built Jun 30 2026.,static_crystal_polymer,,
4J3J,equibind,scored,0.00041,gnina v1.3.3 master:6fe1ce2   Built Jun 30 2026.,static_crystal_polymer,,
4J3J,diffdock,scored,0.14692,gnina v1.3.3 master:6fe1ce2   Built Jun 30 2026.,static_crystal_polymer,,
4JG8,equibind,scored,0.36205,gnina v1.3.3 master:6fe1ce2   Built Jun 30 2026.,static_crystal_polymer,,
4JG8,diffdock,scored,0.70485,gnina v1.3.3 master:6fe1ce2   Built Jun 30 2026.,static_crystal_polymer,,
4JDA,equibind,scored,0.00054,gnina v1.3.3 master:6fe1ce2   Built Jun 30 2026.,static_crystal_polymer,,
4JDA,diffdock,scored,0.60701,gnina v1.3.3 master:6fe1ce2   Built Jun 30 2026.,static_crystal_polymer,,
4JIN,equibind,scored,0.14938,gnina v1.3.3 master:6fe1ce2   Built Jun 30 2026.,static_crystal_polymer,,
4JIN,diffdock,scored,0.22512,gnina v1.3.3 master:6fe1ce2   Built Jun 30 2026.,static_crystal_polymer,,
4JGV,equibind,scored,2e-05,gnina v1.3.3 master:6fe1ce2   Built Jun 30 2026.,static_crystal_polymer,,
4JGV,diffdock,scored,0.41553,gnina v1.3.3 master:6fe1ce2   Built Jun 30 2026.,static_crystal_polymer,,
4JIT,equibind,scored,0.00053,gnina v1.3.3 master:6fe1ce2   Built Jun 30 2026.,static_crystal_polymer,,
4JIT,diffdock,scored,0.9036,gnina v1.3.3 master:6fe1ce2   Built Jun 30 2026.,static_crystal_polymer,,
4JKW,equibind,scored,0.17918,gnina v1.3.3 master:6fe1ce2   Built Jun 30 2026.,static_crystal_polymer,,
4JKW,diffdock,scored,0.67333,gnina v1.3.3 master:6fe1ce2   Built Jun 30 2026.,static_crystal_polymer,,
4JBS,equibind,scored,0.00014,gnina v1.3.3 master:6fe1ce2   Built Jun 30 2026.,static_crystal_polymer,,
4JBS,diffdock,scored,0.04215,gnina v1.3.3 master:6fe1ce2   Built Jun 30 2026.,static_crystal_polymer,,
4J9A,equibind,scored,0.00017,gnina v1.3.3 master:6fe1ce2   Built Jun 30 2026.,static_crystal_polymer,,
4J9A,diffdock,scored,0.44624,gnina v1.3.3 master:6fe1ce2   Built Jun 30 2026.,static_crystal_polymer,,
4JJS,equibind,scored,0.00631,gnina v1.3.3 master:6fe1ce2   Built Jun 30 2026.,static_crystal_polymer,,
4JJS,diffdock,scored,0.4503,gnina v1.3.3 master:6fe1ce2   Built Jun 30 2026.,static_crystal_polymer,,
4JMX,equibind,scored,0.3436,gnina v1.3.3 master:6fe1ce2   Built Jun 30 2026.,static_crystal_polymer,,
4JMX,diffdock,scored,0.83552,gnina v1.3.3 master:6fe1ce2   Built Jun 30 2026.,static_crystal_polymer,,
4JHZ,equibind,scored,1e-05,gnina v1.3.3 master:6fe1ce2   Built Jun 30 2026.,static_crystal_polymer,,
4JHZ,diffdock,scored,0.65915,gnina v1.3.3 master:6fe1ce2   Built Jun 30 2026.,static_crystal_polymer,,
4JLM,equibind,scored,0.00205,gnina v1.3.3 master:6fe1ce2   Built Jun 30 2026.,static_crystal_polymer,,
4JLM,diffdock,scored,0.6501,gnina v1.3.3 master:6fe1ce2   Built Jun 30 2026.,static_crystal_polymer,,
4JLN,equibind,scored,0.00012,gnina v1.3.3 master:6fe1ce2   Built Jun 30 2026.,static_crystal_polymer,,
4JLN,diffdock,scored,0.93647,gnina v1.3.3 master:6fe1ce2   Built Jun 30 2026.,static_crystal_polymer,,
4JH0,equibind,scored,0.01688,gnina v1.3.3 master:6fe1ce2   Built Jun 30 2026.,static_crystal_polymer,,
4JH0,diffdock,scored,0.31857,gnina v1.3.3 master:6fe1ce2   Built Jun 30 2026.,static_crystal_polymer,,
4JLG,equibind,scored,0.00124,gnina v1.3.3 master:6fe1ce2   Built Jun 30 2026.,static_crystal_polymer,,
4JLG,diffdock,scored,0.10468,gnina v1.3.3 master:6fe1ce2   Built Jun 30 2026.,static_crystal_polymer,,
4JLJ,equibind,scored,0.00111,gnina v1.3.3 master:6fe1ce2   Built Jun 30 2026.,static_crystal_polymer,,
4JLJ,diffdock,scored,0.8665,gnina v1.3.3 master:6fe1ce2   Built Jun 30 2026.,static_crystal_polymer,,
4JPY,equibind,scored,0.72734,gnina v1.3.3 master:6fe1ce2   Built Jun 30 2026.,static_crystal_polymer,,
4JPY,diffdock,scored,0.74857,gnina v1.3.3 master:6fe1ce2   Built Jun 30 2026.,static_crystal_polymer,,
4JIB,equibind,scored,0.0,gnina v1.3.3 master:6fe1ce2   Built Jun 30 2026.,static_crystal_polymer,,
4JIB,diffdock,scored,0.49013,gnina v1.3.3 master:6fe1ce2   Built Jun 30 2026.,static_crystal_polymer,,
4JPA,equibind,scored,0.08506,gnina v1.3.3 master:6fe1ce2   Built Jun 30 2026.,static_crystal_polymer,,
4JPA,diffdock,scored,0.23419,gnina v1.3.3 master:6fe1ce2   Built Jun 30 2026.,static_crystal_polymer,,
4JQL,equibind,scored,0.04405,gnina v1.3.3 master:6fe1ce2   Built Jun 30 2026.,static_crystal_polymer,,
4JQL,diffdock,scored,0.51425,gnina v1.3.3 master:6fe1ce2   Built Jun 30 2026.,static_crystal_polymer,,
4JNJ,equibind,scored,0.06639,gnina v1.3.3 master:6fe1ce2   Built Jun 30 2026.,static_crystal_polymer,,
4JNJ,diffdock,scored,0.93485,gnina v1.3.3 master:6fe1ce2   Built Jun 30 2026.,static_crystal_polymer,,
4JSA,equibind,scored,0.21271,gnina v1.3.3 master:6fe1ce2   Built Jun 30 2026.,static_crystal_polymer,,
4JSA,diffdock,scored,0.88863,gnina v1.3.3 master:6fe1ce2   Built Jun 30 2026.,static_crystal_polymer,,
4JSC,equibind,scored,0.0001,gnina v1.3.3 master:6fe1ce2   Built Jun 30 2026.,static_crystal_polymer,,
4JSC,diffdock,scored,0.66045,gnina v1.3.3 master:6fe1ce2   Built Jun 30 2026.,static_crystal_polymer,,
4JSR,equibind,scored,0.03682,gnina v1.3.3 master:6fe1ce2   Built Jun 30 2026.,static_crystal_polymer,,
4JSR,diffdock,scored,0.78806,gnina v1.3.3 master:6fe1ce2   Built Jun 30 2026.,static_crystal_polymer,,
4JPS,equibind,scored,0.02974,gnina v1.3.3 master:6fe1ce2   Built Jun 30 2026.,static_crystal_polymer,,
4JPS,diffdock,scored,0.69749,gnina v1.3.3 master:6fe1ce2   Built Jun 30 2026.,static_crystal_polymer,,
4JSS,equibind,scored,0.67715,gnina v1.3.3 master:6fe1ce2   Built Jun 30 2026.,static_crystal_polymer,,
4JSS,diffdock,scored,0.7997,gnina v1.3.3 master:6fe1ce2   Built Jun 30 2026.,static_crystal_polymer,,
4JT8,equibind,scored,0.02253,gnina v1.3.3 master:6fe1ce2   Built Jun 30 2026.,static_crystal_polymer,,
4JT8,diffdock,scored,0.74563,gnina v1.3.3 master:6fe1ce2   Built Jun 30 2026.,static_crystal_polymer,,
4JT9,equibind,scored,0.03483,gnina v1.3.3 master:6fe1ce2   Built Jun 30 2026.,static_crystal_polymer,,
4JT9,diffdock,scored,0.80424,gnina v1.3.3 master:6fe1ce2   Built Jun 30 2026.,static_crystal_polymer,,
4JV7,equibind,scored,0.07293,gnina v1.3.3 master:6fe1ce2   Built Jun 30 2026.,static_crystal_polymer,,
4JV7,diffdock,scored,0.08039,gnina v1.3.3 master:6fe1ce2   Built Jun 30 2026.,static_crystal_polymer,,
4JV8,equibind,scored,0.58532,gnina v1.3.3 master:6fe1ce2   Built Jun 30 2026.,static_crystal_polymer,,
4JV8,diffdock,scored,0.84989,gnina v1.3.3 master:6fe1ce2   Built Jun 30 2026.,static_crystal_polymer,,
4JN4,equibind,scored,0.00643,gnina v1.3.3 master:6fe1ce2   Built Jun 30 2026.,static_crystal_polymer,,
4JN4,diffdock,scored,0.84473,gnina v1.3.3 master:6fe1ce2   Built Jun 30 2026.,static_crystal_polymer,,
4JR5,equibind,scored,0.72492,gnina v1.3.3 master:6fe1ce2   Built Jun 30 2026.,static_crystal_polymer,,
4JR5,diffdock,scored,0.74125,gnina v1.3.3 master:6fe1ce2   Built Jun 30 2026.,static_crystal_polymer,,
4JVI,equibind,scored,0.24249,gnina v1.3.3 master:6fe1ce2   Built Jun 30 2026.,static_crystal_polymer,,
4JVI,diffdock,scored,0.57385,gnina v1.3.3 master:6fe1ce2   Built Jun 30 2026.,static_crystal_polymer,,
4JNE,equibind,scored,0.00516,gnina v1.3.3 master:6fe1ce2   Built Jun 30 2026.,static_crystal_polymer,,
4JNE,diffdock,scored,0.81111,gnina v1.3.3 master:6fe1ce2   Built Jun 30 2026.,static_crystal_polymer,,
4JVE,equibind,scored,0.00012,gnina v1.3.3 master:6fe1ce2   Built Jun 30 2026.,static_crystal_polymer,,
4JVE,diffdock,scored,0.42657,gnina v1.3.3 master:6fe1ce2   Built Jun 30 2026.,static_crystal_polymer,,
4JLS,equibind,scored,0.00204,gnina v1.3.3 master:6fe1ce2   Built Jun 30 2026.,static_crystal_polymer,,
4JLS,diffdock,scored,0.91897,gnina v1.3.3 master:6fe1ce2   Built Jun 30 2026.,static_crystal_polymer,,
4JX9,equibind,scored,0.06792,gnina v1.3.3 master:6fe1ce2   Built Jun 30 2026.,static_crystal_polymer,,
4JX9,diffdock,scored,0.13345,gnina v1.3.3 master:6fe1ce2   Built Jun 30 2026.,static_crystal_polymer,,
4JWR,equibind,scored,0.00365,gnina v1.3.3 master:6fe1ce2   Built Jun 30 2026.,static_crystal_polymer,,
4JWR,diffdock,scored,0.63947,gnina v1.3.3 master:6fe1ce2   Built Jun 30 2026.,static_crystal_polymer,,
4JU6,equibind,scored,1e-05,gnina v1.3.3 master:6fe1ce2   Built Jun 30 2026.,static_crystal_polymer,,
4JU6,diffdock,scored,0.93326,gnina v1.3.3 master:6fe1ce2   Built Jun 30 2026.,static_crystal_polymer,,
4JU3,equibind,scored,0.00084,gnina v1.3.3 master:6fe1ce2   Built Jun 30 2026.,static_crystal_polymer,,
4JU3,diffdock,scored,0.63126,gnina v1.3.3 master:6fe1ce2   Built Jun 30 2026.,static_crystal_polymer,,
4JYV,equibind,scored,0.0058,gnina v1.3.3 master:6fe1ce2   Built Jun 30 2026.,static_crystal_polymer,,
4JYV,diffdock,scored,0.36786,gnina v1.3.3 master:6fe1ce2   Built Jun 30 2026.,static_crystal_polymer,,
4JXS,equibind,scored,0.08181,gnina v1.3.3 master:6fe1ce2   Built Jun 30 2026.,static_crystal_polymer,,
4JXS,diffdock,scored,0.89533,gnina v1.3.3 master:6fe1ce2   Built Jun 30 2026.,static_crystal_polymer,,
4JU7,equibind,scored,1e-05,gnina v1.3.3 master:6fe1ce2   Built Jun 30 2026.,static_crystal_polymer,,
4JU7,diffdock,scored,0.84155,gnina v1.3.3 master:6fe1ce2   Built Jun 30 2026.,static_crystal_polymer,,
4JXW,equibind,scored,0.00577,gnina v1.3.3 master:6fe1ce2   Built Jun 30 2026.,static_crystal_polymer,,
4JXW,diffdock,scored,0.67043,gnina v1.3.3 master:6fe1ce2   Built Jun 30 2026.,static_crystal_polymer,,
4K0Y,equibind,scored,0.3902,gnina v1.3.3 master:6fe1ce2   Built Jun 30 2026.,static_crystal_polymer,,
4K0Y,diffdock,scored,0.5667,gnina v1.3.3 master:6fe1ce2   Built Jun 30 2026.,static_crystal_polymer,,
4JKT,equibind,scored,1e-05,gnina v1.3.3 master:6fe1ce2   Built Jun 30 2026.,static_crystal_polymer,,
4JKT,diffdock,scored,0.42049,gnina v1.3.3 master:6fe1ce2   Built Jun 30 2026.,static_crystal_polymer,,
4K18,equibind,scored,0.14201,gnina v1.3.3 master:6fe1ce2   Built Jun 30 2026.,static_crystal_polymer,,
4K18,diffdock,scored,0.58254,gnina v1.3.3 master:6fe1ce2   Built Jun 30 2026.,static_crystal_polymer,,
4JXV,equibind,scored,0.01516,gnina v1.3.3 master:6fe1ce2   Built Jun 30 2026.,static_crystal_polymer,,
4JXV,diffdock,scored,0.68667,gnina v1.3.3 master:6fe1ce2   Built Jun 30 2026.,static_crystal_polymer,,
4JYM,equibind,scored,0.01323,gnina v1.3.3 master:6fe1ce2   Built Jun 30 2026.,static_crystal_polymer,,
4JYM,diffdock,scored,0.57266,gnina v1.3.3 master:6fe1ce2   Built Jun 30 2026.,static_crystal_polymer,,
4K2Y,equibind,scored,0.63422,gnina v1.3.3 master:6fe1ce2   Built Jun 30 2026.,static_crystal_polymer,,
4K2Y,diffdock,scored,0.51605,gnina v1.3.3 master:6fe1ce2   Built Jun 30 2026.,static_crystal_polymer,,
4K4J,equibind,scored,0.7076,gnina v1.3.3 master:6fe1ce2   Built Jun 30 2026.,static_crystal_polymer,,
4K4J,diffdock,scored,0.80476,gnina v1.3.3 master:6fe1ce2   Built Jun 30 2026.,static_crystal_polymer,,
4K55,equibind,scored,0.56304,gnina v1.3.3 master:6fe1ce2   Built Jun 30 2026.,static_crystal_polymer,,
4K55,diffdock,scored,0.69022,gnina v1.3.3 master:6fe1ce2   Built Jun 30 2026.,static_crystal_polymer,,
4JYB,equibind,scored,3e-05,gnina v1.3.3 master:6fe1ce2   Built Jun 30 2026.,static_crystal_polymer,,
4JYB,diffdock,scored,0.7349,gnina v1.3.3 master:6fe1ce2   Built Jun 30 2026.,static_crystal_polymer,,
4K4E,equibind,scored,0.0006,gnina v1.3.3 master:6fe1ce2   Built Jun 30 2026.,static_crystal_polymer,,
4K4E,diffdock,scored,0.85173,gnina v1.3.3 master:6fe1ce2   Built Jun 30 2026.,static_crystal_polymer,,
4K2F,equibind,scored,0.20946,gnina v1.3.3 master:6fe1ce2   Built Jun 30 2026.,static_crystal_polymer,,
4K2F,diffdock,scored,0.80183,gnina v1.3.3 master:6fe1ce2   Built Jun 30 2026.,static_crystal_polymer,,
4K2G,equibind,scored,0.04147,gnina v1.3.3 master:6fe1ce2   Built Jun 30 2026.,static_crystal_polymer,,
4K2G,diffdock,scored,0.97633,gnina v1.3.3 master:6fe1ce2   Built Jun 30 2026.,static_crystal_polymer,,
4K19,equibind,scored,0.0,gnina v1.3.3 master:6fe1ce2   Built Jun 30 2026.,static_crystal_polymer,,
4K19,diffdock,scored,0.65373,gnina v1.3.3 master:6fe1ce2   Built Jun 30 2026.,static_crystal_polymer,,
4K5Z,equibind,scored,0.47356,gnina v1.3.3 master:6fe1ce2   Built Jun 30 2026.,static_crystal_polymer,,
4K5Z,diffdock,scored,0.77372,gnina v1.3.3 master:6fe1ce2   Built Jun 30 2026.,static_crystal_polymer,,
4K60,equibind,scored,0.4953,gnina v1.3.3 master:6fe1ce2   Built Jun 30 2026.,static_crystal_polymer,,
4K60,diffdock,scored,0.6656,gnina v1.3.3 master:6fe1ce2   Built Jun 30 2026.,static_crystal_polymer,,
4K7I,equibind,scored,0.09512,gnina v1.3.3 master:6fe1ce2   Built Jun 30 2026.,static_crystal_polymer,,
4K7I,diffdock,scored,0.72635,gnina v1.3.3 master:6fe1ce2   Built Jun 30 2026.,static_crystal_polymer,,
4K7N,equibind,scored,0.0174,gnina v1.3.3 master:6fe1ce2   Built Jun 30 2026.,static_crystal_polymer,,
4K7N,diffdock,scored,0.56547,gnina v1.3.3 master:6fe1ce2   Built Jun 30 2026.,static_crystal_polymer,,
4JYC,equibind,scored,0.00116,gnina v1.3.3 master:6fe1ce2   Built Jun 30 2026.,static_crystal_polymer,,
4JYC,diffdock,scored,0.65662,gnina v1.3.3 master:6fe1ce2   Built Jun 30 2026.,static_crystal_polymer,,
4K77,equibind,scored,0.3548,gnina v1.3.3 master:6fe1ce2   Built Jun 30 2026.,static_crystal_polymer,,
4K77,diffdock,scored,0.97456,gnina v1.3.3 master:6fe1ce2   Built Jun 30 2026.,static_crystal_polymer,,
4K5L,equibind,scored,0.39899,gnina v1.3.3 master:6fe1ce2   Built Jun 30 2026.,static_crystal_polymer,,
4K5L,diffdock,scored,0.95072,gnina v1.3.3 master:6fe1ce2   Built Jun 30 2026.,static_crystal_polymer,,
4K7O,equibind,scored,0.00025,gnina v1.3.3 master:6fe1ce2   Built Jun 30 2026.,static_crystal_polymer,,
4K7O,diffdock,scored,0.50932,gnina v1.3.3 master:6fe1ce2   Built Jun 30 2026.,static_crystal_polymer,,
4K8O,equibind,scored,0.00122,gnina v1.3.3 master:6fe1ce2   Built Jun 30 2026.,static_crystal_polymer,,
4K8O,diffdock,scored,0.43262,gnina v1.3.3 master:6fe1ce2   Built Jun 30 2026.,static_crystal_polymer,,
4K5O,equibind,scored,0.20283,gnina v1.3.3 master:6fe1ce2   Built Jun 30 2026.,static_crystal_polymer,,
4K5O,diffdock,scored,0.87056,gnina v1.3.3 master:6fe1ce2   Built Jun 30 2026.,static_crystal_polymer,,
4K8A,equibind,scored,0.01817,gnina v1.3.3 master:6fe1ce2   Built Jun 30 2026.,static_crystal_polymer,,
4K8A,diffdock,scored,0.66063,gnina v1.3.3 master:6fe1ce2   Built Jun 30 2026.,static_crystal_polymer,,
4K9G,equibind,scored,0.00418,gnina v1.3.3 master:6fe1ce2   Built Jun 30 2026.,static_crystal_polymer,,
4K9G,diffdock,scored,0.88576,gnina v1.3.3 master:6fe1ce2   Built Jun 30 2026.,static_crystal_polymer,,
4K5Y,equibind,scored,0.0027,gnina v1.3.3 master:6fe1ce2   Built Jun 30 2026.,static_crystal_polymer,,
4K5Y,diffdock,scored,0.47113,gnina v1.3.3 master:6fe1ce2   Built Jun 30 2026.,static_crystal_polymer,,
4K9Y,equibind,scored,0.41286,gnina v1.3.3 master:6fe1ce2   Built Jun 30 2026.,static_crystal_polymer,,
4K9Y,diffdock,scored,0.85919,gnina v1.3.3 master:6fe1ce2   Built Jun 30 2026.,static_crystal_polymer,,
4KAX,equibind,scored,0.00287,gnina v1.3.3 master:6fe1ce2   Built Jun 30 2026.,static_crystal_polymer,,
4KAX,diffdock,scored,0.87489,gnina v1.3.3 master:6fe1ce2   Built Jun 30 2026.,static_crystal_polymer,,
4KAB,equibind,scored,0.01085,gnina v1.3.3 master:6fe1ce2   Built Jun 30 2026.,static_crystal_polymer,,
4KAB,diffdock,scored,0.91627,gnina v1.3.3 master:6fe1ce2   Built Jun 30 2026.,static_crystal_polymer,,
4K42,equibind,scored,0.00282,gnina v1.3.3 master:6fe1ce2   Built Jun 30 2026.,static_crystal_polymer,,
4K42,diffdock,scored,0.83149,gnina v1.3.3 master:6fe1ce2   Built Jun 30 2026.,static_crystal_polymer,,
4KC2,equibind,scored,0.00461,gnina v1.3.3 master:6fe1ce2   Built Jun 30 2026.,static_crystal_polymer,,
4KC2,diffdock,scored,0.43038,gnina v1.3.3 master:6fe1ce2   Built Jun 30 2026.,static_crystal_polymer,,
4KC1,equibind,scored,0.00503,gnina v1.3.3 master:6fe1ce2   Built Jun 30 2026.,static_crystal_polymer,,
4KC1,diffdock,scored,0.48977,gnina v1.3.3 master:6fe1ce2   Built Jun 30 2026.,static_crystal_polymer,,
4KBC,equibind,scored,0.00021,gnina v1.3.3 master:6fe1ce2   Built Jun 30 2026.,static_crystal_polymer,,
4KBC,diffdock,scored,0.79654,gnina v1.3.3 master:6fe1ce2   Built Jun 30 2026.,static_crystal_polymer,,
4KBY,equibind,scored,0.08219,gnina v1.3.3 master:6fe1ce2   Built Jun 30 2026.,static_crystal_polymer,,
4KBY,diffdock,scored,0.00027,gnina v1.3.3 master:6fe1ce2   Built Jun 30 2026.,static_crystal_polymer,,
4K8S,equibind,scored,0.00016,gnina v1.3.3 master:6fe1ce2   Built Jun 30 2026.,static_crystal_polymer,,
4K8S,diffdock,scored,0.79474,gnina v1.3.3 master:6fe1ce2   Built Jun 30 2026.,static_crystal_polymer,,
4KEQ,equibind,scored,0.27494,gnina v1.3.3 master:6fe1ce2   Built Jun 30 2026.,static_crystal_polymer,,
4KEQ,diffdock,scored,0.81628,gnina v1.3.3 master:6fe1ce2   Built Jun 30 2026.,static_crystal_polymer,,
4KIL,equibind,scored,0.44463,gnina v1.3.3 master:6fe1ce2   Built Jun 30 2026.,static_crystal_polymer,,
4KIL,diffdock,scored,0.86021,gnina v1.3.3 master:6fe1ce2   Built Jun 30 2026.,static_crystal_polymer,,
4KCG,equibind,scored,0.0001,gnina v1.3.3 master:6fe1ce2   Built Jun 30 2026.,static_crystal_polymer,,
4KCG,diffdock,scored,0.69175,gnina v1.3.3 master:6fe1ce2   Built Jun 30 2026.,static_crystal_polymer,,
4K9H,equibind,scored,1e-05,gnina v1.3.3 master:6fe1ce2   Built Jun 30 2026.,static_crystal_polymer,,
4K9H,diffdock,scored,0.91834,gnina v1.3.3 master:6fe1ce2   Built Jun 30 2026.,static_crystal_polymer,,
4KJV,equibind,scored,0.00035,gnina v1.3.3 master:6fe1ce2   Built Jun 30 2026.,static_crystal_polymer,,
4KJV,diffdock,scored,0.09243,gnina v1.3.3 master:6fe1ce2   Built Jun 30 2026.,static_crystal_polymer,,
4KIF,equibind,scored,0.6657,gnina v1.3.3 master:6fe1ce2   Built Jun 30 2026.,static_crystal_polymer,,
4KIF,diffdock,scored,0.66784,gnina v1.3.3 master:6fe1ce2   Built Jun 30 2026.,static_crystal_polymer,,
4KBA,equibind,scored,0.02846,gnina v1.3.3 master:6fe1ce2   Built Jun 30 2026.,static_crystal_polymer,,
4KBA,diffdock,scored,0.50367,gnina v1.3.3 master:6fe1ce2   Built Jun 30 2026.,static_crystal_polymer,,
4KM2,equibind,scored,0.00026,gnina v1.3.3 master:6fe1ce2   Built Jun 30 2026.,static_crystal_polymer,,
4KM2,diffdock,scored,0.79815,gnina v1.3.3 master:6fe1ce2   Built Jun 30 2026.,static_crystal_polymer,,
4KIP,equibind,scored,0.0002,gnina v1.3.3 master:6fe1ce2   Built Jun 30 2026.,static_crystal_polymer,,
4KIP,diffdock,scored,0.77934,gnina v1.3.3 master:6fe1ce2   Built Jun 30 2026.,static_crystal_polymer,,
4KBK,equibind,scored,0.0039,gnina v1.3.3 master:6fe1ce2   Built Jun 30 2026.,static_crystal_polymer,,
4KBK,diffdock,scored,0.73411,gnina v1.3.3 master:6fe1ce2   Built Jun 30 2026.,static_crystal_polymer,,
4KFP,equibind,scored,0.30207,gnina v1.3.3 master:6fe1ce2   Built Jun 30 2026.,static_crystal_polymer,,
4KFP,diffdock,scored,0.65405,gnina v1.3.3 master:6fe1ce2   Built Jun 30 2026.,static_crystal_polymer,,
4KLB,equibind,scored,0.03065,gnina v1.3.3 master:6fe1ce2   Built Jun 30 2026.,static_crystal_polymer,,
4KLB,diffdock,scored,0.60289,gnina v1.3.3 master:6fe1ce2   Built Jun 30 2026.,static_crystal_polymer,,
4KIN,equibind,scored,0.00157,gnina v1.3.3 master:6fe1ce2   Built Jun 30 2026.,static_crystal_polymer,,
4KIN,diffdock,scored,0.67094,gnina v1.3.3 master:6fe1ce2   Built Jun 30 2026.,static_crystal_polymer,,
4KN2,equibind,scored,7e-05,gnina v1.3.3 master:6fe1ce2   Built Jun 30 2026.,static_crystal_polymer,,
4KN2,diffdock,scored,0.55001,gnina v1.3.3 master:6fe1ce2   Built Jun 30 2026.,static_crystal_polymer,,
4KNI,equibind,scored,0.00404,gnina v1.3.3 master:6fe1ce2   Built Jun 30 2026.,static_crystal_polymer,,
4KNI,diffdock,scored,0.93026,gnina v1.3.3 master:6fe1ce2   Built Jun 30 2026.,static_crystal_polymer,,
4KNR,equibind,scored,0.00836,gnina v1.3.3 master:6fe1ce2   Built Jun 30 2026.,static_crystal_polymer,,
4KNR,diffdock,scored,0.59782,gnina v1.3.3 master:6fe1ce2   Built Jun 30 2026.,static_crystal_polymer,,
4KIQ,equibind,scored,0.01768,gnina v1.3.3 master:6fe1ce2   Built Jun 30 2026.,static_crystal_polymer,,
4KIQ,diffdock,scored,0.79868,gnina v1.3.3 master:6fe1ce2   Built Jun 30 2026.,static_crystal_polymer,,
4KOT,equibind,scored,0.82534,gnina v1.3.3 master:6fe1ce2   Built Jun 30 2026.,static_crystal_polymer,,
4KOT,diffdock,scored,0.96232,gnina v1.3.3 master:6fe1ce2   Built Jun 30 2026.,static_crystal_polymer,,
4KNM,equibind,scored,0.00012,gnina v1.3.3 master:6fe1ce2   Built Jun 30 2026.,static_crystal_polymer,,
4KNM,diffdock,scored,0.93549,gnina v1.3.3 master:6fe1ce2   Built Jun 30 2026.,static_crystal_polymer,,
4KNZ,equibind,scored,0.00121,gnina v1.3.3 master:6fe1ce2   Built Jun 30 2026.,static_crystal_polymer,,
4KNZ,diffdock,scored,0.85711,gnina v1.3.3 master:6fe1ce2   Built Jun 30 2026.,static_crystal_polymer,,
4KOX,equibind,scored,0.52953,gnina v1.3.3 master:6fe1ce2   Built Jun 30 2026.,static_crystal_polymer,,
4KOX,diffdock,scored,0.45446,gnina v1.3.3 master:6fe1ce2   Built Jun 30 2026.,static_crystal_polymer,,
4KOW,equibind,scored,0.0633,gnina v1.3.3 master:6fe1ce2   Built Jun 30 2026.,static_crystal_polymer,,
4KOW,diffdock,scored,0.46184,gnina v1.3.3 master:6fe1ce2   Built Jun 30 2026.,static_crystal_polymer,,
4KNB,equibind,scored,0.00977,gnina v1.3.3 master:6fe1ce2   Built Jun 30 2026.,static_crystal_polymer,,
4KNB,diffdock,scored,0.63027,gnina v1.3.3 master:6fe1ce2   Built Jun 30 2026.,static_crystal_polymer,,
4KP0,equibind,scored,0.48551,gnina v1.3.3 master:6fe1ce2   Built Jun 30 2026.,static_crystal_polymer,,
4KP0,diffdock,scored,0.82238,gnina v1.3.3 master:6fe1ce2   Built Jun 30 2026.,static_crystal_polymer,,
4KO8,equibind,scored,0.0883,gnina v1.3.3 master:6fe1ce2   Built Jun 30 2026.,static_crystal_polymer,,
4KO8,diffdock,scored,0.91289,gnina v1.3.3 master:6fe1ce2   Built Jun 30 2026.,static_crystal_polymer,,
4KQP,equibind,scored,0.07201,gnina v1.3.3 master:6fe1ce2   Built Jun 30 2026.,static_crystal_polymer,,
4KQP,diffdock,scored,0.59101,gnina v1.3.3 master:6fe1ce2   Built Jun 30 2026.,static_crystal_polymer,,
4KQL,equibind,scored,5e-05,gnina v1.3.3 master:6fe1ce2   Built Jun 30 2026.,static_crystal_polymer,,
4KQL,diffdock,scored,0.50857,gnina v1.3.3 master:6fe1ce2   Built Jun 30 2026.,static_crystal_polymer,,
4KP4,equibind,scored,2e-05,gnina v1.3.3 master:6fe1ce2   Built Jun 30 2026.,static_crystal_polymer,,
4KP4,diffdock,scored,0.63297,gnina v1.3.3 master:6fe1ce2   Built Jun 30 2026.,static_crystal_polymer,,
4KS2,equibind,scored,0.59664,gnina v1.3.3 master:6fe1ce2   Built Jun 30 2026.,static_crystal_polymer,,
4KS2,diffdock,scored,0.95476,gnina v1.3.3 master:6fe1ce2   Built Jun 30 2026.,static_crystal_polymer,,
4KS1,equibind,scored,0.07994,gnina v1.3.3 master:6fe1ce2   Built Jun 30 2026.,static_crystal_polymer,,
4KS1,diffdock,scored,0.63372,gnina v1.3.3 master:6fe1ce2   Built Jun 30 2026.,static_crystal_polymer,,
4KRS,equibind,scored,0.05702,gnina v1.3.3 master:6fe1ce2   Built Jun 30 2026.,static_crystal_polymer,,
4KRS,diffdock,scored,0.91006,gnina v1.3.3 master:6fe1ce2   Built Jun 30 2026.,static_crystal_polymer,,
4KS3,equibind,scored,0.02527,gnina v1.3.3 master:6fe1ce2   Built Jun 30 2026.,static_crystal_polymer,,
4KS3,diffdock,scored,0.33854,gnina v1.3.3 master:6fe1ce2   Built Jun 30 2026.,static_crystal_polymer,,
4KS4,equibind,scored,0.00097,gnina v1.3.3 master:6fe1ce2   Built Jun 30 2026.,static_crystal_polymer,,
4KS4,diffdock,scored,0.6089,gnina v1.3.3 master:6fe1ce2   Built Jun 30 2026.,static_crystal_polymer,,
4KP8,equibind,scored,0.00123,gnina v1.3.3 master:6fe1ce2   Built Jun 30 2026.,static_crystal_polymer,,
4KP8,diffdock,scored,0.66154,gnina v1.3.3 master:6fe1ce2   Built Jun 30 2026.,static_crystal_polymer,,
4KS5,equibind,scored,0.19108,gnina v1.3.3 master:6fe1ce2   Built Jun 30 2026.,static_crystal_polymer,,
4KS5,diffdock,scored,0.60154,gnina v1.3.3 master:6fe1ce2   Built Jun 30 2026.,static_crystal_polymer,,
4KSY,equibind,scored,0.00016,gnina v1.3.3 master:6fe1ce2   Built Jun 30 2026.,static_crystal_polymer,,
4KSY,diffdock,scored,0.01687,gnina v1.3.3 master:6fe1ce2   Built Jun 30 2026.,static_crystal_polymer,,
4KSP,equibind,scored,0.03694,gnina v1.3.3 master:6fe1ce2   Built Jun 30 2026.,static_crystal_polymer,,
4KSP,diffdock,scored,0.92454,gnina v1.3.3 master:6fe1ce2   Built Jun 30 2026.,static_crystal_polymer,,
4KSQ,equibind,scored,0.04614,gnina v1.3.3 master:6fe1ce2   Built Jun 30 2026.,static_crystal_polymer,,
4KSQ,diffdock,scored,0.74471,gnina v1.3.3 master:6fe1ce2   Built Jun 30 2026.,static_crystal_polymer,,
4KTC,equibind,scored,0.00088,gnina v1.3.3 master:6fe1ce2   Built Jun 30 2026.,static_crystal_polymer,,
4KTC,diffdock,scored,0.6062,gnina v1.3.3 master:6fe1ce2   Built Jun 30 2026.,static_crystal_polymer,,
4KV9,equibind,scored,0.01074,gnina v1.3.3 master:6fe1ce2   Built Jun 30 2026.,static_crystal_polymer,,
4KV9,diffdock,scored,0.58672,gnina v1.3.3 master:6fe1ce2   Built Jun 30 2026.,static_crystal_polymer,,
4KWP,equibind,scored,0.39761,gnina v1.3.3 master:6fe1ce2   Built Jun 30 2026.,static_crystal_polymer,,
4KWP,diffdock,scored,0.47727,gnina v1.3.3 master:6fe1ce2   Built Jun 30 2026.,static_crystal_polymer,,
4KVA,equibind,scored,0.00049,gnina v1.3.3 master:6fe1ce2   Built Jun 30 2026.,static_crystal_polymer,,
4KVA,diffdock,scored,0.77572,gnina v1.3.3 master:6fe1ce2   Built Jun 30 2026.,static_crystal_polymer,,
4KXB,equibind,scored,0.0764,gnina v1.3.3 master:6fe1ce2   Built Jun 30 2026.,static_crystal_polymer,,
4KXB,diffdock,scored,0.75205,gnina v1.3.3 master:6fe1ce2   Built Jun 30 2026.,static_crystal_polymer,,
4KYH,equibind,scored,5e-05,gnina v1.3.3 master:6fe1ce2   Built Jun 30 2026.,static_crystal_polymer,,
4KYH,diffdock,scored,0.7427,gnina v1.3.3 master:6fe1ce2   Built Jun 30 2026.,static_crystal_polymer,,
4KXN,equibind,scored,2e-05,gnina v1.3.3 master:6fe1ce2   Built Jun 30 2026.,static_crystal_polymer,,
4KXN,diffdock,scored,0.56189,gnina v1.3.3 master:6fe1ce2   Built Jun 30 2026.,static_crystal_polymer,,
4KXL,equibind,scored,1e-05,gnina v1.3.3 master:6fe1ce2   Built Jun 30 2026.,static_crystal_polymer,,
4KXL,diffdock,scored,0.69342,gnina v1.3.3 master:6fe1ce2   Built Jun 30 2026.,static_crystal_polymer,,
4KXM,equibind,scored,0.00116,gnina v1.3.3 master:6fe1ce2   Built Jun 30 2026.,static_crystal_polymer,,
4KXM,diffdock,scored,0.60603,gnina v1.3.3 master:6fe1ce2   Built Jun 30 2026.,static_crystal_polymer,,
4KZ0,equibind,scored,0.22309,gnina v1.3.3 master:6fe1ce2   Built Jun 30 2026.,static_crystal_polymer,,
4KZ0,diffdock,scored,0.79822,gnina v1.3.3 master:6fe1ce2   Built Jun 30 2026.,static_crystal_polymer,,
4KZ3,equibind,scored,0.03974,gnina v1.3.3 master:6fe1ce2   Built Jun 30 2026.,static_crystal_polymer,,
4KZ3,diffdock,scored,0.77902,gnina v1.3.3 master:6fe1ce2   Built Jun 30 2026.,static_crystal_polymer,,
4KZ6,equibind,scored,0.01744,gnina v1.3.3 master:6fe1ce2   Built Jun 30 2026.,static_crystal_polymer,,
4KZ6,diffdock,scored,0.65357,gnina v1.3.3 master:6fe1ce2   Built Jun 30 2026.,static_crystal_polymer,,
4L10,equibind,scored,0.00868,gnina v1.3.3 master:6fe1ce2   Built Jun 30 2026.,static_crystal_polymer,,
4L10,diffdock,scored,0.80362,gnina v1.3.3 master:6fe1ce2   Built Jun 30 2026.,static_crystal_polymer,,
4KZ7,equibind,scored,0.03368,gnina v1.3.3 master:6fe1ce2   Built Jun 30 2026.,static_crystal_polymer,,
4KZ7,diffdock,scored,0.78651,gnina v1.3.3 master:6fe1ce2   Built Jun 30 2026.,static_crystal_polymer,,
4KLN,equibind,scored,0.07327,gnina v1.3.3 master:6fe1ce2   Built Jun 30 2026.,static_crystal_polymer,,
4KLN,diffdock,scored,0.67546,gnina v1.3.3 master:6fe1ce2   Built Jun 30 2026.,static_crystal_polymer,,
4KZ8,equibind,scored,0.30831,gnina v1.3.3 master:6fe1ce2   Built Jun 30 2026.,static_crystal_polymer,,
4KZ8,diffdock,scored,0.64969,gnina v1.3.3 master:6fe1ce2   Built Jun 30 2026.,static_crystal_polymer,,
4KWG,equibind,scored,0.0,gnina v1.3.3 master:6fe1ce2   Built Jun 30 2026.,static_crystal_polymer,,
4KWF,equibind,scored,0.00041,gnina v1.3.3 master:6fe1ce2   Built Jun 30 2026.,static_crystal_polymer,,
4L1A,equibind,scored,0.05275,gnina v1.3.3 master:6fe1ce2   Built Jun 30 2026.,static_crystal_polymer,,
4L1A,diffdock,scored,0.62314,gnina v1.3.3 master:6fe1ce2   Built Jun 30 2026.,static_crystal_polymer,,
4L3P,equibind,scored,0.79844,gnina v1.3.3 master:6fe1ce2   Built Jun 30 2026.,static_crystal_polymer,,
4L3P,diffdock,scored,0.94502,gnina v1.3.3 master:6fe1ce2   Built Jun 30 2026.,static_crystal_polymer,,
4L4Z,equibind,scored,0.01835,gnina v1.3.3 master:6fe1ce2   Built Jun 30 2026.,static_crystal_polymer,,
4L4Z,diffdock,scored,0.74031,gnina v1.3.3 master:6fe1ce2   Built Jun 30 2026.,static_crystal_polymer,,
4L2K,equibind,scored,0.10416,gnina v1.3.3 master:6fe1ce2   Built Jun 30 2026.,static_crystal_polymer,,
4L2K,diffdock,scored,0.91458,gnina v1.3.3 master:6fe1ce2   Built Jun 30 2026.,static_crystal_polymer,,
4L32,equibind,scored,0.01157,gnina v1.3.3 master:6fe1ce2   Built Jun 30 2026.,static_crystal_polymer,,
4L32,diffdock,scored,0.88611,gnina v1.3.3 master:6fe1ce2   Built Jun 30 2026.,static_crystal_polymer,,
4L52,equibind,scored,0.55648,gnina v1.3.3 master:6fe1ce2   Built Jun 30 2026.,static_crystal_polymer,,
4L52,diffdock,scored,0.57899,gnina v1.3.3 master:6fe1ce2   Built Jun 30 2026.,static_crystal_polymer,,
4L50,equibind,scored,0.00177,gnina v1.3.3 master:6fe1ce2   Built Jun 30 2026.,static_crystal_polymer,,
4L50,diffdock,scored,0.89621,gnina v1.3.3 master:6fe1ce2   Built Jun 30 2026.,static_crystal_polymer,,
4KZA,equibind,scored,0.27321,gnina v1.3.3 master:6fe1ce2   Built Jun 30 2026.,static_crystal_polymer,,
4KZA,diffdock,scored,0.82947,gnina v1.3.3 master:6fe1ce2   Built Jun 30 2026.,static_crystal_polymer,,
4L51,equibind,scored,0.00131,gnina v1.3.3 master:6fe1ce2   Built Jun 30 2026.,static_crystal_polymer,,
4L51,diffdock,scored,0.84585,gnina v1.3.3 master:6fe1ce2   Built Jun 30 2026.,static_crystal_polymer,,
4L53,equibind,scored,0.59034,gnina v1.3.3 master:6fe1ce2   Built Jun 30 2026.,static_crystal_polymer,,
4L53,diffdock,scored,0.76079,gnina v1.3.3 master:6fe1ce2   Built Jun 30 2026.,static_crystal_polymer,,
4L70,equibind,scored,0.03195,gnina v1.3.3 master:6fe1ce2   Built Jun 30 2026.,static_crystal_polymer,,
4L70,diffdock,scored,0.8572,gnina v1.3.3 master:6fe1ce2   Built Jun 30 2026.,static_crystal_polymer,,
4L7B,equibind,scored,0.15024,gnina v1.3.3 master:6fe1ce2   Built Jun 30 2026.,static_crystal_polymer,,
4L7B,diffdock,scored,0.61553,gnina v1.3.3 master:6fe1ce2   Built Jun 30 2026.,static_crystal_polymer,,
4L7F,equibind,scored,0.09912,gnina v1.3.3 master:6fe1ce2   Built Jun 30 2026.,static_crystal_polymer,,
4L7F,diffdock,scored,0.92715,gnina v1.3.3 master:6fe1ce2   Built Jun 30 2026.,static_crystal_polymer,,
4L6Q,equibind,scored,0.07759,gnina v1.3.3 master:6fe1ce2   Built Jun 30 2026.,static_crystal_polymer,,
4L6Q,diffdock,scored,0.95078,gnina v1.3.3 master:6fe1ce2   Built Jun 30 2026.,static_crystal_polymer,,
4L7G,equibind,scored,0.0024,gnina v1.3.3 master:6fe1ce2   Built Jun 30 2026.,static_crystal_polymer,,
4L7G,diffdock,scored,0.30093,gnina v1.3.3 master:6fe1ce2   Built Jun 30 2026.,static_crystal_polymer,,
4L7R,equibind,scored,0.15879,gnina v1.3.3 master:6fe1ce2   Built Jun 30 2026.,static_crystal_polymer,,
4L7R,diffdock,scored,0.95217,gnina v1.3.3 master:6fe1ce2   Built Jun 30 2026.,static_crystal_polymer,,
4L7H,equibind,scored,0.18526,gnina v1.3.3 master:6fe1ce2   Built Jun 30 2026.,static_crystal_polymer,,
4L7H,diffdock,scored,0.66931,gnina v1.3.3 master:6fe1ce2   Built Jun 30 2026.,static_crystal_polymer,,
4L7C,equibind,scored,2e-05,gnina v1.3.3 master:6fe1ce2   Built Jun 30 2026.,static_crystal_polymer,,
4L7C,diffdock,scored,0.43762,gnina v1.3.3 master:6fe1ce2   Built Jun 30 2026.,static_crystal_polymer,,
4L5J,equibind,scored,0.47911,gnina v1.3.3 master:6fe1ce2   Built Jun 30 2026.,static_crystal_polymer,,
4L5J,diffdock,scored,0.91826,gnina v1.3.3 master:6fe1ce2   Built Jun 30 2026.,static_crystal_polymer,,
4LAR,equibind,scored,0.37691,gnina v1.3.3 master:6fe1ce2   Built Jun 30 2026.,static_crystal_polymer,,
4LAR,diffdock,scored,0.71424,gnina v1.3.3 master:6fe1ce2   Built Jun 30 2026.,static_crystal_polymer,,
4LBP,equibind,scored,0.04617,gnina v1.3.3 master:6fe1ce2   Built Jun 30 2026.,static_crystal_polymer,,
4LBP,diffdock,scored,0.75022,gnina v1.3.3 master:6fe1ce2   Built Jun 30 2026.,static_crystal_polymer,,
4L8M,equibind,scored,0.0525,gnina v1.3.3 master:6fe1ce2   Built Jun 30 2026.,static_crystal_polymer,,
4L8M,diffdock,scored,0.46248,gnina v1.3.3 master:6fe1ce2   Built Jun 30 2026.,static_crystal_polymer,,
4L7D,equibind,scored,0.00583,gnina v1.3.3 master:6fe1ce2   Built Jun 30 2026.,static_crystal_polymer,,
4L7D,diffdock,scored,0.54819,gnina v1.3.3 master:6fe1ce2   Built Jun 30 2026.,static_crystal_polymer,,
4LA7,equibind,scored,0.00542,gnina v1.3.3 master:6fe1ce2   Built Jun 30 2026.,static_crystal_polymer,,
4LA7,diffdock,scored,0.58473,gnina v1.3.3 master:6fe1ce2   Built Jun 30 2026.,static_crystal_polymer,,
4LC7,equibind,scored,0.11825,gnina v1.3.3 master:6fe1ce2   Built Jun 30 2026.,static_crystal_polymer,,
4LC7,diffdock,scored,0.07701,gnina v1.3.3 master:6fe1ce2   Built Jun 30 2026.,static_crystal_polymer,,
4LGE,equibind,scored,0.0,gnina v1.3.3 master:6fe1ce2   Built Jun 30 2026.,static_crystal_polymer,,
4LGE,diffdock,scored,0.82502,gnina v1.3.3 master:6fe1ce2   Built Jun 30 2026.,static_crystal_polymer,,
4LBU,equibind,scored,0.08205,gnina v1.3.3 master:6fe1ce2   Built Jun 30 2026.,static_crystal_polymer,,
4LBU,diffdock,scored,0.77456,gnina v1.3.3 master:6fe1ce2   Built Jun 30 2026.,static_crystal_polymer,,
4LH5,diffdock,scored,0.35736,gnina v1.3.3 master:6fe1ce2   Built Jun 30 2026.,static_crystal_polymer,,
4LEN,equibind,scored,0.01364,gnina v1.3.3 master:6fe1ce2   Built Jun 30 2026.,static_crystal_polymer,,
4LEN,diffdock,scored,0.23595,gnina v1.3.3 master:6fe1ce2   Built Jun 30 2026.,static_crystal_polymer,,
4LGU,equibind,scored,0.00469,gnina v1.3.3 master:6fe1ce2   Built Jun 30 2026.,static_crystal_polymer,,
4LGU,diffdock,scored,0.51712,gnina v1.3.3 master:6fe1ce2   Built Jun 30 2026.,static_crystal_polymer,,
4LED,equibind,scored,0.00833,gnina v1.3.3 master:6fe1ce2   Built Jun 30 2026.,static_crystal_polymer,,
4LED,diffdock,scored,0.81122,gnina v1.3.3 master:6fe1ce2   Built Jun 30 2026.,static_crystal_polymer,,
4L9I,equibind,scored,0.00887,gnina v1.3.3 master:6fe1ce2   Built Jun 30 2026.,static_crystal_polymer,,
4L9I,diffdock,scored,0.54385,gnina v1.3.3 master:6fe1ce2   Built Jun 30 2026.,static_crystal_polymer,,
4LGH,equibind,scored,0.0209,gnina v1.3.3 master:6fe1ce2   Built Jun 30 2026.,static_crystal_polymer,,
4LGH,diffdock,scored,0.85711,gnina v1.3.3 master:6fe1ce2   Built Jun 30 2026.,static_crystal_polymer,,
4LI7,equibind,scored,4e-05,gnina v1.3.3 master:6fe1ce2   Built Jun 30 2026.,static_crystal_polymer,,
4LI7,diffdock,scored,0.82472,gnina v1.3.3 master:6fe1ce2   Built Jun 30 2026.,static_crystal_polymer,,
4LH7,equibind,scored,0.03694,gnina v1.3.3 master:6fe1ce2   Built Jun 30 2026.,static_crystal_polymer,,
4LH7,diffdock,scored,0.69876,gnina v1.3.3 master:6fe1ce2   Built Jun 30 2026.,static_crystal_polymer,,
4LGG,equibind,scored,0.00741,gnina v1.3.3 master:6fe1ce2   Built Jun 30 2026.,static_crystal_polymer,,
4LGG,diffdock,scored,0.79066,gnina v1.3.3 master:6fe1ce2   Built Jun 30 2026.,static_crystal_polymer,,
4LI0,equibind,scored,0.00145,gnina v1.3.3 master:6fe1ce2   Built Jun 30 2026.,static_crystal_polymer,,
4LI0,diffdock,scored,0.62357,gnina v1.3.3 master:6fe1ce2   Built Jun 30 2026.,static_crystal_polymer,,
4LIL,equibind,scored,0.22037,gnina v1.3.3 master:6fe1ce2   Built Jun 30 2026.,static_crystal_polymer,,
4LIL,diffdock,scored,0.7108,gnina v1.3.3 master:6fe1ce2   Built Jun 30 2026.,static_crystal_polymer,,
4LJ5,equibind,scored,0.00329,gnina v1.3.3 master:6fe1ce2   Built Jun 30 2026.,static_crystal_polymer,,
4LJ5,diffdock,scored,0.90449,gnina v1.3.3 master:6fe1ce2   Built Jun 30 2026.,static_crystal_polymer,,
4LKH,equibind,scored,5e-05,gnina v1.3.3 master:6fe1ce2   Built Jun 30 2026.,static_crystal_polymer,,
4LKH,diffdock,scored,0.20006,gnina v1.3.3 master:6fe1ce2   Built Jun 30 2026.,static_crystal_polymer,,
4LH3,equibind,scored,0.26044,gnina v1.3.3 master:6fe1ce2   Built Jun 30 2026.,static_crystal_polymer,,
4LH3,diffdock,scored,0.58792,gnina v1.3.3 master:6fe1ce2   Built Jun 30 2026.,static_crystal_polymer,,
4LLP,equibind,scored,0.00011,gnina v1.3.3 master:6fe1ce2   Built Jun 30 2026.,static_crystal_polymer,,
4LLP,diffdock,scored,0.50611,gnina v1.3.3 master:6fe1ce2   Built Jun 30 2026.,static_crystal_polymer,,
4LLJ,equibind,scored,6e-05,gnina v1.3.3 master:6fe1ce2   Built Jun 30 2026.,static_crystal_polymer,,
4LLJ,diffdock,scored,0.72326,gnina v1.3.3 master:6fe1ce2   Built Jun 30 2026.,static_crystal_polymer,,
4LH2,equibind,scored,0.05185,gnina v1.3.3 master:6fe1ce2   Built Jun 30 2026.,static_crystal_polymer,,
4LH2,diffdock,scored,0.58489,gnina v1.3.3 master:6fe1ce2   Built Jun 30 2026.,static_crystal_polymer,,
4LLX,equibind,scored,0.01394,gnina v1.3.3 master:6fe1ce2   Built Jun 30 2026.,static_crystal_polymer,,
4LLX,diffdock,scored,0.87642,gnina v1.3.3 master:6fe1ce2   Built Jun 30 2026.,static_crystal_polymer,,
4LM2,equibind,scored,0.00239,gnina v1.3.3 master:6fe1ce2   Built Jun 30 2026.,static_crystal_polymer,,
4LM2,diffdock,scored,0.74624,gnina v1.3.3 master:6fe1ce2   Built Jun 30 2026.,static_crystal_polymer,,
4LM4,equibind,scored,0.00551,gnina v1.3.3 master:6fe1ce2   Built Jun 30 2026.,static_crystal_polymer,,
4LM4,diffdock,scored,0.86842,gnina v1.3.3 master:6fe1ce2   Built Jun 30 2026.,static_crystal_polymer,,
4LM3,equibind,scored,3e-05,gnina v1.3.3 master:6fe1ce2   Built Jun 30 2026.,static_crystal_polymer,,
4LM3,diffdock,scored,0.88418,gnina v1.3.3 master:6fe1ce2   Built Jun 30 2026.,static_crystal_polymer,,
4LMU,equibind,scored,0.66598,gnina v1.3.3 master:6fe1ce2   Built Jun 30 2026.,static_crystal_polymer,,
4LMU,diffdock,scored,0.64778,gnina v1.3.3 master:6fe1ce2   Built Jun 30 2026.,static_crystal_polymer,,
4LN7,equibind,scored,0.0892,gnina v1.3.3 master:6fe1ce2   Built Jun 30 2026.,static_crystal_polymer,,
4LN7,diffdock,scored,0.75065,gnina v1.3.3 master:6fe1ce2   Built Jun 30 2026.,static_crystal_polymer,,
4LM5,equibind,scored,0.32359,gnina v1.3.3 master:6fe1ce2   Built Jun 30 2026.,static_crystal_polymer,,
4LM5,diffdock,scored,0.43462,gnina v1.3.3 master:6fe1ce2   Built Jun 30 2026.,static_crystal_polymer,,
4LKT,equibind,scored,0.0023,gnina v1.3.3 master:6fe1ce2   Built Jun 30 2026.,static_crystal_polymer,,
4LKT,diffdock,scored,0.19069,gnina v1.3.3 master:6fe1ce2   Built Jun 30 2026.,static_crystal_polymer,,
4LHV,equibind,scored,0.02312,gnina v1.3.3 master:6fe1ce2   Built Jun 30 2026.,static_crystal_polymer,,
4LHV,diffdock,scored,0.88149,gnina v1.3.3 master:6fe1ce2   Built Jun 30 2026.,static_crystal_polymer,,
4LKO,equibind,scored,0.00632,gnina v1.3.3 master:6fe1ce2   Built Jun 30 2026.,static_crystal_polymer,,
4LKO,diffdock,scored,0.41872,gnina v1.3.3 master:6fe1ce2   Built Jun 30 2026.,static_crystal_polymer,,
4LOO,equibind,scored,0.60467,gnina v1.3.3 master:6fe1ce2   Built Jun 30 2026.,static_crystal_polymer,,
4LOO,diffdock,scored,0.75351,gnina v1.3.3 master:6fe1ce2   Built Jun 30 2026.,static_crystal_polymer,,
4LOH,equibind,scored,0.00209,gnina v1.3.3 master:6fe1ce2   Built Jun 30 2026.,static_crystal_polymer,,
4LOH,diffdock,scored,0.00276,gnina v1.3.3 master:6fe1ce2   Built Jun 30 2026.,static_crystal_polymer,,
4LOV,equibind,scored,0.10154,gnina v1.3.3 master:6fe1ce2   Built Jun 30 2026.,static_crystal_polymer,,
4LOV,diffdock,scored,0.87228,gnina v1.3.3 master:6fe1ce2   Built Jun 30 2026.,static_crystal_polymer,,
4LNG,equibind,scored,0.05658,gnina v1.3.3 master:6fe1ce2   Built Jun 30 2026.,static_crystal_polymer,,
4LNG,diffdock,scored,0.34804,gnina v1.3.3 master:6fe1ce2   Built Jun 30 2026.,static_crystal_polymer,,
4LP0,equibind,scored,0.07571,gnina v1.3.3 master:6fe1ce2   Built Jun 30 2026.,static_crystal_polymer,,
4LP0,diffdock,scored,0.87552,gnina v1.3.3 master:6fe1ce2   Built Jun 30 2026.,static_crystal_polymer,,
4LPB,equibind,scored,0.06379,gnina v1.3.3 master:6fe1ce2   Built Jun 30 2026.,static_crystal_polymer,,
4LPB,diffdock,scored,0.4543,gnina v1.3.3 master:6fe1ce2   Built Jun 30 2026.,static_crystal_polymer,,
4LOY,equibind,scored,0.52007,gnina v1.3.3 master:6fe1ce2   Built Jun 30 2026.,static_crystal_polymer,,
4LOY,diffdock,scored,0.62248,gnina v1.3.3 master:6fe1ce2   Built Jun 30 2026.,static_crystal_polymer,,
4LPF,equibind,scored,0.08634,gnina v1.3.3 master:6fe1ce2   Built Jun 30 2026.,static_crystal_polymer,,
4LPF,diffdock,scored,0.29603,gnina v1.3.3 master:6fe1ce2   Built Jun 30 2026.,static_crystal_polymer,,
4LNB,equibind,scored,0.01226,gnina v1.3.3 master:6fe1ce2   Built Jun 30 2026.,static_crystal_polymer,,
4LNB,diffdock,scored,0.76445,gnina v1.3.3 master:6fe1ce2   Built Jun 30 2026.,static_crystal_polymer,,
4LQY,equibind,scored,0.01196,gnina v1.3.3 master:6fe1ce2   Built Jun 30 2026.,static_crystal_polymer,,
4LQY,diffdock,scored,0.82963,gnina v1.3.3 master:6fe1ce2   Built Jun 30 2026.,static_crystal_polymer,,
4LSJ,equibind,scored,0.12167,gnina v1.3.3 master:6fe1ce2   Built Jun 30 2026.,static_crystal_polymer,,
4LSJ,diffdock,scored,0.80659,gnina v1.3.3 master:6fe1ce2   Built Jun 30 2026.,static_crystal_polymer,,
4LUO,equibind,scored,0.04151,gnina v1.3.3 master:6fe1ce2   Built Jun 30 2026.,static_crystal_polymer,,
4LUO,diffdock,scored,0.80969,gnina v1.3.3 master:6fe1ce2   Built Jun 30 2026.,static_crystal_polymer,,
4LPS,equibind,scored,1e-05,gnina v1.3.3 master:6fe1ce2   Built Jun 30 2026.,static_crystal_polymer,,
4LPS,diffdock,scored,0.87505,gnina v1.3.3 master:6fe1ce2   Built Jun 30 2026.,static_crystal_polymer,,
4LWC,equibind,scored,0.5742,gnina v1.3.3 master:6fe1ce2   Built Jun 30 2026.,static_crystal_polymer,,
4LWC,diffdock,scored,0.11078,gnina v1.3.3 master:6fe1ce2   Built Jun 30 2026.,static_crystal_polymer,,
4LV4,equibind,scored,0.68082,gnina v1.3.3 master:6fe1ce2   Built Jun 30 2026.,static_crystal_polymer,,
4LV4,diffdock,scored,0.78272,gnina v1.3.3 master:6fe1ce2   Built Jun 30 2026.,static_crystal_polymer,,
4LWU,equibind,scored,0.01048,gnina v1.3.3 master:6fe1ce2   Built Jun 30 2026.,static_crystal_polymer,,
4LWU,diffdock,scored,0.07172,gnina v1.3.3 master:6fe1ce2   Built Jun 30 2026.,static_crystal_polymer,,
4LWT,equibind,scored,0.2127,gnina v1.3.3 master:6fe1ce2   Built Jun 30 2026.,static_crystal_polymer,,
4LWT,diffdock,scored,0.62333,gnina v1.3.3 master:6fe1ce2   Built Jun 30 2026.,static_crystal_polymer,,
4LV1,equibind,scored,0.0881,gnina v1.3.3 master:6fe1ce2   Built Jun 30 2026.,static_crystal_polymer,,
4LV1,diffdock,scored,0.07207,gnina v1.3.3 master:6fe1ce2   Built Jun 30 2026.,static_crystal_polymer,,
4LQG,equibind,scored,0.01415,gnina v1.3.3 master:6fe1ce2   Built Jun 30 2026.,static_crystal_polymer,,
4LQG,diffdock,scored,0.70687,gnina v1.3.3 master:6fe1ce2   Built Jun 30 2026.,static_crystal_polymer,,
4LXB,equibind,scored,0.00026,gnina v1.3.3 master:6fe1ce2   Built Jun 30 2026.,static_crystal_polymer,,
4LXB,diffdock,scored,0.14505,gnina v1.3.3 master:6fe1ce2   Built Jun 30 2026.,static_crystal_polymer,,
4LWV,equibind,scored,3e-05,gnina v1.3.3 master:6fe1ce2   Built Jun 30 2026.,static_crystal_polymer,,
4LWV,diffdock,scored,0.93297,gnina v1.3.3 master:6fe1ce2   Built Jun 30 2026.,static_crystal_polymer,,
4LV3,equibind,scored,0.16904,gnina v1.3.3 master:6fe1ce2   Built Jun 30 2026.,static_crystal_polymer,,
4LV3,diffdock,scored,0.43214,gnina v1.3.3 master:6fe1ce2   Built Jun 30 2026.,static_crystal_polymer,,
4LYN,equibind,scored,0.54045,gnina v1.3.3 master:6fe1ce2   Built Jun 30 2026.,static_crystal_polymer,,
4LYN,diffdock,scored,0.19678,gnina v1.3.3 master:6fe1ce2   Built Jun 30 2026.,static_crystal_polymer,,
4LYS,equibind,scored,0.00561,gnina v1.3.3 master:6fe1ce2   Built Jun 30 2026.,static_crystal_polymer,,
4LYS,diffdock,scored,0.29161,gnina v1.3.3 master:6fe1ce2   Built Jun 30 2026.,static_crystal_polymer,,
4LXZ,equibind,scored,0.00054,gnina v1.3.3 master:6fe1ce2   Built Jun 30 2026.,static_crystal_polymer,,
4LXZ,diffdock,scored,0.59651,gnina v1.3.3 master:6fe1ce2   Built Jun 30 2026.,static_crystal_polymer,,
4LXK,equibind,scored,0.00018,gnina v1.3.3 master:6fe1ce2   Built Jun 30 2026.,static_crystal_polymer,,
4LXK,diffdock,scored,0.82034,gnina v1.3.3 master:6fe1ce2   Built Jun 30 2026.,static_crystal_polymer,,
4LZR,equibind,scored,0.198,gnina v1.3.3 master:6fe1ce2   Built Jun 30 2026.,static_crystal_polymer,,
4LZR,diffdock,scored,0.57478,gnina v1.3.3 master:6fe1ce2   Built Jun 30 2026.,static_crystal_polymer,,
4M0Y,equibind,scored,0.66954,gnina v1.3.3 master:6fe1ce2   Built Jun 30 2026.,static_crystal_polymer,,
4M0Y,diffdock,scored,0.98692,gnina v1.3.3 master:6fe1ce2   Built Jun 30 2026.,static_crystal_polymer,,
4M0Z,equibind,scored,0.00053,gnina v1.3.3 master:6fe1ce2   Built Jun 30 2026.,static_crystal_polymer,,
4M0Z,diffdock,scored,0.98066,gnina v1.3.3 master:6fe1ce2   Built Jun 30 2026.,static_crystal_polymer,,
4LY9,equibind,scored,0.00442,gnina v1.3.3 master:6fe1ce2   Built Jun 30 2026.,static_crystal_polymer,,
4LY9,diffdock,scored,0.23795,gnina v1.3.3 master:6fe1ce2   Built Jun 30 2026.,static_crystal_polymer,,
4LNO,equibind,scored,0.61667,gnina v1.3.3 master:6fe1ce2   Built Jun 30 2026.,static_crystal_polymer,,
4LNO,diffdock,scored,0.51617,gnina v1.3.3 master:6fe1ce2   Built Jun 30 2026.,static_crystal_polymer,,
4M12,equibind,scored,0.00118,gnina v1.3.3 master:6fe1ce2   Built Jun 30 2026.,static_crystal_polymer,,
4M12,diffdock,scored,0.99715,gnina v1.3.3 master:6fe1ce2   Built Jun 30 2026.,static_crystal_polymer,,
4M0E,equibind,scored,0.02996,gnina v1.3.3 master:6fe1ce2   Built Jun 30 2026.,static_crystal_polymer,,
4M0E,diffdock,scored,0.53659,gnina v1.3.3 master:6fe1ce2   Built Jun 30 2026.,static_crystal_polymer,,
4M13,equibind,scored,0.00016,gnina v1.3.3 master:6fe1ce2   Built Jun 30 2026.,static_crystal_polymer,,
4M13,diffdock,scored,0.99329,gnina v1.3.3 master:6fe1ce2   Built Jun 30 2026.,static_crystal_polymer,,
4M0F,equibind,scored,0.00011,gnina v1.3.3 master:6fe1ce2   Built Jun 30 2026.,static_crystal_polymer,,
4M0F,diffdock,scored,0.65577,gnina v1.3.3 master:6fe1ce2   Built Jun 30 2026.,static_crystal_polymer,,
4M14,equibind,scored,0.34082,gnina v1.3.3 master:6fe1ce2   Built Jun 30 2026.,static_crystal_polymer,,
4M14,diffdock,scored,0.99475,gnina v1.3.3 master:6fe1ce2   Built Jun 30 2026.,static_crystal_polymer,,
4M2U,equibind,scored,0.2272,gnina v1.3.3 master:6fe1ce2   Built Jun 30 2026.,static_crystal_polymer,,
4M2U,diffdock,scored,0.90497,gnina v1.3.3 master:6fe1ce2   Built Jun 30 2026.,static_crystal_polymer,,
4M2R,equibind,scored,0.35885,gnina v1.3.3 master:6fe1ce2   Built Jun 30 2026.,static_crystal_polymer,,
4M2R,diffdock,scored,0.57449,gnina v1.3.3 master:6fe1ce2   Built Jun 30 2026.,static_crystal_polymer,,
4KN4,equibind,scored,3e-05,gnina v1.3.3 master:6fe1ce2   Built Jun 30 2026.,static_crystal_polymer,,
4M2V,equibind,scored,0.53936,gnina v1.3.3 master:6fe1ce2   Built Jun 30 2026.,static_crystal_polymer,,
4M2V,diffdock,scored,0.92549,gnina v1.3.3 master:6fe1ce2   Built Jun 30 2026.,static_crystal_polymer,,
4M1J,equibind,scored,0.6259,gnina v1.3.3 master:6fe1ce2   Built Jun 30 2026.,static_crystal_polymer,,
4M1J,diffdock,scored,0.54951,gnina v1.3.3 master:6fe1ce2   Built Jun 30 2026.,static_crystal_polymer,,
4M2W,equibind,scored,0.04909,gnina v1.3.3 master:6fe1ce2   Built Jun 30 2026.,static_crystal_polymer,,
4M2W,diffdock,scored,0.79469,gnina v1.3.3 master:6fe1ce2   Built Jun 30 2026.,static_crystal_polymer,,
4M3E,equibind,scored,0.10495,gnina v1.3.3 master:6fe1ce2   Built Jun 30 2026.,static_crystal_polymer,,
4M3E,diffdock,scored,0.74442,gnina v1.3.3 master:6fe1ce2   Built Jun 30 2026.,static_crystal_polymer,,
4M3M,equibind,scored,0.30501,gnina v1.3.3 master:6fe1ce2   Built Jun 30 2026.,static_crystal_polymer,,
4M3M,diffdock,scored,0.86895,gnina v1.3.3 master:6fe1ce2   Built Jun 30 2026.,static_crystal_polymer,,
4M4Q,equibind,scored,0.03399,gnina v1.3.3 master:6fe1ce2   Built Jun 30 2026.,static_crystal_polymer,,
4M4Q,diffdock,scored,0.63512,gnina v1.3.3 master:6fe1ce2   Built Jun 30 2026.,static_crystal_polymer,,
4M5K,equibind,scored,0.67458,gnina v1.3.3 master:6fe1ce2   Built Jun 30 2026.,static_crystal_polymer,,
4M5K,diffdock,scored,0.88051,gnina v1.3.3 master:6fe1ce2   Built Jun 30 2026.,static_crystal_polymer,,
4M5G,equibind,scored,0.35563,gnina v1.3.3 master:6fe1ce2   Built Jun 30 2026.,static_crystal_polymer,,
4M5G,diffdock,scored,0.71619,gnina v1.3.3 master:6fe1ce2   Built Jun 30 2026.,static_crystal_polymer,,
4M5L,equibind,scored,0.27265,gnina v1.3.3 master:6fe1ce2   Built Jun 30 2026.,static_crystal_polymer,,
4M5L,diffdock,scored,0.73163,gnina v1.3.3 master:6fe1ce2   Built Jun 30 2026.,static_crystal_polymer,,
4M5R,equibind,scored,0.05318,gnina v1.3.3 master:6fe1ce2   Built Jun 30 2026.,static_crystal_polymer,,
4M5R,diffdock,scored,0.90296,gnina v1.3.3 master:6fe1ce2   Built Jun 30 2026.,static_crystal_polymer,,
4M5N,equibind,scored,0.29376,gnina v1.3.3 master:6fe1ce2   Built Jun 30 2026.,static_crystal_polymer,,
4M5N,diffdock,scored,0.76451,gnina v1.3.3 master:6fe1ce2   Built Jun 30 2026.,static_crystal_polymer,,
4M5U,equibind,scored,0.15674,gnina v1.3.3 master:6fe1ce2   Built Jun 30 2026.,static_crystal_polymer,,
4M5U,diffdock,scored,0.82027,gnina v1.3.3 master:6fe1ce2   Built Jun 30 2026.,static_crystal_polymer,,
4M7X,equibind,scored,0.00372,gnina v1.3.3 master:6fe1ce2   Built Jun 30 2026.,static_crystal_polymer,,
4M7X,diffdock,scored,0.38588,gnina v1.3.3 master:6fe1ce2   Built Jun 30 2026.,static_crystal_polymer,,
4LNF,equibind,scored,0.64703,gnina v1.3.3 master:6fe1ce2   Built Jun 30 2026.,static_crystal_polymer,,
4M6U,equibind,scored,0.62386,gnina v1.3.3 master:6fe1ce2   Built Jun 30 2026.,static_crystal_polymer,,
4M6U,diffdock,scored,0.58076,gnina v1.3.3 master:6fe1ce2   Built Jun 30 2026.,static_crystal_polymer,,
4M8E,equibind,scored,0.64571,gnina v1.3.3 master:6fe1ce2   Built Jun 30 2026.,static_crystal_polymer,,
4M8E,diffdock,scored,0.9173,gnina v1.3.3 master:6fe1ce2   Built Jun 30 2026.,static_crystal_polymer,,
4M84,equibind,scored,0.7731,gnina v1.3.3 master:6fe1ce2   Built Jun 30 2026.,static_crystal_polymer,,
4M84,diffdock,scored,0.98139,gnina v1.3.3 master:6fe1ce2   Built Jun 30 2026.,static_crystal_polymer,,
4M3P,equibind,scored,0.06245,gnina v1.3.3 master:6fe1ce2   Built Jun 30 2026.,static_crystal_polymer,,
4M3P,diffdock,scored,0.37576,gnina v1.3.3 master:6fe1ce2   Built Jun 30 2026.,static_crystal_polymer,,
4M8T,equibind,scored,0.6964,gnina v1.3.3 master:6fe1ce2   Built Jun 30 2026.,static_crystal_polymer,,
4M8T,diffdock,scored,0.86299,gnina v1.3.3 master:6fe1ce2   Built Jun 30 2026.,static_crystal_polymer,,
4M7Y,equibind,scored,7e-05,gnina v1.3.3 master:6fe1ce2   Built Jun 30 2026.,static_crystal_polymer,,
4M7Y,diffdock,scored,0.9704,gnina v1.3.3 master:6fe1ce2   Built Jun 30 2026.,static_crystal_polymer,,
4MBI,equibind,scored,0.31579,gnina v1.3.3 master:6fe1ce2   Built Jun 30 2026.,static_crystal_polymer,,
4MBI,diffdock,scored,0.89886,gnina v1.3.3 master:6fe1ce2   Built Jun 30 2026.,static_crystal_polymer,,
4MAO,equibind,scored,0.52996,gnina v1.3.3 master:6fe1ce2   Built Jun 30 2026.,static_crystal_polymer,,
4MAO,diffdock,scored,0.49987,gnina v1.3.3 master:6fe1ce2   Built Jun 30 2026.,static_crystal_polymer,,
4MBL,equibind,scored,0.71911,gnina v1.3.3 master:6fe1ce2   Built Jun 30 2026.,static_crystal_polymer,,
4MBL,diffdock,scored,0.94788,gnina v1.3.3 master:6fe1ce2   Built Jun 30 2026.,static_crystal_polymer,,
4MC9,equibind,scored,0.32968,gnina v1.3.3 master:6fe1ce2   Built Jun 30 2026.,static_crystal_polymer,,
4MC9,diffdock,scored,0.66204,gnina v1.3.3 master:6fe1ce2   Built Jun 30 2026.,static_crystal_polymer,,
4MC6,equibind,scored,0.02495,gnina v1.3.3 master:6fe1ce2   Built Jun 30 2026.,static_crystal_polymer,,
4MC6,diffdock,scored,0.71539,gnina v1.3.3 master:6fe1ce2   Built Jun 30 2026.,static_crystal_polymer,,
4MC1,equibind,scored,0.20704,gnina v1.3.3 master:6fe1ce2   Built Jun 30 2026.,static_crystal_polymer,,
4MC1,diffdock,scored,0.64931,gnina v1.3.3 master:6fe1ce2   Built Jun 30 2026.,static_crystal_polymer,,
4MDQ,equibind,scored,0.00019,gnina v1.3.3 master:6fe1ce2   Built Jun 30 2026.,static_crystal_polymer,,
4MDQ,diffdock,scored,0.14414,gnina v1.3.3 master:6fe1ce2   Built Jun 30 2026.,static_crystal_polymer,,
4MC2,equibind,scored,0.0459,gnina v1.3.3 master:6fe1ce2   Built Jun 30 2026.,static_crystal_polymer,,
4MC2,diffdock,scored,0.68944,gnina v1.3.3 master:6fe1ce2   Built Jun 30 2026.,static_crystal_polymer,,
4MD6,equibind,scored,0.43163,gnina v1.3.3 master:6fe1ce2   Built Jun 30 2026.,static_crystal_polymer,,
4MD6,diffdock,scored,0.50477,gnina v1.3.3 master:6fe1ce2   Built Jun 30 2026.,static_crystal_polymer,,
4MEN,equibind,scored,0.07114,gnina v1.3.3 master:6fe1ce2   Built Jun 30 2026.,static_crystal_polymer,,
4MEN,diffdock,scored,0.40209,gnina v1.3.3 master:6fe1ce2   Built Jun 30 2026.,static_crystal_polymer,,
4MEO,equibind,scored,0.28628,gnina v1.3.3 master:6fe1ce2   Built Jun 30 2026.,static_crystal_polymer,,
4MEO,diffdock,scored,0.73382,gnina v1.3.3 master:6fe1ce2   Built Jun 30 2026.,static_crystal_polymer,,
4KIW,equibind,scored,9e-05,gnina v1.3.3 master:6fe1ce2   Built Jun 30 2026.,static_crystal_polymer,,
4MEP,equibind,scored,0.07422,gnina v1.3.3 master:6fe1ce2   Built Jun 30 2026.,static_crystal_polymer,,
4MEP,diffdock,scored,0.68287,gnina v1.3.3 master:6fe1ce2   Built Jun 30 2026.,static_crystal_polymer,,
4MCB,equibind,scored,0.00032,gnina v1.3.3 master:6fe1ce2   Built Jun 30 2026.,static_crystal_polymer,,
4MCB,diffdock,scored,0.80339,gnina v1.3.3 master:6fe1ce2   Built Jun 30 2026.,static_crystal_polymer,,
4MCC,equibind,scored,0.17372,gnina v1.3.3 master:6fe1ce2   Built Jun 30 2026.,static_crystal_polymer,,
4MCC,diffdock,scored,0.94529,gnina v1.3.3 master:6fe1ce2   Built Jun 30 2026.,static_crystal_polymer,,
4MG6,equibind,scored,1e-05,gnina v1.3.3 master:6fe1ce2   Built Jun 30 2026.,static_crystal_polymer,,
4MG6,diffdock,scored,0.27323,gnina v1.3.3 master:6fe1ce2   Built Jun 30 2026.,static_crystal_polymer,,
4LXA,equibind,scored,0.0,gnina v1.3.3 master:6fe1ce2   Built Jun 30 2026.,static_crystal_polymer,,
4LXA,diffdock,scored,0.78623,gnina v1.3.3 master:6fe1ce2   Built Jun 30 2026.,static_crystal_polymer,,
4LXM,equibind,scored,0.00058,gnina v1.3.3 master:6fe1ce2   Built Jun 30 2026.,static_crystal_polymer,,
4LXM,diffdock,scored,0.61417,gnina v1.3.3 master:6fe1ce2   Built Jun 30 2026.,static_crystal_polymer,,
4MGV,equibind,scored,0.06974,gnina v1.3.3 master:6fe1ce2   Built Jun 30 2026.,static_crystal_polymer,,
4MGV,diffdock,scored,0.52796,gnina v1.3.3 master:6fe1ce2   Built Jun 30 2026.,static_crystal_polymer,,
4MG8,equibind,scored,0.0,gnina v1.3.3 master:6fe1ce2   Built Jun 30 2026.,static_crystal_polymer,,
4MG8,diffdock,scored,0.41713,gnina v1.3.3 master:6fe1ce2   Built Jun 30 2026.,static_crystal_polymer,,
4MGA,equibind,scored,2e-05,gnina v1.3.3 master:6fe1ce2   Built Jun 30 2026.,static_crystal_polymer,,
4MGA,diffdock,scored,0.92212,gnina v1.3.3 master:6fe1ce2   Built Jun 30 2026.,static_crystal_polymer,,
4MHZ,equibind,scored,0.05031,gnina v1.3.3 master:6fe1ce2   Built Jun 30 2026.,static_crystal_polymer,,
4MHZ,diffdock,scored,0.60598,gnina v1.3.3 master:6fe1ce2   Built Jun 30 2026.,static_crystal_polymer,,
4MHY,equibind,scored,0.11857,gnina v1.3.3 master:6fe1ce2   Built Jun 30 2026.,static_crystal_polymer,,
4MHY,diffdock,scored,0.69843,gnina v1.3.3 master:6fe1ce2   Built Jun 30 2026.,static_crystal_polymer,,
4MHA,equibind,scored,0.13682,gnina v1.3.3 master:6fe1ce2   Built Jun 30 2026.,static_crystal_polymer,,
4MHA,diffdock,scored,0.52471,gnina v1.3.3 master:6fe1ce2   Built Jun 30 2026.,static_crystal_polymer,,
4MI3,equibind,scored,0.21005,gnina v1.3.3 master:6fe1ce2   Built Jun 30 2026.,static_crystal_polymer,,
4MI3,diffdock,scored,0.74338,gnina v1.3.3 master:6fe1ce2   Built Jun 30 2026.,static_crystal_polymer,,
4MI6,equibind,scored,3e-05,gnina v1.3.3 master:6fe1ce2   Built Jun 30 2026.,static_crystal_polymer,,
4MI6,diffdock,scored,0.76014,gnina v1.3.3 master:6fe1ce2   Built Jun 30 2026.,static_crystal_polymer,,
4MI9,equibind,scored,0.03006,gnina v1.3.3 master:6fe1ce2   Built Jun 30 2026.,static_crystal_polymer,,
4MI9,diffdock,scored,0.74223,gnina v1.3.3 master:6fe1ce2   Built Jun 30 2026.,static_crystal_polymer,,
4MK2,equibind,scored,0.00107,gnina v1.3.3 master:6fe1ce2   Built Jun 30 2026.,static_crystal_polymer,,
4MK2,diffdock,scored,0.85658,gnina v1.3.3 master:6fe1ce2   Built Jun 30 2026.,static_crystal_polymer,,
4MDT,equibind,scored,0.0,gnina v1.3.3 master:6fe1ce2   Built Jun 30 2026.,static_crystal_polymer,,
4MDT,diffdock,scored,0.59358,gnina v1.3.3 master:6fe1ce2   Built Jun 30 2026.,static_crystal_polymer,,
4MK1,equibind,scored,0.44784,gnina v1.3.3 master:6fe1ce2   Built Jun 30 2026.,static_crystal_polymer,,
4MK1,diffdock,scored,0.21856,gnina v1.3.3 master:6fe1ce2   Built Jun 30 2026.,static_crystal_polymer,,
4MK5,equibind,scored,0.2322,gnina v1.3.3 master:6fe1ce2   Built Jun 30 2026.,static_crystal_polymer,,
4MK5,diffdock,scored,0.75307,gnina v1.3.3 master:6fe1ce2   Built Jun 30 2026.,static_crystal_polymer,,
4MLT,equibind,scored,0.60089,gnina v1.3.3 master:6fe1ce2   Built Jun 30 2026.,static_crystal_polymer,,
4MLT,diffdock,scored,0.79065,gnina v1.3.3 master:6fe1ce2   Built Jun 30 2026.,static_crystal_polymer,,
4MIC,equibind,scored,0.00105,gnina v1.3.3 master:6fe1ce2   Built Jun 30 2026.,static_crystal_polymer,,
4MIC,diffdock,scored,0.83735,gnina v1.3.3 master:6fe1ce2   Built Jun 30 2026.,static_crystal_polymer,,
4MLX,equibind,scored,0.73145,gnina v1.3.3 master:6fe1ce2   Built Jun 30 2026.,static_crystal_polymer,,
4MLX,diffdock,scored,0.78801,gnina v1.3.3 master:6fe1ce2   Built Jun 30 2026.,static_crystal_polymer,,
4MIB,equibind,scored,0.00281,gnina v1.3.3 master:6fe1ce2   Built Jun 30 2026.,static_crystal_polymer,,
4MIB,diffdock,scored,0.97125,gnina v1.3.3 master:6fe1ce2   Built Jun 30 2026.,static_crystal_polymer,,
4MM5,equibind,scored,0.07442,gnina v1.3.3 master:6fe1ce2   Built Jun 30 2026.,static_crystal_polymer,,
4MM5,diffdock,scored,0.45356,gnina v1.3.3 master:6fe1ce2   Built Jun 30 2026.,static_crystal_polymer,,
4MK0,equibind,scored,0.00152,gnina v1.3.3 master:6fe1ce2   Built Jun 30 2026.,static_crystal_polymer,,
4MK0,diffdock,scored,0.83026,gnina v1.3.3 master:6fe1ce2   Built Jun 30 2026.,static_crystal_polymer,,
4MM8,equibind,scored,0.00092,gnina v1.3.3 master:6fe1ce2   Built Jun 30 2026.,static_crystal_polymer,,
4MM8,diffdock,scored,0.6322,gnina v1.3.3 master:6fe1ce2   Built Jun 30 2026.,static_crystal_polymer,,
4MM9,equibind,scored,0.18705,gnina v1.3.3 master:6fe1ce2   Built Jun 30 2026.,static_crystal_polymer,,
4MM9,diffdock,scored,0.26303,gnina v1.3.3 master:6fe1ce2   Built Jun 30 2026.,static_crystal_polymer,,
4KOD,equibind,scored,0.0008,gnina v1.3.3 master:6fe1ce2   Built Jun 30 2026.,static_crystal_polymer,,
4MMA,equibind,scored,0.42009,gnina v1.3.3 master:6fe1ce2   Built Jun 30 2026.,static_crystal_polymer,,
4MMA,diffdock,scored,0.46186,gnina v1.3.3 master:6fe1ce2   Built Jun 30 2026.,static_crystal_polymer,,
4MK7,equibind,scored,0.24605,gnina v1.3.3 master:6fe1ce2   Built Jun 30 2026.,static_crystal_polymer,,
4MK7,diffdock,scored,0.59122,gnina v1.3.3 master:6fe1ce2   Built Jun 30 2026.,static_crystal_polymer,,
4MFE,equibind,scored,0.8935,gnina v1.3.3 master:6fe1ce2   Built Jun 30 2026.,static_crystal_polymer,,
4MFE,diffdock,scored,0.01901,gnina v1.3.3 master:6fe1ce2   Built Jun 30 2026.,static_crystal_polymer,,
4MOT,equibind,scored,0.30262,gnina v1.3.3 master:6fe1ce2   Built Jun 30 2026.,static_crystal_polymer,,
4MOT,diffdock,scored,0.79878,gnina v1.3.3 master:6fe1ce2   Built Jun 30 2026.,static_crystal_polymer,,
4MMP,equibind,scored,0.224,gnina v1.3.3 master:6fe1ce2   Built Jun 30 2026.,static_crystal_polymer,,
4MMP,diffdock,scored,0.79709,gnina v1.3.3 master:6fe1ce2   Built Jun 30 2026.,static_crystal_polymer,,
4MM4,equibind,scored,0.00654,gnina v1.3.3 master:6fe1ce2   Built Jun 30 2026.,static_crystal_polymer,,
4MM4,diffdock,scored,0.26456,gnina v1.3.3 master:6fe1ce2   Built Jun 30 2026.,static_crystal_polymer,,
4MK8,equibind,scored,0.0001,gnina v1.3.3 master:6fe1ce2   Built Jun 30 2026.,static_crystal_polymer,,
4MK8,diffdock,scored,0.97762,gnina v1.3.3 master:6fe1ce2   Built Jun 30 2026.,static_crystal_polymer,,
4MK9,equibind,scored,0.27778,gnina v1.3.3 master:6fe1ce2   Built Jun 30 2026.,static_crystal_polymer,,
4MK9,diffdock,scored,0.64832,gnina v1.3.3 master:6fe1ce2   Built Jun 30 2026.,static_crystal_polymer,,
4MNP,equibind,scored,0.54167,gnina v1.3.3 master:6fe1ce2   Built Jun 30 2026.,static_crystal_polymer,,
4MNP,diffdock,scored,0.86392,gnina v1.3.3 master:6fe1ce2   Built Jun 30 2026.,static_crystal_polymer,,
4MP2,equibind,scored,0.00029,gnina v1.3.3 master:6fe1ce2   Built Jun 30 2026.,static_crystal_polymer,,
4MP2,diffdock,scored,0.63546,gnina v1.3.3 master:6fe1ce2   Built Jun 30 2026.,static_crystal_polymer,,
4MR4,equibind,scored,0.10176,gnina v1.3.3 master:6fe1ce2   Built Jun 30 2026.,static_crystal_polymer,,
4MR4,diffdock,scored,0.74367,gnina v1.3.3 master:6fe1ce2   Built Jun 30 2026.,static_crystal_polymer,,
4MPE,equibind,scored,0.00225,gnina v1.3.3 master:6fe1ce2   Built Jun 30 2026.,static_crystal_polymer,,
4MPE,diffdock,scored,0.68555,gnina v1.3.3 master:6fe1ce2   Built Jun 30 2026.,static_crystal_polymer,,
4MMF,equibind,scored,0.018,gnina v1.3.3 master:6fe1ce2   Built Jun 30 2026.,static_crystal_polymer,,
4MMF,diffdock,scored,0.3205,gnina v1.3.3 master:6fe1ce2   Built Jun 30 2026.,static_crystal_polymer,,
4MR5,equibind,scored,0.2888,gnina v1.3.3 master:6fe1ce2   Built Jun 30 2026.,static_crystal_polymer,,
4MR5,diffdock,scored,0.94008,gnina v1.3.3 master:6fe1ce2   Built Jun 30 2026.,static_crystal_polymer,,
4MR6,equibind,scored,0.47167,gnina v1.3.3 master:6fe1ce2   Built Jun 30 2026.,static_crystal_polymer,,
4MR6,diffdock,scored,0.64987,gnina v1.3.3 master:6fe1ce2   Built Jun 30 2026.,static_crystal_polymer,,
4MRF,equibind,scored,0.07923,gnina v1.3.3 master:6fe1ce2   Built Jun 30 2026.,static_crystal_polymer,,
4MRF,diffdock,scored,0.551,gnina v1.3.3 master:6fe1ce2   Built Jun 30 2026.,static_crystal_polymer,,
4MME,equibind,scored,0.00443,gnina v1.3.3 master:6fe1ce2   Built Jun 30 2026.,static_crystal_polymer,,
4MME,diffdock,scored,0.24147,gnina v1.3.3 master:6fe1ce2   Built Jun 30 2026.,static_crystal_polymer,,
4MMM,equibind,scored,0.49409,gnina v1.3.3 master:6fe1ce2   Built Jun 30 2026.,static_crystal_polymer,,
4MMM,diffdock,scored,0.94652,gnina v1.3.3 master:6fe1ce2   Built Jun 30 2026.,static_crystal_polymer,,
4MRG,equibind,scored,0.18138,gnina v1.3.3 master:6fe1ce2   Built Jun 30 2026.,static_crystal_polymer,,
4MRG,diffdock,scored,0.70583,gnina v1.3.3 master:6fe1ce2   Built Jun 30 2026.,static_crystal_polymer,,
4MRH,equibind,scored,0.42539,gnina v1.3.3 master:6fe1ce2   Built Jun 30 2026.,static_crystal_polymer,,
4MRH,diffdock,scored,0.17926,gnina v1.3.3 master:6fe1ce2   Built Jun 30 2026.,static_crystal_polymer,,
4MVW,diffdock,scored,0.38046,gnina v1.3.3 master:6fe1ce2   Built Jun 30 2026.,static_crystal_polymer,,
4MW2,diffdock,scored,0.37277,gnina v1.3.3 master:6fe1ce2   Built Jun 30 2026.,static_crystal_polymer,,
4MRW,equibind,scored,0.001,gnina v1.3.3 master:6fe1ce2   Built Jun 30 2026.,static_crystal_polymer,,
4MRW,diffdock,scored,0.73866,gnina v1.3.3 master:6fe1ce2   Built Jun 30 2026.,static_crystal_polymer,,
4MVY,diffdock,scored,0.23447,gnina v1.3.3 master:6fe1ce2   Built Jun 30 2026.,static_crystal_polymer,,
4MW4,diffdock,scored,0.3446,gnina v1.3.3 master:6fe1ce2   Built Jun 30 2026.,static_crystal_polymer,,
4MW7,diffdock,scored,0.18939,gnina v1.3.3 master:6fe1ce2   Built Jun 30 2026.,static_crystal_polymer,,
4MW6,diffdock,scored,0.48818,gnina v1.3.3 master:6fe1ce2   Built Jun 30 2026.,static_crystal_polymer,,
4MWB,diffdock,scored,0.22219,gnina v1.3.3 master:6fe1ce2   Built Jun 30 2026.,static_crystal_polymer,,
4MSS,equibind,scored,0.00036,gnina v1.3.3 master:6fe1ce2   Built Jun 30 2026.,static_crystal_polymer,,
4MSS,diffdock,scored,0.84455,gnina v1.3.3 master:6fe1ce2   Built Jun 30 2026.,static_crystal_polymer,,
4MX5,equibind,scored,0.81771,gnina v1.3.3 master:6fe1ce2   Built Jun 30 2026.,static_crystal_polymer,,
4MX5,diffdock,scored,0.75229,gnina v1.3.3 master:6fe1ce2   Built Jun 30 2026.,static_crystal_polymer,,
4MWE,diffdock,scored,0.28611,gnina v1.3.3 master:6fe1ce2   Built Jun 30 2026.,static_crystal_polymer,,
4MWQ,equibind,scored,0.55025,gnina v1.3.3 master:6fe1ce2   Built Jun 30 2026.,static_crystal_polymer,,
4MWQ,diffdock,scored,0.9548,gnina v1.3.3 master:6fe1ce2   Built Jun 30 2026.,static_crystal_polymer,,
4MWW,equibind,scored,0.10309,gnina v1.3.3 master:6fe1ce2   Built Jun 30 2026.,static_crystal_polymer,,
4MWW,diffdock,scored,0.75864,gnina v1.3.3 master:6fe1ce2   Built Jun 30 2026.,static_crystal_polymer,,
4MQ2,equibind,scored,0.00685,gnina v1.3.3 master:6fe1ce2   Built Jun 30 2026.,static_crystal_polymer,,
4MQ2,diffdock,scored,0.12996,gnina v1.3.3 master:6fe1ce2   Built Jun 30 2026.,static_crystal_polymer,,
4MQ1,equibind,scored,1e-05,gnina v1.3.3 master:6fe1ce2   Built Jun 30 2026.,static_crystal_polymer,,
4MQ1,diffdock,scored,0.17767,gnina v1.3.3 master:6fe1ce2   Built Jun 30 2026.,static_crystal_polymer,,
4MX9,equibind,scored,0.36035,gnina v1.3.3 master:6fe1ce2   Built Jun 30 2026.,static_crystal_polymer,,
4MX9,diffdock,scored,0.9534,gnina v1.3.3 master:6fe1ce2   Built Jun 30 2026.,static_crystal_polymer,,
4MXA,equibind,scored,0.38666,gnina v1.3.3 master:6fe1ce2   Built Jun 30 2026.,static_crystal_polymer,,
4MXA,diffdock,scored,0.87366,gnina v1.3.3 master:6fe1ce2   Built Jun 30 2026.,static_crystal_polymer,,
4MY6,equibind,scored,0.00206,gnina v1.3.3 master:6fe1ce2   Built Jun 30 2026.,static_crystal_polymer,,
4MY6,diffdock,scored,0.32104,gnina v1.3.3 master:6fe1ce2   Built Jun 30 2026.,static_crystal_polymer,,
4MW9,equibind,scored,0.23858,gnina v1.3.3 master:6fe1ce2   Built Jun 30 2026.,static_crystal_polymer,,
4MW9,diffdock,scored,0.15583,gnina v1.3.3 master:6fe1ce2   Built Jun 30 2026.,static_crystal_polymer,,
4MXC,equibind,scored,0.00109,gnina v1.3.3 master:6fe1ce2   Built Jun 30 2026.,static_crystal_polymer,,
4MXC,diffdock,scored,0.81225,gnina v1.3.3 master:6fe1ce2   Built Jun 30 2026.,static_crystal_polymer,,
4MYQ,equibind,scored,0.41827,gnina v1.3.3 master:6fe1ce2   Built Jun 30 2026.,static_crystal_polymer,,
4MYQ,diffdock,scored,0.88195,gnina v1.3.3 master:6fe1ce2   Built Jun 30 2026.,static_crystal_polymer,,
4MZS,equibind,scored,1e-05,gnina v1.3.3 master:6fe1ce2   Built Jun 30 2026.,static_crystal_polymer,,
4MZS,diffdock,scored,0.08688,gnina v1.3.3 master:6fe1ce2   Built Jun 30 2026.,static_crystal_polymer,,
4N1T,equibind,scored,0.48248,gnina v1.3.3 master:6fe1ce2   Built Jun 30 2026.,static_crystal_polymer,,
4N1T,diffdock,scored,0.99315,gnina v1.3.3 master:6fe1ce2   Built Jun 30 2026.,static_crystal_polymer,,
4N5D,equibind,scored,0.23697,gnina v1.3.3 master:6fe1ce2   Built Jun 30 2026.,static_crystal_polymer,,
4N5D,diffdock,scored,0.94557,gnina v1.3.3 master:6fe1ce2   Built Jun 30 2026.,static_crystal_polymer,,
4N07,equibind,scored,0.12254,gnina v1.3.3 master:6fe1ce2   Built Jun 30 2026.,static_crystal_polymer,,
4N07,diffdock,scored,0.53916,gnina v1.3.3 master:6fe1ce2   Built Jun 30 2026.,static_crystal_polymer,,
4N6Y,equibind,scored,0.38363,gnina v1.3.3 master:6fe1ce2   Built Jun 30 2026.,static_crystal_polymer,,
4N6Y,diffdock,scored,0.75345,gnina v1.3.3 master:6fe1ce2   Built Jun 30 2026.,static_crystal_polymer,,
4N1B,equibind,scored,0.0,gnina v1.3.3 master:6fe1ce2   Built Jun 30 2026.,static_crystal_polymer,,
4N1B,diffdock,scored,0.63644,gnina v1.3.3 master:6fe1ce2   Built Jun 30 2026.,static_crystal_polymer,,
4MZ4,equibind,scored,0.0,gnina v1.3.3 master:6fe1ce2   Built Jun 30 2026.,static_crystal_polymer,,
4MZ4,diffdock,scored,0.72294,gnina v1.3.3 master:6fe1ce2   Built Jun 30 2026.,static_crystal_polymer,,
4N6G,equibind,scored,0.2998,gnina v1.3.3 master:6fe1ce2   Built Jun 30 2026.,static_crystal_polymer,,
4N6G,diffdock,scored,0.72224,gnina v1.3.3 master:6fe1ce2   Built Jun 30 2026.,static_crystal_polymer,,
4N6H,equibind,scored,0.30771,gnina v1.3.3 master:6fe1ce2   Built Jun 30 2026.,static_crystal_polymer,,
4N6H,diffdock,scored,0.50561,gnina v1.3.3 master:6fe1ce2   Built Jun 30 2026.,static_crystal_polymer,,
4N7U,equibind,scored,0.01077,gnina v1.3.3 master:6fe1ce2   Built Jun 30 2026.,static_crystal_polymer,,
4N7U,diffdock,scored,0.225,gnina v1.3.3 master:6fe1ce2   Built Jun 30 2026.,static_crystal_polymer,,
4MYH,equibind,scored,0.11163,gnina v1.3.3 master:6fe1ce2   Built Jun 30 2026.,static_crystal_polymer,,
4MYH,diffdock,scored,0.42962,gnina v1.3.3 master:6fe1ce2   Built Jun 30 2026.,static_crystal_polymer,,
4N7J,equibind,scored,0.02524,gnina v1.3.3 master:6fe1ce2   Built Jun 30 2026.,static_crystal_polymer,,
4N7J,diffdock,scored,0.61528,gnina v1.3.3 master:6fe1ce2   Built Jun 30 2026.,static_crystal_polymer,,
4N98,equibind,scored,0.71581,gnina v1.3.3 master:6fe1ce2   Built Jun 30 2026.,static_crystal_polymer,,
4N98,diffdock,scored,0.81753,gnina v1.3.3 master:6fe1ce2   Built Jun 30 2026.,static_crystal_polymer,,
4NAK,equibind,scored,2e-05,gnina v1.3.3 master:6fe1ce2   Built Jun 30 2026.,static_crystal_polymer,,
4NAK,diffdock,scored,0.8614,gnina v1.3.3 master:6fe1ce2   Built Jun 30 2026.,static_crystal_polymer,,
4NAL,equibind,scored,0.0202,gnina v1.3.3 master:6fe1ce2   Built Jun 30 2026.,static_crystal_polymer,,
4NAL,diffdock,scored,0.89646,gnina v1.3.3 master:6fe1ce2   Built Jun 30 2026.,static_crystal_polymer,,
4N5G,equibind,scored,0.01735,gnina v1.3.3 master:6fe1ce2   Built Jun 30 2026.,static_crystal_polymer,,
4N5G,diffdock,scored,0.34738,gnina v1.3.3 master:6fe1ce2   Built Jun 30 2026.,static_crystal_polymer,,
4N9E,equibind,scored,0.06047,gnina v1.3.3 master:6fe1ce2   Built Jun 30 2026.,static_crystal_polymer,,
4N9E,diffdock,scored,0.62039,gnina v1.3.3 master:6fe1ce2   Built Jun 30 2026.,static_crystal_polymer,,
4NAT,equibind,scored,0.03435,gnina v1.3.3 master:6fe1ce2   Built Jun 30 2026.,static_crystal_polymer,,
4NAT,diffdock,scored,0.57659,gnina v1.3.3 master:6fe1ce2   Built Jun 30 2026.,static_crystal_polymer,,
4NDU,equibind,scored,0.00087,gnina v1.3.3 master:6fe1ce2   Built Jun 30 2026.,static_crystal_polymer,,
4NDU,diffdock,scored,0.67957,gnina v1.3.3 master:6fe1ce2   Built Jun 30 2026.,static_crystal_polymer,,
4N8E,equibind,scored,0.03934,gnina v1.3.3 master:6fe1ce2   Built Jun 30 2026.,static_crystal_polymer,,
4N8E,diffdock,scored,0.36796,gnina v1.3.3 master:6fe1ce2   Built Jun 30 2026.,static_crystal_polymer,,
4N8D,equibind,scored,0.10889,gnina v1.3.3 master:6fe1ce2   Built Jun 30 2026.,static_crystal_polymer,,
4N8D,diffdock,scored,0.37108,gnina v1.3.3 master:6fe1ce2   Built Jun 30 2026.,static_crystal_polymer,,
4NCG,equibind,scored,0.03363,gnina v1.3.3 master:6fe1ce2   Built Jun 30 2026.,static_crystal_polymer,,
4NCG,diffdock,scored,0.77962,gnina v1.3.3 master:6fe1ce2   Built Jun 30 2026.,static_crystal_polymer,,
4NGM,equibind,scored,0.00828,gnina v1.3.3 master:6fe1ce2   Built Jun 30 2026.,static_crystal_polymer,,
4NGM,diffdock,scored,0.75913,gnina v1.3.3 master:6fe1ce2   Built Jun 30 2026.,static_crystal_polymer,,
4NA4,equibind,scored,1e-05,gnina v1.3.3 master:6fe1ce2   Built Jun 30 2026.,static_crystal_polymer,,
4NA4,diffdock,scored,0.39314,gnina v1.3.3 master:6fe1ce2   Built Jun 30 2026.,static_crystal_polymer,,
4NGN,equibind,scored,0.06139,gnina v1.3.3 master:6fe1ce2   Built Jun 30 2026.,static_crystal_polymer,,
4NGN,diffdock,scored,0.85226,gnina v1.3.3 master:6fe1ce2   Built Jun 30 2026.,static_crystal_polymer,,
4MZO,equibind,scored,4e-05,gnina v1.3.3 master:6fe1ce2   Built Jun 30 2026.,static_crystal_polymer,,
4MZO,diffdock,scored,0.27494,gnina v1.3.3 master:6fe1ce2   Built Jun 30 2026.,static_crystal_polymer,,
4NGP,equibind,scored,0.00035,gnina v1.3.3 master:6fe1ce2   Built Jun 30 2026.,static_crystal_polymer,,
4NGP,diffdock,scored,0.72097,gnina v1.3.3 master:6fe1ce2   Built Jun 30 2026.,static_crystal_polymer,,
4NCN,equibind,scored,1e-05,gnina v1.3.3 master:6fe1ce2   Built Jun 30 2026.,static_crystal_polymer,,
4NCN,diffdock,scored,0.71273,gnina v1.3.3 master:6fe1ce2   Built Jun 30 2026.,static_crystal_polymer,,
4NH8,equibind,scored,0.80422,gnina v1.3.3 master:6fe1ce2   Built Jun 30 2026.,static_crystal_polymer,,
4NH8,diffdock,scored,0.95658,gnina v1.3.3 master:6fe1ce2   Built Jun 30 2026.,static_crystal_polymer,,
4NGQ,equibind,scored,0.01714,gnina v1.3.3 master:6fe1ce2   Built Jun 30 2026.,static_crystal_polymer,,
4NGQ,diffdock,scored,0.92259,gnina v1.3.3 master:6fe1ce2   Built Jun 30 2026.,static_crystal_polymer,,
4NHX,equibind,scored,0.71752,gnina v1.3.3 master:6fe1ce2   Built Jun 30 2026.,static_crystal_polymer,,
4NHX,diffdock,scored,0.76194,gnina v1.3.3 master:6fe1ce2   Built Jun 30 2026.,static_crystal_polymer,,
4NGR,equibind,scored,0.00033,gnina v1.3.3 master:6fe1ce2   Built Jun 30 2026.,static_crystal_polymer,,
4NGR,diffdock,scored,0.32129,gnina v1.3.3 master:6fe1ce2   Built Jun 30 2026.,static_crystal_polymer,,
4NGT,equibind,scored,0.00028,gnina v1.3.3 master:6fe1ce2   Built Jun 30 2026.,static_crystal_polymer,,
4NGT,diffdock,scored,0.35276,gnina v1.3.3 master:6fe1ce2   Built Jun 30 2026.,static_crystal_polymer,,
4NJ3,equibind,scored,0.25714,gnina v1.3.3 master:6fe1ce2   Built Jun 30 2026.,static_crystal_polymer,,
4NJ3,diffdock,scored,0.5826,gnina v1.3.3 master:6fe1ce2   Built Jun 30 2026.,static_crystal_polymer,,
4NKA,equibind,scored,1e-05,gnina v1.3.3 master:6fe1ce2   Built Jun 30 2026.,static_crystal_polymer,,
4NKA,diffdock,scored,0.6594,gnina v1.3.3 master:6fe1ce2   Built Jun 30 2026.,static_crystal_polymer,,
4NLD,equibind,scored,0.00016,gnina v1.3.3 master:6fe1ce2   Built Jun 30 2026.,static_crystal_polymer,,
4NLD,diffdock,scored,0.00875,gnina v1.3.3 master:6fe1ce2   Built Jun 30 2026.,static_crystal_polymer,,
4NL1,equibind,scored,0.19353,gnina v1.3.3 master:6fe1ce2   Built Jun 30 2026.,static_crystal_polymer,,
4NL1,diffdock,scored,0.84924,gnina v1.3.3 master:6fe1ce2   Built Jun 30 2026.,static_crystal_polymer,,
4NIE,equibind,scored,0.00173,gnina v1.3.3 master:6fe1ce2   Built Jun 30 2026.,static_crystal_polymer,,
4NIE,diffdock,scored,0.33474,gnina v1.3.3 master:6fe1ce2   Built Jun 30 2026.,static_crystal_polymer,,
4NNI,equibind,scored,0.01681,gnina v1.3.3 master:6fe1ce2   Built Jun 30 2026.,static_crystal_polymer,,
4NNI,diffdock,scored,0.54691,gnina v1.3.3 master:6fe1ce2   Built Jun 30 2026.,static_crystal_polymer,,
4NKT,equibind,scored,0.00029,gnina v1.3.3 master:6fe1ce2   Built Jun 30 2026.,static_crystal_polymer,,
4NKT,diffdock,scored,0.08045,gnina v1.3.3 master:6fe1ce2   Built Jun 30 2026.,static_crystal_polymer,,
4NNR,equibind,scored,0.0,gnina v1.3.3 master:6fe1ce2   Built Jun 30 2026.,static_crystal_polymer,,
4NNR,diffdock,scored,0.10903,gnina v1.3.3 master:6fe1ce2   Built Jun 30 2026.,static_crystal_polymer,,
4LVT,equibind,scored,0.00332,gnina v1.3.3 master:6fe1ce2   Built Jun 30 2026.,static_crystal_polymer,,
4LVT,diffdock,scored,0.62022,gnina v1.3.3 master:6fe1ce2   Built Jun 30 2026.,static_crystal_polymer,,
4NON,equibind,scored,4e-05,gnina v1.3.3 master:6fe1ce2   Built Jun 30 2026.,static_crystal_polymer,,
4NON,diffdock,scored,0.93473,gnina v1.3.3 master:6fe1ce2   Built Jun 30 2026.,static_crystal_polymer,,
4NP3,equibind,scored,0.20972,gnina v1.3.3 master:6fe1ce2   Built Jun 30 2026.,static_crystal_polymer,,
4NP3,diffdock,scored,0.20223,gnina v1.3.3 master:6fe1ce2   Built Jun 30 2026.,static_crystal_polymer,,
4NP2,equibind,scored,0.26009,gnina v1.3.3 master:6fe1ce2   Built Jun 30 2026.,static_crystal_polymer,,
4NP2,diffdock,scored,0.43459,gnina v1.3.3 master:6fe1ce2   Built Jun 30 2026.,static_crystal_polymer,,
4NP9,equibind,scored,0.00638,gnina v1.3.3 master:6fe1ce2   Built Jun 30 2026.,static_crystal_polymer,,
4NP9,diffdock,scored,0.33699,gnina v1.3.3 master:6fe1ce2   Built Jun 30 2026.,static_crystal_polymer,,
4NPV,equibind,scored,0.12609,gnina v1.3.3 master:6fe1ce2   Built Jun 30 2026.,static_crystal_polymer,,
4NPV,diffdock,scored,0.94293,gnina v1.3.3 master:6fe1ce2   Built Jun 30 2026.,static_crystal_polymer,,
4NQ6,equibind,scored,0.67374,gnina v1.3.3 master:6fe1ce2   Built Jun 30 2026.,static_crystal_polymer,,
4NQ6,diffdock,scored,0.36955,gnina v1.3.3 master:6fe1ce2   Built Jun 30 2026.,static_crystal_polymer,,
4NHY,equibind,scored,0.04409,gnina v1.3.3 master:6fe1ce2   Built Jun 30 2026.,static_crystal_polymer,,
4NHY,diffdock,scored,0.5935,gnina v1.3.3 master:6fe1ce2   Built Jun 30 2026.,static_crystal_polymer,,
4NRA,equibind,scored,0.48552,gnina v1.3.3 master:6fe1ce2   Built Jun 30 2026.,static_crystal_polymer,,
4NRA,diffdock,scored,0.73857,gnina v1.3.3 master:6fe1ce2   Built Jun 30 2026.,static_crystal_polymer,,
4NRO,equibind,scored,0.65161,gnina v1.3.3 master:6fe1ce2   Built Jun 30 2026.,static_crystal_polymer,,
4NRO,diffdock,scored,0.93404,gnina v1.3.3 master:6fe1ce2   Built Jun 30 2026.,static_crystal_polymer,,
4NRP,equibind,scored,0.27479,gnina v1.3.3 master:6fe1ce2   Built Jun 30 2026.,static_crystal_polymer,,
4NRP,diffdock,scored,0.92942,gnina v1.3.3 master:6fe1ce2   Built Jun 30 2026.,static_crystal_polymer,,
4NRQ,equibind,scored,0.01402,gnina v1.3.3 master:6fe1ce2   Built Jun 30 2026.,static_crystal_polymer,,
4NRQ,diffdock,scored,0.44263,gnina v1.3.3 master:6fe1ce2   Built Jun 30 2026.,static_crystal_polymer,,
4NUD,equibind,scored,0.57745,gnina v1.3.3 master:6fe1ce2   Built Jun 30 2026.,static_crystal_polymer,,
4NUD,diffdock,scored,0.60709,gnina v1.3.3 master:6fe1ce2   Built Jun 30 2026.,static_crystal_polymer,,
4NUE,equibind,scored,0.0851,gnina v1.3.3 master:6fe1ce2   Built Jun 30 2026.,static_crystal_polymer,,
4NUE,diffdock,scored,0.54584,gnina v1.3.3 master:6fe1ce2   Built Jun 30 2026.,static_crystal_polymer,,
4NUS,equibind,scored,0.00014,gnina v1.3.3 master:6fe1ce2   Built Jun 30 2026.,static_crystal_polymer,,
4NUS,diffdock,scored,0.65772,gnina v1.3.3 master:6fe1ce2   Built Jun 30 2026.,static_crystal_polymer,,
4NRL,equibind,scored,0.00179,gnina v1.3.3 master:6fe1ce2   Built Jun 30 2026.,static_crystal_polymer,,
4NRL,diffdock,scored,0.42522,gnina v1.3.3 master:6fe1ce2   Built Jun 30 2026.,static_crystal_polymer,,
4NRT,equibind,scored,0.07864,gnina v1.3.3 master:6fe1ce2   Built Jun 30 2026.,static_crystal_polymer,,
4NRT,diffdock,scored,0.4465,gnina v1.3.3 master:6fe1ce2   Built Jun 30 2026.,static_crystal_polymer,,
4NW5,equibind,scored,0.13441,gnina v1.3.3 master:6fe1ce2   Built Jun 30 2026.,static_crystal_polymer,,
4NW5,diffdock,scored,0.52285,gnina v1.3.3 master:6fe1ce2   Built Jun 30 2026.,static_crystal_polymer,,
4NWD,equibind,scored,0.01703,gnina v1.3.3 master:6fe1ce2   Built Jun 30 2026.,static_crystal_polymer,,
4NWD,diffdock,scored,0.94706,gnina v1.3.3 master:6fe1ce2   Built Jun 30 2026.,static_crystal_polymer,,
4NW7,equibind,scored,0.01708,gnina v1.3.3 master:6fe1ce2   Built Jun 30 2026.,static_crystal_polymer,,
4NW7,diffdock,scored,0.83532,gnina v1.3.3 master:6fe1ce2   Built Jun 30 2026.,static_crystal_polymer,,
4NVQ,equibind,scored,0.32406,gnina v1.3.3 master:6fe1ce2   Built Jun 30 2026.,static_crystal_polymer,,
4NVQ,diffdock,scored,0.89877,gnina v1.3.3 master:6fe1ce2   Built Jun 30 2026.,static_crystal_polymer,,
4NRK,equibind,scored,0.0003,gnina v1.3.3 master:6fe1ce2   Built Jun 30 2026.,static_crystal_polymer,,
4NRK,diffdock,scored,0.71585,gnina v1.3.3 master:6fe1ce2   Built Jun 30 2026.,static_crystal_polymer,,
4NYF,equibind,scored,4e-05,gnina v1.3.3 master:6fe1ce2   Built Jun 30 2026.,static_crystal_polymer,,
4NYF,diffdock,scored,0.46722,gnina v1.3.3 master:6fe1ce2   Built Jun 30 2026.,static_crystal_polymer,,
4NWK,equibind,scored,0.01736,gnina v1.3.3 master:6fe1ce2   Built Jun 30 2026.,static_crystal_polymer,,
4NWK,diffdock,scored,0.47051,gnina v1.3.3 master:6fe1ce2   Built Jun 30 2026.,static_crystal_polymer,,
4NAH,equibind,scored,0.00012,gnina v1.3.3 master:6fe1ce2   Built Jun 30 2026.,static_crystal_polymer,,
4NAH,diffdock,scored,0.4445,gnina v1.3.3 master:6fe1ce2   Built Jun 30 2026.,static_crystal_polymer,,
4NXS,equibind,scored,0.0051,gnina v1.3.3 master:6fe1ce2   Built Jun 30 2026.,static_crystal_polymer,,
4NXS,diffdock,scored,0.62901,gnina v1.3.3 master:6fe1ce2   Built Jun 30 2026.,static_crystal_polymer,,
4NYJ,equibind,scored,0.01521,gnina v1.3.3 master:6fe1ce2   Built Jun 30 2026.,static_crystal_polymer,,
4NYJ,diffdock,scored,0.60601,gnina v1.3.3 master:6fe1ce2   Built Jun 30 2026.,static_crystal_polymer,,
4O04,equibind,scored,0.57278,gnina v1.3.3 master:6fe1ce2   Built Jun 30 2026.,static_crystal_polymer,,
4O04,diffdock,scored,0.95931,gnina v1.3.3 master:6fe1ce2   Built Jun 30 2026.,static_crystal_polymer,,
4NYI,equibind,scored,0.01248,gnina v1.3.3 master:6fe1ce2   Built Jun 30 2026.,static_crystal_polymer,,
4NYI,diffdock,scored,0.11961,gnina v1.3.3 master:6fe1ce2   Built Jun 30 2026.,static_crystal_polymer,,
4NYT,equibind,scored,0.36295,gnina v1.3.3 master:6fe1ce2   Built Jun 30 2026.,static_crystal_polymer,,
4NYT,diffdock,scored,0.55316,gnina v1.3.3 master:6fe1ce2   Built Jun 30 2026.,static_crystal_polymer,,
4O05,equibind,scored,0.75204,gnina v1.3.3 master:6fe1ce2   Built Jun 30 2026.,static_crystal_polymer,,
4O05,diffdock,scored,0.84161,gnina v1.3.3 master:6fe1ce2   Built Jun 30 2026.,static_crystal_polymer,,
4MYD,equibind,scored,4e-05,gnina v1.3.3 master:6fe1ce2   Built Jun 30 2026.,static_crystal_polymer,,
4MYD,diffdock,scored,0.63023,gnina v1.3.3 master:6fe1ce2   Built Jun 30 2026.,static_crystal_polymer,,
4O09,equibind,scored,0.67533,gnina v1.3.3 master:6fe1ce2   Built Jun 30 2026.,static_crystal_polymer,,
4O09,diffdock,scored,0.62646,gnina v1.3.3 master:6fe1ce2   Built Jun 30 2026.,static_crystal_polymer,,
4O07,equibind,scored,0.80458,gnina v1.3.3 master:6fe1ce2   Built Jun 30 2026.,static_crystal_polymer,,
4O07,diffdock,scored,0.80887,gnina v1.3.3 master:6fe1ce2   Built Jun 30 2026.,static_crystal_polymer,,
4O0B,equibind,scored,0.66476,gnina v1.3.3 master:6fe1ce2   Built Jun 30 2026.,static_crystal_polymer,,
4O0B,diffdock,scored,0.74773,gnina v1.3.3 master:6fe1ce2   Built Jun 30 2026.,static_crystal_polymer,,
4O0R,equibind,scored,0.00215,gnina v1.3.3 master:6fe1ce2   Built Jun 30 2026.,static_crystal_polymer,,
4O0R,diffdock,scored,0.94268,gnina v1.3.3 master:6fe1ce2   Built Jun 30 2026.,static_crystal_polymer,,
4O2P,equibind,scored,0.00228,gnina v1.3.3 master:6fe1ce2   Built Jun 30 2026.,static_crystal_polymer,,
4O2P,diffdock,scored,0.76293,gnina v1.3.3 master:6fe1ce2   Built Jun 30 2026.,static_crystal_polymer,,
4O1L,equibind,scored,0.06057,gnina v1.3.3 master:6fe1ce2   Built Jun 30 2026.,static_crystal_polymer,,
4O1L,diffdock,scored,0.80112,gnina v1.3.3 master:6fe1ce2   Built Jun 30 2026.,static_crystal_polymer,,
4O3C,equibind,scored,0.08437,gnina v1.3.3 master:6fe1ce2   Built Jun 30 2026.,static_crystal_polymer,,
4O3C,diffdock,scored,0.43077,gnina v1.3.3 master:6fe1ce2   Built Jun 30 2026.,static_crystal_polymer,,
4O3B,equibind,scored,0.0127,gnina v1.3.3 master:6fe1ce2   Built Jun 30 2026.,static_crystal_polymer,,
4O3B,diffdock,scored,0.56666,gnina v1.3.3 master:6fe1ce2   Built Jun 30 2026.,static_crystal_polymer,,
4NXU,equibind,scored,0.00024,gnina v1.3.3 master:6fe1ce2   Built Jun 30 2026.,static_crystal_polymer,,
4NXU,diffdock,scored,0.05455,gnina v1.3.3 master:6fe1ce2   Built Jun 30 2026.,static_crystal_polymer,,
4O5B,diffdock,scored,0.09175,gnina v1.3.3 master:6fe1ce2   Built Jun 30 2026.,static_crystal_polymer,,
4NO1,equibind,scored,0.08494,gnina v1.3.3 master:6fe1ce2   Built Jun 30 2026.,static_crystal_polymer,,
4NXV,equibind,scored,1e-05,gnina v1.3.3 master:6fe1ce2   Built Jun 30 2026.,static_crystal_polymer,,
4NXV,diffdock,scored,0.45863,gnina v1.3.3 master:6fe1ce2   Built Jun 30 2026.,static_crystal_polymer,,
4NO6,equibind,scored,0.03569,gnina v1.3.3 master:6fe1ce2   Built Jun 30 2026.,static_crystal_polymer,,
4O1D,equibind,scored,0.58891,gnina v1.3.3 master:6fe1ce2   Built Jun 30 2026.,static_crystal_polymer,,
4O1D,diffdock,scored,0.63953,gnina v1.3.3 master:6fe1ce2   Built Jun 30 2026.,static_crystal_polymer,,
4O0Z,equibind,scored,0.06307,gnina v1.3.3 master:6fe1ce2   Built Jun 30 2026.,static_crystal_polymer,,
4O0Z,diffdock,scored,0.84894,gnina v1.3.3 master:6fe1ce2   Built Jun 30 2026.,static_crystal_polymer,,
4O72,equibind,scored,0.0001,gnina v1.3.3 master:6fe1ce2   Built Jun 30 2026.,static_crystal_polymer,,
4O72,diffdock,scored,0.87341,gnina v1.3.3 master:6fe1ce2   Built Jun 30 2026.,static_crystal_polymer,,
4O78,equibind,scored,0.03359,gnina v1.3.3 master:6fe1ce2   Built Jun 30 2026.,static_crystal_polymer,,
4O78,diffdock,scored,0.08626,gnina v1.3.3 master:6fe1ce2   Built Jun 30 2026.,static_crystal_polymer,,
4NO8,equibind,scored,0.00727,gnina v1.3.3 master:6fe1ce2   Built Jun 30 2026.,static_crystal_polymer,,
4O3A,equibind,scored,0.06304,gnina v1.3.3 master:6fe1ce2   Built Jun 30 2026.,static_crystal_polymer,,
4O3A,diffdock,scored,0.13529,gnina v1.3.3 master:6fe1ce2   Built Jun 30 2026.,static_crystal_polymer,,
4O7A,equibind,scored,0.02731,gnina v1.3.3 master:6fe1ce2   Built Jun 30 2026.,static_crystal_polymer,,
4O7A,diffdock,scored,0.50465,gnina v1.3.3 master:6fe1ce2   Built Jun 30 2026.,static_crystal_polymer,,
4NNW,equibind,scored,0.0827,gnina v1.3.3 master:6fe1ce2   Built Jun 30 2026.,static_crystal_polymer,,
4O75,equibind,scored,0.00465,gnina v1.3.3 master:6fe1ce2   Built Jun 30 2026.,static_crystal_polymer,,
4O75,diffdock,scored,0.08667,gnina v1.3.3 master:6fe1ce2   Built Jun 30 2026.,static_crystal_polymer,,
4NNN,equibind,scored,0.16112,gnina v1.3.3 master:6fe1ce2   Built Jun 30 2026.,static_crystal_polymer,,
4NO9,equibind,scored,0.20437,gnina v1.3.3 master:6fe1ce2   Built Jun 30 2026.,static_crystal_polymer,,
4O71,equibind,scored,0.00061,gnina v1.3.3 master:6fe1ce2   Built Jun 30 2026.,static_crystal_polymer,,
4O71,diffdock,scored,0.60261,gnina v1.3.3 master:6fe1ce2   Built Jun 30 2026.,static_crystal_polymer,,
4O74,equibind,scored,0.00032,gnina v1.3.3 master:6fe1ce2   Built Jun 30 2026.,static_crystal_polymer,,
4O74,diffdock,scored,0.33366,gnina v1.3.3 master:6fe1ce2   Built Jun 30 2026.,static_crystal_polymer,,
4O91,equibind,scored,0.06286,gnina v1.3.3 master:6fe1ce2   Built Jun 30 2026.,static_crystal_polymer,,
4O91,diffdock,scored,0.97911,gnina v1.3.3 master:6fe1ce2   Built Jun 30 2026.,static_crystal_polymer,,
4O7D,equibind,scored,0.61121,gnina v1.3.3 master:6fe1ce2   Built Jun 30 2026.,static_crystal_polymer,,
4O7D,diffdock,scored,0.50061,gnina v1.3.3 master:6fe1ce2   Built Jun 30 2026.,static_crystal_polymer,,
4O61,equibind,scored,0.67418,gnina v1.3.3 master:6fe1ce2   Built Jun 30 2026.,static_crystal_polymer,,
4O61,diffdock,scored,0.24969,gnina v1.3.3 master:6fe1ce2   Built Jun 30 2026.,static_crystal_polymer,,
4OB0,equibind,scored,0.15905,gnina v1.3.3 master:6fe1ce2   Built Jun 30 2026.,static_crystal_polymer,,
4OB0,diffdock,scored,0.10161,gnina v1.3.3 master:6fe1ce2   Built Jun 30 2026.,static_crystal_polymer,,
4OB1,equibind,scored,0.02872,gnina v1.3.3 master:6fe1ce2   Built Jun 30 2026.,static_crystal_polymer,,
4OB1,diffdock,scored,0.15087,gnina v1.3.3 master:6fe1ce2   Built Jun 30 2026.,static_crystal_polymer,,
4O44,equibind,scored,0.00154,gnina v1.3.3 master:6fe1ce2   Built Jun 30 2026.,static_crystal_polymer,,
4O44,diffdock,scored,0.54319,gnina v1.3.3 master:6fe1ce2   Built Jun 30 2026.,static_crystal_polymer,,
4OB2,equibind,scored,0.18379,gnina v1.3.3 master:6fe1ce2   Built Jun 30 2026.,static_crystal_polymer,,
4OB2,diffdock,scored,0.31366,gnina v1.3.3 master:6fe1ce2   Built Jun 30 2026.,static_crystal_polymer,,
4OAG,equibind,scored,0.0,gnina v1.3.3 master:6fe1ce2   Built Jun 30 2026.,static_crystal_polymer,,
4OAG,diffdock,scored,0.07621,gnina v1.3.3 master:6fe1ce2   Built Jun 30 2026.,static_crystal_polymer,,
4OBP,equibind,scored,0.02601,gnina v1.3.3 master:6fe1ce2   Built Jun 30 2026.,static_crystal_polymer,,
4OBP,diffdock,scored,0.78564,gnina v1.3.3 master:6fe1ce2   Built Jun 30 2026.,static_crystal_polymer,,
4OBQ,equibind,scored,0.51348,gnina v1.3.3 master:6fe1ce2   Built Jun 30 2026.,static_crystal_polymer,,
4OBQ,diffdock,scored,0.95181,gnina v1.3.3 master:6fe1ce2   Built Jun 30 2026.,static_crystal_polymer,,
4OC1,equibind,scored,0.00016,gnina v1.3.3 master:6fe1ce2   Built Jun 30 2026.,static_crystal_polymer,,
4OC1,diffdock,scored,0.78494,gnina v1.3.3 master:6fe1ce2   Built Jun 30 2026.,static_crystal_polymer,,
4OC0,equibind,scored,0.01637,gnina v1.3.3 master:6fe1ce2   Built Jun 30 2026.,static_crystal_polymer,,
4OC0,diffdock,scored,0.72777,gnina v1.3.3 master:6fe1ce2   Built Jun 30 2026.,static_crystal_polymer,,
4OCQ,equibind,scored,0.00544,gnina v1.3.3 master:6fe1ce2   Built Jun 30 2026.,static_crystal_polymer,,
4OCQ,diffdock,scored,0.58662,gnina v1.3.3 master:6fe1ce2   Built Jun 30 2026.,static_crystal_polymer,,
4OCP,equibind,scored,0.52501,gnina v1.3.3 master:6fe1ce2   Built Jun 30 2026.,static_crystal_polymer,,
4OCP,diffdock,scored,0.70593,gnina v1.3.3 master:6fe1ce2   Built Jun 30 2026.,static_crystal_polymer,,
4OC3,equibind,scored,0.00062,gnina v1.3.3 master:6fe1ce2   Built Jun 30 2026.,static_crystal_polymer,,
4OC3,diffdock,scored,0.89658,gnina v1.3.3 master:6fe1ce2   Built Jun 30 2026.,static_crystal_polymer,,
4OC2,equibind,scored,0.31728,gnina v1.3.3 master:6fe1ce2   Built Jun 30 2026.,static_crystal_polymer,,
4OC2,diffdock,scored,0.90886,gnina v1.3.3 master:6fe1ce2   Built Jun 30 2026.,static_crystal_polymer,,
4OCK,equibind,scored,0.42164,gnina v1.3.3 master:6fe1ce2   Built Jun 30 2026.,static_crystal_polymer,,
4OCK,diffdock,scored,0.63788,gnina v1.3.3 master:6fe1ce2   Built Jun 30 2026.,static_crystal_polymer,,
4O2B,equibind,scored,0.0,gnina v1.3.3 master:6fe1ce2   Built Jun 30 2026.,static_crystal_polymer,,
4O2B,diffdock,scored,0.65492,gnina v1.3.3 master:6fe1ce2   Built Jun 30 2026.,static_crystal_polymer,,
4OC4,equibind,scored,1e-05,gnina v1.3.3 master:6fe1ce2   Built Jun 30 2026.,static_crystal_polymer,,
4OC4,diffdock,scored,0.44208,gnina v1.3.3 master:6fe1ce2   Built Jun 30 2026.,static_crystal_polymer,,
4OEW,equibind,scored,0.02248,gnina v1.3.3 master:6fe1ce2   Built Jun 30 2026.,static_crystal_polymer,,
4OEW,diffdock,scored,0.79784,gnina v1.3.3 master:6fe1ce2   Built Jun 30 2026.,static_crystal_polymer,,
4ODE,equibind,scored,0.00072,gnina v1.3.3 master:6fe1ce2   Built Jun 30 2026.,static_crystal_polymer,,
4ODE,diffdock,scored,0.0917,gnina v1.3.3 master:6fe1ce2   Built Jun 30 2026.,static_crystal_polymer,,
4OC5,equibind,scored,0.03162,gnina v1.3.3 master:6fe1ce2   Built Jun 30 2026.,static_crystal_polymer,,
4OC5,diffdock,scored,0.72385,gnina v1.3.3 master:6fe1ce2   Built Jun 30 2026.,static_crystal_polymer,,
4OCT,equibind,scored,0.41859,gnina v1.3.3 master:6fe1ce2   Built Jun 30 2026.,static_crystal_polymer,,
4OCT,diffdock,scored,0.87736,gnina v1.3.3 master:6fe1ce2   Built Jun 30 2026.,static_crystal_polymer,,
4ODF,equibind,scored,0.00621,gnina v1.3.3 master:6fe1ce2   Built Jun 30 2026.,static_crystal_polymer,,
4ODF,diffdock,scored,0.46999,gnina v1.3.3 master:6fe1ce2   Built Jun 30 2026.,static_crystal_polymer,,
4OCV,equibind,scored,0.53056,gnina v1.3.3 master:6fe1ce2   Built Jun 30 2026.,static_crystal_polymer,,
4OCV,diffdock,scored,0.50828,gnina v1.3.3 master:6fe1ce2   Built Jun 30 2026.,static_crystal_polymer,,
4OG3,equibind,scored,0.17182,gnina v1.3.3 master:6fe1ce2   Built Jun 30 2026.,static_crystal_polymer,,
4OG3,diffdock,scored,0.34279,gnina v1.3.3 master:6fe1ce2   Built Jun 30 2026.,static_crystal_polymer,,
4OG5,equibind,scored,0.08204,gnina v1.3.3 master:6fe1ce2   Built Jun 30 2026.,static_crystal_polymer,,
4OG5,diffdock,scored,0.22125,gnina v1.3.3 master:6fe1ce2   Built Jun 30 2026.,static_crystal_polymer,,
4OG4,equibind,scored,0.10965,gnina v1.3.3 master:6fe1ce2   Built Jun 30 2026.,static_crystal_polymer,,
4OG4,diffdock,scored,0.22652,gnina v1.3.3 master:6fe1ce2   Built Jun 30 2026.,static_crystal_polymer,,
4OCC,equibind,scored,1e-05,gnina v1.3.3 master:6fe1ce2   Built Jun 30 2026.,static_crystal_polymer,,
4OCC,diffdock,scored,0.56473,gnina v1.3.3 master:6fe1ce2   Built Jun 30 2026.,static_crystal_polymer,,
4OEU,equibind,scored,0.00449,gnina v1.3.3 master:6fe1ce2   Built Jun 30 2026.,static_crystal_polymer,,
4OEU,diffdock,scored,0.2682,gnina v1.3.3 master:6fe1ce2   Built Jun 30 2026.,static_crystal_polymer,,
4OI6,equibind,scored,0.05658,gnina v1.3.3 master:6fe1ce2   Built Jun 30 2026.,static_crystal_polymer,,
4OI6,diffdock,scored,0.26489,gnina v1.3.3 master:6fe1ce2   Built Jun 30 2026.,static_crystal_polymer,,
4OG7,equibind,scored,0.01791,gnina v1.3.3 master:6fe1ce2   Built Jun 30 2026.,static_crystal_polymer,,
4OG7,diffdock,scored,0.69915,gnina v1.3.3 master:6fe1ce2   Built Jun 30 2026.,static_crystal_polymer,,
4OGI,equibind,scored,0.00607,gnina v1.3.3 master:6fe1ce2   Built Jun 30 2026.,static_crystal_polymer,,
4OGI,diffdock,scored,0.35486,gnina v1.3.3 master:6fe1ce2   Built Jun 30 2026.,static_crystal_polymer,,
4OFL,equibind,scored,0.01366,gnina v1.3.3 master:6fe1ce2   Built Jun 30 2026.,static_crystal_polymer,,
4OFL,diffdock,scored,0.64957,gnina v1.3.3 master:6fe1ce2   Built Jun 30 2026.,static_crystal_polymer,,
4OG8,equibind,scored,0.36735,gnina v1.3.3 master:6fe1ce2   Built Jun 30 2026.,static_crystal_polymer,,
4OG8,diffdock,scored,0.36793,gnina v1.3.3 master:6fe1ce2   Built Jun 30 2026.,static_crystal_polymer,,
4OGN,equibind,scored,0.02472,gnina v1.3.3 master:6fe1ce2   Built Jun 30 2026.,static_crystal_polymer,,
4OGN,diffdock,scored,0.71003,gnina v1.3.3 master:6fe1ce2   Built Jun 30 2026.,static_crystal_polymer,,
4OGT,equibind,scored,0.00244,gnina v1.3.3 master:6fe1ce2   Built Jun 30 2026.,static_crystal_polymer,,
4OGT,diffdock,scored,0.46041,gnina v1.3.3 master:6fe1ce2   Built Jun 30 2026.,static_crystal_polymer,,
4OBA,equibind,scored,0.00034,gnina v1.3.3 master:6fe1ce2   Built Jun 30 2026.,static_crystal_polymer,,
4OBA,diffdock,scored,0.57484,gnina v1.3.3 master:6fe1ce2   Built Jun 30 2026.,static_crystal_polymer,,
4OK3,equibind,scored,0.10579,gnina v1.3.3 master:6fe1ce2   Built Jun 30 2026.,static_crystal_polymer,,
4OK3,diffdock,scored,0.43937,gnina v1.3.3 master:6fe1ce2   Built Jun 30 2026.,static_crystal_polymer,,
4ONO,equibind,scored,0.00013,gnina v1.3.3 master:6fe1ce2   Built Jun 30 2026.,static_crystal_polymer,,
4ONO,diffdock,scored,0.24113,gnina v1.3.3 master:6fe1ce2   Built Jun 30 2026.,static_crystal_polymer,,
4OO9,equibind,scored,3e-05,gnina v1.3.3 master:6fe1ce2   Built Jun 30 2026.,static_crystal_polymer,,
4OO9,diffdock,scored,0.64081,gnina v1.3.3 master:6fe1ce2   Built Jun 30 2026.,static_crystal_polymer,,
4OLD,equibind,scored,0.00807,gnina v1.3.3 master:6fe1ce2   Built Jun 30 2026.,static_crystal_polymer,,
4OLD,diffdock,scored,0.07547,gnina v1.3.3 master:6fe1ce2   Built Jun 30 2026.,static_crystal_polymer,,
4OKP,equibind,scored,0.23732,gnina v1.3.3 master:6fe1ce2   Built Jun 30 2026.,static_crystal_polymer,,
4OKP,diffdock,scored,0.84261,gnina v1.3.3 master:6fe1ce2   Built Jun 30 2026.,static_crystal_polymer,,
4OGV,equibind,scored,2e-05,gnina v1.3.3 master:6fe1ce2   Built Jun 30 2026.,static_crystal_polymer,,
4OGV,diffdock,scored,0.21749,gnina v1.3.3 master:6fe1ce2   Built Jun 30 2026.,static_crystal_polymer,,
4OMJ,equibind,scored,0.02112,gnina v1.3.3 master:6fe1ce2   Built Jun 30 2026.,static_crystal_polymer,,
4OMJ,diffdock,scored,0.29732,gnina v1.3.3 master:6fe1ce2   Built Jun 30 2026.,static_crystal_polymer,,
4OMK,equibind,scored,0.08247,gnina v1.3.3 master:6fe1ce2   Built Jun 30 2026.,static_crystal_polymer,,
4OMK,diffdock,scored,0.15919,gnina v1.3.3 master:6fe1ce2   Built Jun 30 2026.,static_crystal_polymer,,
4OOL,equibind,scored,0.02331,gnina v1.3.3 master:6fe1ce2   Built Jun 30 2026.,static_crystal_polymer,,
4OOL,diffdock,scored,0.68734,gnina v1.3.3 master:6fe1ce2   Built Jun 30 2026.,static_crystal_polymer,,
4OQ6,equibind,scored,0.90999,gnina v1.3.3 master:6fe1ce2   Built Jun 30 2026.,static_crystal_polymer,,
4OQ6,diffdock,scored,0.46711,gnina v1.3.3 master:6fe1ce2   Built Jun 30 2026.,static_crystal_polymer,,
4OON,equibind,scored,0.0043,gnina v1.3.3 master:6fe1ce2   Built Jun 30 2026.,static_crystal_polymer,,
4OON,diffdock,scored,0.45306,gnina v1.3.3 master:6fe1ce2   Built Jun 30 2026.,static_crystal_polymer,,
4OLC,equibind,scored,0.47775,gnina v1.3.3 master:6fe1ce2   Built Jun 30 2026.,static_crystal_polymer,,
4OLC,diffdock,scored,0.77631,gnina v1.3.3 master:6fe1ce2   Built Jun 30 2026.,static_crystal_polymer,,
4OQ3,equibind,scored,0.0001,gnina v1.3.3 master:6fe1ce2   Built Jun 30 2026.,static_crystal_polymer,,
4OQ3,diffdock,scored,0.21581,gnina v1.3.3 master:6fe1ce2   Built Jun 30 2026.,static_crystal_polymer,,
4OR6,equibind,scored,0.00126,gnina v1.3.3 master:6fe1ce2   Built Jun 30 2026.,static_crystal_polymer,,
4OR6,diffdock,scored,0.06393,gnina v1.3.3 master:6fe1ce2   Built Jun 30 2026.,static_crystal_polymer,,
4ORX,equibind,scored,3e-05,gnina v1.3.3 master:6fe1ce2   Built Jun 30 2026.,static_crystal_polymer,,
4ORX,diffdock,scored,0.00799,gnina v1.3.3 master:6fe1ce2   Built Jun 30 2026.,static_crystal_polymer,,
4ORU,equibind,scored,0.0,gnina v1.3.3 master:6fe1ce2   Built Jun 30 2026.,static_crystal_polymer,,
4ORU,diffdock,scored,0.00639,gnina v1.3.3 master:6fe1ce2   Built Jun 30 2026.,static_crystal_polymer,,
4OTW,equibind,scored,0.06775,gnina v1.3.3 master:6fe1ce2   Built Jun 30 2026.,static_crystal_polymer,,
4OTW,diffdock,scored,0.44105,gnina v1.3.3 master:6fe1ce2   Built Jun 30 2026.,static_crystal_polymer,,
4OOW,equibind,scored,0.00021,gnina v1.3.3 master:6fe1ce2   Built Jun 30 2026.,static_crystal_polymer,,
4OOW,diffdock,scored,0.73429,gnina v1.3.3 master:6fe1ce2   Built Jun 30 2026.,static_crystal_polymer,,
4OSF,equibind,scored,0.00743,gnina v1.3.3 master:6fe1ce2   Built Jun 30 2026.,static_crystal_polymer,,
4OSF,diffdock,scored,0.73654,gnina v1.3.3 master:6fe1ce2   Built Jun 30 2026.,static_crystal_polymer,,
4OYA,equibind,scored,2e-05,gnina v1.3.3 master:6fe1ce2   Built Jun 30 2026.,static_crystal_polymer,,
4OYA,diffdock,scored,0.96994,gnina v1.3.3 master:6fe1ce2   Built Jun 30 2026.,static_crystal_polymer,,
4OYB,equibind,scored,0.02552,gnina v1.3.3 master:6fe1ce2   Built Jun 30 2026.,static_crystal_polymer,,
4OYB,diffdock,scored,0.96904,gnina v1.3.3 master:6fe1ce2   Built Jun 30 2026.,static_crystal_polymer,,
4OYI,equibind,scored,0.44719,gnina v1.3.3 master:6fe1ce2   Built Jun 30 2026.,static_crystal_polymer,,
4OYI,diffdock,scored,0.96472,gnina v1.3.3 master:6fe1ce2   Built Jun 30 2026.,static_crystal_polymer,,
4OVF,equibind,scored,0.56667,gnina v1.3.3 master:6fe1ce2   Built Jun 30 2026.,static_crystal_polymer,,
4OVF,diffdock,scored,0.86855,gnina v1.3.3 master:6fe1ce2   Built Jun 30 2026.,static_crystal_polymer,,
4OW0,equibind,scored,0.0002,gnina v1.3.3 master:6fe1ce2   Built Jun 30 2026.,static_crystal_polymer,,
4OW0,diffdock,scored,0.745,gnina v1.3.3 master:6fe1ce2   Built Jun 30 2026.,static_crystal_polymer,,
4OYO,equibind,scored,0.00883,gnina v1.3.3 master:6fe1ce2   Built Jun 30 2026.,static_crystal_polymer,,
4OYO,diffdock,scored,0.60112,gnina v1.3.3 master:6fe1ce2   Built Jun 30 2026.,static_crystal_polymer,,
4OUE,equibind,scored,0.00028,gnina v1.3.3 master:6fe1ce2   Built Jun 30 2026.,static_crystal_polymer,,
4OUE,diffdock,scored,0.88887,gnina v1.3.3 master:6fe1ce2   Built Jun 30 2026.,static_crystal_polymer,,
4OYM,equibind,scored,0.22662,gnina v1.3.3 master:6fe1ce2   Built Jun 30 2026.,static_crystal_polymer,,
4OYM,diffdock,scored,0.67878,gnina v1.3.3 master:6fe1ce2   Built Jun 30 2026.,static_crystal_polymer,,
4OYS,equibind,scored,0.3066,gnina v1.3.3 master:6fe1ce2   Built Jun 30 2026.,static_crystal_polymer,,
4OYS,diffdock,scored,0.21155,gnina v1.3.3 master:6fe1ce2   Built Jun 30 2026.,static_crystal_polymer,,
4OZJ,equibind,scored,0.0,gnina v1.3.3 master:6fe1ce2   Built Jun 30 2026.,static_crystal_polymer,,
4OZJ,diffdock,scored,0.22714,gnina v1.3.3 master:6fe1ce2   Built Jun 30 2026.,static_crystal_polymer,,
4OZL,equibind,scored,0.00043,gnina v1.3.3 master:6fe1ce2   Built Jun 30 2026.,static_crystal_polymer,,
4OZL,diffdock,scored,0.60629,gnina v1.3.3 master:6fe1ce2   Built Jun 30 2026.,static_crystal_polymer,,
4OZ2,equibind,scored,0.00404,gnina v1.3.3 master:6fe1ce2   Built Jun 30 2026.,static_crystal_polymer,,
4OZ2,diffdock,scored,0.92661,gnina v1.3.3 master:6fe1ce2   Built Jun 30 2026.,static_crystal_polymer,,
4P0W,equibind,scored,0.01306,gnina v1.3.3 master:6fe1ce2   Built Jun 30 2026.,static_crystal_polymer,,
4P0W,diffdock,scored,0.30919,gnina v1.3.3 master:6fe1ce2   Built Jun 30 2026.,static_crystal_polymer,,
4OZ3,equibind,scored,0.00593,gnina v1.3.3 master:6fe1ce2   Built Jun 30 2026.,static_crystal_polymer,,
4OZ3,diffdock,scored,0.87719,gnina v1.3.3 master:6fe1ce2   Built Jun 30 2026.,static_crystal_polymer,,
4P0V,equibind,scored,0.01437,gnina v1.3.3 master:6fe1ce2   Built Jun 30 2026.,static_crystal_polymer,,
4P0V,diffdock,scored,0.60239,gnina v1.3.3 master:6fe1ce2   Built Jun 30 2026.,static_crystal_polymer,,
4P0X,equibind,scored,0.00179,gnina v1.3.3 master:6fe1ce2   Built Jun 30 2026.,static_crystal_polymer,,
4P0X,diffdock,scored,0.48819,gnina v1.3.3 master:6fe1ce2   Built Jun 30 2026.,static_crystal_polymer,,
4P10,equibind,scored,0.00536,gnina v1.3.3 master:6fe1ce2   Built Jun 30 2026.,static_crystal_polymer,,
4P10,diffdock,scored,0.75221,gnina v1.3.3 master:6fe1ce2   Built Jun 30 2026.,static_crystal_polymer,,
4P3H,equibind,scored,0.0052,gnina v1.3.3 master:6fe1ce2   Built Jun 30 2026.,static_crystal_polymer,,
4P3H,diffdock,scored,0.16947,gnina v1.3.3 master:6fe1ce2   Built Jun 30 2026.,static_crystal_polymer,,
4P4D,equibind,scored,0.0795,gnina v1.3.3 master:6fe1ce2   Built Jun 30 2026.,static_crystal_polymer,,
4P4D,diffdock,scored,0.7759,gnina v1.3.3 master:6fe1ce2   Built Jun 30 2026.,static_crystal_polymer,,
4P4E,equibind,scored,0.01612,gnina v1.3.3 master:6fe1ce2   Built Jun 30 2026.,static_crystal_polymer,,
4P4E,diffdock,scored,0.65067,gnina v1.3.3 master:6fe1ce2   Built Jun 30 2026.,static_crystal_polymer,,
4OZN,equibind,scored,0.00096,gnina v1.3.3 master:6fe1ce2   Built Jun 30 2026.,static_crystal_polymer,,
4OZN,diffdock,scored,0.23159,gnina v1.3.3 master:6fe1ce2   Built Jun 30 2026.,static_crystal_polymer,,
4P58,equibind,scored,0.16085,gnina v1.3.3 master:6fe1ce2   Built Jun 30 2026.,static_crystal_polymer,,
4P58,diffdock,scored,0.97382,gnina v1.3.3 master:6fe1ce2   Built Jun 30 2026.,static_crystal_polymer,,
4P4T,equibind,scored,0.00023,gnina v1.3.3 master:6fe1ce2   Built Jun 30 2026.,static_crystal_polymer,,
4P4T,diffdock,scored,0.93133,gnina v1.3.3 master:6fe1ce2   Built Jun 30 2026.,static_crystal_polymer,,
4P6W,equibind,scored,0.08759,gnina v1.3.3 master:6fe1ce2   Built Jun 30 2026.,static_crystal_polymer,,
4P6W,diffdock,scored,0.47574,gnina v1.3.3 master:6fe1ce2   Built Jun 30 2026.,static_crystal_polymer,,
4OYT,equibind,scored,0.0104,gnina v1.3.3 master:6fe1ce2   Built Jun 30 2026.,static_crystal_polymer,,
4OYT,diffdock,scored,0.15135,gnina v1.3.3 master:6fe1ce2   Built Jun 30 2026.,static_crystal_polymer,,
4P6C,equibind,scored,0.02723,gnina v1.3.3 master:6fe1ce2   Built Jun 30 2026.,static_crystal_polymer,,
4P6C,diffdock,scored,0.80769,gnina v1.3.3 master:6fe1ce2   Built Jun 30 2026.,static_crystal_polymer,,
4P45,equibind,scored,0.0037,gnina v1.3.3 master:6fe1ce2   Built Jun 30 2026.,static_crystal_polymer,,
4P45,diffdock,scored,0.60996,gnina v1.3.3 master:6fe1ce2   Built Jun 30 2026.,static_crystal_polymer,,
4P4J,equibind,scored,0.19931,gnina v1.3.3 master:6fe1ce2   Built Jun 30 2026.,static_crystal_polymer,,
4P4J,diffdock,scored,0.83668,gnina v1.3.3 master:6fe1ce2   Built Jun 30 2026.,static_crystal_polymer,,
4PAX,equibind,scored,0.21284,gnina v1.3.3 master:6fe1ce2   Built Jun 30 2026.,static_crystal_polymer,,
4PAX,diffdock,scored,0.98228,gnina v1.3.3 master:6fe1ce2   Built Jun 30 2026.,static_crystal_polymer,,
4P90,equibind,scored,0.03426,gnina v1.3.3 master:6fe1ce2   Built Jun 30 2026.,static_crystal_polymer,,
4P90,diffdock,scored,0.04414,gnina v1.3.3 master:6fe1ce2   Built Jun 30 2026.,static_crystal_polymer,,
4PB1,equibind,scored,0.16177,gnina v1.3.3 master:6fe1ce2   Built Jun 30 2026.,static_crystal_polymer,,
4PB1,diffdock,scored,0.46442,gnina v1.3.3 master:6fe1ce2   Built Jun 30 2026.,static_crystal_polymer,,
4PCE,equibind,scored,0.45384,gnina v1.3.3 master:6fe1ce2   Built Jun 30 2026.,static_crystal_polymer,,
4PCE,diffdock,scored,0.93619,gnina v1.3.3 master:6fe1ce2   Built Jun 30 2026.,static_crystal_polymer,,
4ORY,equibind,scored,5e-05,gnina v1.3.3 master:6fe1ce2   Built Jun 30 2026.,static_crystal_polymer,,
4ORY,diffdock,scored,0.01144,gnina v1.3.3 master:6fe1ce2   Built Jun 30 2026.,static_crystal_polymer,,
4PCI,equibind,scored,0.37656,gnina v1.3.3 master:6fe1ce2   Built Jun 30 2026.,static_crystal_polymer,,
4PCI,diffdock,scored,0.67116,gnina v1.3.3 master:6fe1ce2   Built Jun 30 2026.,static_crystal_polymer,,
4OQ5,equibind,scored,0.0,gnina v1.3.3 master:6fe1ce2   Built Jun 30 2026.,static_crystal_polymer,,
4OQ5,diffdock,scored,0.08857,gnina v1.3.3 master:6fe1ce2   Built Jun 30 2026.,static_crystal_polymer,,
4PB2,equibind,scored,0.01069,gnina v1.3.3 master:6fe1ce2   Built Jun 30 2026.,static_crystal_polymer,,
4PB2,diffdock,scored,0.48542,gnina v1.3.3 master:6fe1ce2   Built Jun 30 2026.,static_crystal_polymer,,
4PD5,equibind,scored,0.00418,gnina v1.3.3 master:6fe1ce2   Built Jun 30 2026.,static_crystal_polymer,,
4PD5,diffdock,scored,0.36635,gnina v1.3.3 master:6fe1ce2   Built Jun 30 2026.,static_crystal_polymer,,
4P6G,equibind,scored,0.0006,gnina v1.3.3 master:6fe1ce2   Built Jun 30 2026.,static_crystal_polymer,,
4P6G,diffdock,scored,0.03554,gnina v1.3.3 master:6fe1ce2   Built Jun 30 2026.,static_crystal_polymer,,
4PD7,equibind,scored,0.01133,gnina v1.3.3 master:6fe1ce2   Built Jun 30 2026.,static_crystal_polymer,,
4PD7,diffdock,scored,0.19395,gnina v1.3.3 master:6fe1ce2   Built Jun 30 2026.,static_crystal_polymer,,
4PD6,equibind,scored,0.0007,gnina v1.3.3 master:6fe1ce2   Built Jun 30 2026.,static_crystal_polymer,,
4PD6,diffdock,scored,0.30069,gnina v1.3.3 master:6fe1ce2   Built Jun 30 2026.,static_crystal_polymer,,
4PD8,equibind,scored,0.00137,gnina v1.3.3 master:6fe1ce2   Built Jun 30 2026.,static_crystal_polymer,,
4PD8,diffdock,scored,0.53363,gnina v1.3.3 master:6fe1ce2   Built Jun 30 2026.,static_crystal_polymer,,
4PDA,equibind,scored,0.00056,gnina v1.3.3 master:6fe1ce2   Built Jun 30 2026.,static_crystal_polymer,,
4PDA,diffdock,scored,0.31732,gnina v1.3.3 master:6fe1ce2   Built Jun 30 2026.,static_crystal_polymer,,
4PF5,equibind,scored,5e-05,gnina v1.3.3 master:6fe1ce2   Built Jun 30 2026.,static_crystal_polymer,,
4PF5,diffdock,scored,0.3528,gnina v1.3.3 master:6fe1ce2   Built Jun 30 2026.,static_crystal_polymer,,
4P6X,equibind,scored,7e-05,gnina v1.3.3 master:6fe1ce2   Built Jun 30 2026.,static_crystal_polymer,,
4P6X,diffdock,scored,0.89432,gnina v1.3.3 master:6fe1ce2   Built Jun 30 2026.,static_crystal_polymer,,
4PH4,equibind,scored,0.3834,gnina v1.3.3 master:6fe1ce2   Built Jun 30 2026.,static_crystal_polymer,,
4PH4,diffdock,scored,0.92581,gnina v1.3.3 master:6fe1ce2   Built Jun 30 2026.,static_crystal_polymer,,
4PHU,equibind,scored,0.00792,gnina v1.3.3 master:6fe1ce2   Built Jun 30 2026.,static_crystal_polymer,,
4PHU,diffdock,scored,0.62344,gnina v1.3.3 master:6fe1ce2   Built Jun 30 2026.,static_crystal_polymer,,
4PID,equibind,scored,0.012,gnina v1.3.3 master:6fe1ce2   Built Jun 30 2026.,static_crystal_polymer,,
4PID,diffdock,scored,0.70227,gnina v1.3.3 master:6fe1ce2   Built Jun 30 2026.,static_crystal_polymer,,
4P73,equibind,scored,0.03059,gnina v1.3.3 master:6fe1ce2   Built Jun 30 2026.,static_crystal_polymer,,
4P73,diffdock,scored,0.76595,gnina v1.3.3 master:6fe1ce2   Built Jun 30 2026.,static_crystal_polymer,,
4P74,equibind,scored,0.00042,gnina v1.3.3 master:6fe1ce2   Built Jun 30 2026.,static_crystal_polymer,,
4P74,diffdock,scored,0.26481,gnina v1.3.3 master:6fe1ce2   Built Jun 30 2026.,static_crystal_polymer,,
4P75,equibind,scored,0.00181,gnina v1.3.3 master:6fe1ce2   Built Jun 30 2026.,static_crystal_polymer,,
4P75,diffdock,scored,0.97649,gnina v1.3.3 master:6fe1ce2   Built Jun 30 2026.,static_crystal_polymer,,
4PHV,equibind,scored,0.00055,gnina v1.3.3 master:6fe1ce2   Built Jun 30 2026.,static_crystal_polymer,,
4PHV,diffdock,scored,0.89034,gnina v1.3.3 master:6fe1ce2   Built Jun 30 2026.,static_crystal_polymer,,
4PIQ,equibind,scored,1e-05,gnina v1.3.3 master:6fe1ce2   Built Jun 30 2026.,static_crystal_polymer,,
4PIQ,diffdock,scored,0.35083,gnina v1.3.3 master:6fe1ce2   Built Jun 30 2026.,static_crystal_polymer,,
4PHW,equibind,scored,0.0014,gnina v1.3.3 master:6fe1ce2   Built Jun 30 2026.,static_crystal_polymer,,
4PHW,diffdock,scored,0.85243,gnina v1.3.3 master:6fe1ce2   Built Jun 30 2026.,static_crystal_polymer,,
4PCT,equibind,scored,0.37811,gnina v1.3.3 master:6fe1ce2   Built Jun 30 2026.,static_crystal_polymer,,
4PCT,diffdock,scored,0.93185,gnina v1.3.3 master:6fe1ce2   Built Jun 30 2026.,static_crystal_polymer,,
4PCS,equibind,scored,0.00372,gnina v1.3.3 master:6fe1ce2   Built Jun 30 2026.,static_crystal_polymer,,
4PCS,diffdock,scored,0.87419,gnina v1.3.3 master:6fe1ce2   Built Jun 30 2026.,static_crystal_polymer,,
4PIO,equibind,scored,0.01235,gnina v1.3.3 master:6fe1ce2   Built Jun 30 2026.,static_crystal_polymer,,
4PIO,diffdock,scored,0.86096,gnina v1.3.3 master:6fe1ce2   Built Jun 30 2026.,static_crystal_polymer,,
4PKR,equibind,scored,0.0668,gnina v1.3.3 master:6fe1ce2   Built Jun 30 2026.,static_crystal_polymer,,
4PKR,diffdock,scored,0.64127,gnina v1.3.3 master:6fe1ce2   Built Jun 30 2026.,static_crystal_polymer,,
4PKS,equibind,scored,0.00644,gnina v1.3.3 master:6fe1ce2   Built Jun 30 2026.,static_crystal_polymer,,
4PKS,diffdock,scored,0.74827,gnina v1.3.3 master:6fe1ce2   Built Jun 30 2026.,static_crystal_polymer,,
4PNC,equibind,scored,0.37673,gnina v1.3.3 master:6fe1ce2   Built Jun 30 2026.,static_crystal_polymer,,
4PNC,diffdock,scored,0.50854,gnina v1.3.3 master:6fe1ce2   Built Jun 30 2026.,static_crystal_polymer,,
4PIN,equibind,scored,0.00091,gnina v1.3.3 master:6fe1ce2   Built Jun 30 2026.,static_crystal_polymer,,
4PIN,diffdock,scored,0.89304,gnina v1.3.3 master:6fe1ce2   Built Jun 30 2026.,static_crystal_polymer,,
4PMM,equibind,scored,0.33653,gnina v1.3.3 master:6fe1ce2   Built Jun 30 2026.,static_crystal_polymer,,
4PMM,diffdock,scored,0.30773,gnina v1.3.3 master:6fe1ce2   Built Jun 30 2026.,static_crystal_polymer,,
4PGH,equibind,scored,0.30181,gnina v1.3.3 master:6fe1ce2   Built Jun 30 2026.,static_crystal_polymer,,
4PGH,diffdock,scored,0.43055,gnina v1.3.3 master:6fe1ce2   Built Jun 30 2026.,static_crystal_polymer,,
4PNI,equibind,scored,0.40673,gnina v1.3.3 master:6fe1ce2   Built Jun 30 2026.,static_crystal_polymer,,
4PNI,diffdock,scored,0.60109,gnina v1.3.3 master:6fe1ce2   Built Jun 30 2026.,static_crystal_polymer,,
4PL3,equibind,scored,0.41421,gnina v1.3.3 master:6fe1ce2   Built Jun 30 2026.,static_crystal_polymer,,
4PL3,diffdock,scored,0.60769,gnina v1.3.3 master:6fe1ce2   Built Jun 30 2026.,static_crystal_polymer,,
4PNL,equibind,scored,0.0002,gnina v1.3.3 master:6fe1ce2   Built Jun 30 2026.,static_crystal_polymer,,
4PNL,diffdock,scored,0.68655,gnina v1.3.3 master:6fe1ce2   Built Jun 30 2026.,static_crystal_polymer,,
4PNM,equibind,scored,0.02002,gnina v1.3.3 master:6fe1ce2   Built Jun 30 2026.,static_crystal_polymer,,
4PNM,diffdock,scored,0.87982,gnina v1.3.3 master:6fe1ce2   Built Jun 30 2026.,static_crystal_polymer,,
4POH,equibind,scored,0.69654,gnina v1.3.3 master:6fe1ce2   Built Jun 30 2026.,static_crystal_polymer,,
4POH,diffdock,scored,0.80495,gnina v1.3.3 master:6fe1ce2   Built Jun 30 2026.,static_crystal_polymer,,
4PNN,equibind,scored,0.20202,gnina v1.3.3 master:6fe1ce2   Built Jun 30 2026.,static_crystal_polymer,,
4PNN,diffdock,scored,0.9816,gnina v1.3.3 master:6fe1ce2   Built Jun 30 2026.,static_crystal_polymer,,
4PNQ,equibind,scored,0.00641,gnina v1.3.3 master:6fe1ce2   Built Jun 30 2026.,static_crystal_polymer,,
4PNQ,diffdock,scored,0.98022,gnina v1.3.3 master:6fe1ce2   Built Jun 30 2026.,static_crystal_polymer,,
4PL0,equibind,scored,0.0003,gnina v1.3.3 master:6fe1ce2   Built Jun 30 2026.,static_crystal_polymer,,
4PL0,diffdock,scored,0.76158,gnina v1.3.3 master:6fe1ce2   Built Jun 30 2026.,static_crystal_polymer,,
4PEE,equibind,scored,0.44612,gnina v1.3.3 master:6fe1ce2   Built Jun 30 2026.,static_crystal_polymer,,
4PEE,diffdock,scored,0.97131,gnina v1.3.3 master:6fe1ce2   Built Jun 30 2026.,static_crystal_polymer,,
4PP5,equibind,scored,0.57801,gnina v1.3.3 master:6fe1ce2   Built Jun 30 2026.,static_crystal_polymer,,
4PP5,diffdock,scored,0.92185,gnina v1.3.3 master:6fe1ce2   Built Jun 30 2026.,static_crystal_polymer,,
4PNR,equibind,scored,0.02502,gnina v1.3.3 master:6fe1ce2   Built Jun 30 2026.,static_crystal_polymer,,
4PNR,diffdock,scored,0.92782,gnina v1.3.3 master:6fe1ce2   Built Jun 30 2026.,static_crystal_polymer,,
4PQA,equibind,scored,0.02718,gnina v1.3.3 master:6fe1ce2   Built Jun 30 2026.,static_crystal_polymer,,
4PQA,diffdock,scored,0.65481,gnina v1.3.3 master:6fe1ce2   Built Jun 30 2026.,static_crystal_polymer,,
4POP,equibind,scored,0.08677,gnina v1.3.3 master:6fe1ce2   Built Jun 30 2026.,static_crystal_polymer,,
4POP,diffdock,scored,0.76576,gnina v1.3.3 master:6fe1ce2   Built Jun 30 2026.,static_crystal_polymer,,
4PSB,equibind,scored,0.20559,gnina v1.3.3 master:6fe1ce2   Built Jun 30 2026.,static_crystal_polymer,,
4PSB,diffdock,scored,0.2141,gnina v1.3.3 master:6fe1ce2   Built Jun 30 2026.,static_crystal_polymer,,
4PNS,equibind,scored,0.00086,gnina v1.3.3 master:6fe1ce2   Built Jun 30 2026.,static_crystal_polymer,,
4PNS,diffdock,scored,0.93229,gnina v1.3.3 master:6fe1ce2   Built Jun 30 2026.,static_crystal_polymer,,
4PDK,equibind,scored,1e-05,gnina v1.3.3 master:6fe1ce2   Built Jun 30 2026.,static_crystal_polymer,,
4PDK,diffdock,scored,0.56123,gnina v1.3.3 master:6fe1ce2   Built Jun 30 2026.,static_crystal_polymer,,
4PQN,equibind,scored,0.50484,gnina v1.3.3 master:6fe1ce2   Built Jun 30 2026.,static_crystal_polymer,,
4PQN,diffdock,scored,0.2273,gnina v1.3.3 master:6fe1ce2   Built Jun 30 2026.,static_crystal_polymer,,
4PP9,equibind,scored,0.00097,gnina v1.3.3 master:6fe1ce2   Built Jun 30 2026.,static_crystal_polymer,,
4PP9,diffdock,scored,0.30061,gnina v1.3.3 master:6fe1ce2   Built Jun 30 2026.,static_crystal_polymer,,
4PNT,equibind,scored,0.01289,gnina v1.3.3 master:6fe1ce2   Built Jun 30 2026.,static_crystal_polymer,,
4PNT,diffdock,scored,0.96081,gnina v1.3.3 master:6fe1ce2   Built Jun 30 2026.,static_crystal_polymer,,
4PSQ,equibind,scored,0.00418,gnina v1.3.3 master:6fe1ce2   Built Jun 30 2026.,static_crystal_polymer,,
4PSQ,diffdock,scored,0.18084,gnina v1.3.3 master:6fe1ce2   Built Jun 30 2026.,static_crystal_polymer,,
4PSH,equibind,scored,0.02361,gnina v1.3.3 master:6fe1ce2   Built Jun 30 2026.,static_crystal_polymer,,
4PSH,diffdock,scored,0.14628,gnina v1.3.3 master:6fe1ce2   Built Jun 30 2026.,static_crystal_polymer,,
4PV5,equibind,scored,0.02017,gnina v1.3.3 master:6fe1ce2   Built Jun 30 2026.,static_crystal_polymer,,
4PV5,diffdock,scored,0.21086,gnina v1.3.3 master:6fe1ce2   Built Jun 30 2026.,static_crystal_polymer,,
4PY1,equibind,scored,0.49354,gnina v1.3.3 master:6fe1ce2   Built Jun 30 2026.,static_crystal_polymer,,
4PY1,diffdock,scored,0.9369,gnina v1.3.3 master:6fe1ce2   Built Jun 30 2026.,static_crystal_polymer,,
4PVO,equibind,scored,0.00114,gnina v1.3.3 master:6fe1ce2   Built Jun 30 2026.,static_crystal_polymer,,
4PVO,diffdock,scored,0.41921,gnina v1.3.3 master:6fe1ce2   Built Jun 30 2026.,static_crystal_polymer,,
4PX6,equibind,scored,0.35721,gnina v1.3.3 master:6fe1ce2   Built Jun 30 2026.,static_crystal_polymer,,
4PX6,diffdock,scored,0.96771,gnina v1.3.3 master:6fe1ce2   Built Jun 30 2026.,static_crystal_polymer,,
4PVT,equibind,scored,0.01763,gnina v1.3.3 master:6fe1ce2   Built Jun 30 2026.,static_crystal_polymer,,
4PVT,diffdock,scored,0.68863,gnina v1.3.3 master:6fe1ce2   Built Jun 30 2026.,static_crystal_polymer,,
4PTC,equibind,scored,0.16973,gnina v1.3.3 master:6fe1ce2   Built Jun 30 2026.,static_crystal_polymer,,
4PTC,diffdock,scored,0.44772,gnina v1.3.3 master:6fe1ce2   Built Jun 30 2026.,static_crystal_polymer,,
4PTE,equibind,scored,0.02365,gnina v1.3.3 master:6fe1ce2   Built Jun 30 2026.,static_crystal_polymer,,
4PTE,diffdock,scored,0.68279,gnina v1.3.3 master:6fe1ce2   Built Jun 30 2026.,static_crystal_polymer,,
4PXM,equibind,scored,0.00058,gnina v1.3.3 master:6fe1ce2   Built Jun 30 2026.,static_crystal_polymer,,
4PXM,diffdock,scored,0.91749,gnina v1.3.3 master:6fe1ce2   Built Jun 30 2026.,static_crystal_polymer,,
4PY4,equibind,scored,0.00021,gnina v1.3.3 master:6fe1ce2   Built Jun 30 2026.,static_crystal_polymer,,
4PY4,diffdock,scored,0.18933,gnina v1.3.3 master:6fe1ce2   Built Jun 30 2026.,static_crystal_polymer,,
4PYX,equibind,scored,0.31856,gnina v1.3.3 master:6fe1ce2   Built Jun 30 2026.,static_crystal_polymer,,
4PYX,diffdock,scored,0.22237,gnina v1.3.3 master:6fe1ce2   Built Jun 30 2026.,static_crystal_polymer,,
4PYY,equibind,scored,0.01937,gnina v1.3.3 master:6fe1ce2   Built Jun 30 2026.,static_crystal_polymer,,
4PYY,diffdock,scored,0.42031,gnina v1.3.3 master:6fe1ce2   Built Jun 30 2026.,static_crystal_polymer,,
4PYO,equibind,scored,0.00017,gnina v1.3.3 master:6fe1ce2   Built Jun 30 2026.,static_crystal_polymer,,
4PYO,diffdock,scored,0.75322,gnina v1.3.3 master:6fe1ce2   Built Jun 30 2026.,static_crystal_polymer,,
4PZH,equibind,scored,0.51671,gnina v1.3.3 master:6fe1ce2   Built Jun 30 2026.,static_crystal_polymer,,
4PZH,diffdock,scored,0.96045,gnina v1.3.3 master:6fe1ce2   Built Jun 30 2026.,static_crystal_polymer,,
4Q06,equibind,scored,0.05655,gnina v1.3.3 master:6fe1ce2   Built Jun 30 2026.,static_crystal_polymer,,
4Q06,diffdock,scored,0.71556,gnina v1.3.3 master:6fe1ce2   Built Jun 30 2026.,static_crystal_polymer,,
4Q08,equibind,scored,0.17095,gnina v1.3.3 master:6fe1ce2   Built Jun 30 2026.,static_crystal_polymer,,
4Q08,diffdock,scored,0.72603,gnina v1.3.3 master:6fe1ce2   Built Jun 30 2026.,static_crystal_polymer,,
4Q0K,equibind,scored,0.06047,gnina v1.3.3 master:6fe1ce2   Built Jun 30 2026.,static_crystal_polymer,,
4Q0K,diffdock,scored,0.28348,gnina v1.3.3 master:6fe1ce2   Built Jun 30 2026.,static_crystal_polymer,,
4Q09,equibind,scored,0.25675,gnina v1.3.3 master:6fe1ce2   Built Jun 30 2026.,static_crystal_polymer,,
4Q09,diffdock,scored,0.84993,gnina v1.3.3 master:6fe1ce2   Built Jun 30 2026.,static_crystal_polymer,,
4Q07,equibind,scored,0.21477,gnina v1.3.3 master:6fe1ce2   Built Jun 30 2026.,static_crystal_polymer,,
4Q07,diffdock,scored,0.36631,gnina v1.3.3 master:6fe1ce2   Built Jun 30 2026.,static_crystal_polymer,,
4Q0A,equibind,scored,0.18824,gnina v1.3.3 master:6fe1ce2   Built Jun 30 2026.,static_crystal_polymer,,
4Q0A,diffdock,scored,0.55598,gnina v1.3.3 master:6fe1ce2   Built Jun 30 2026.,static_crystal_polymer,,
4PYV,equibind,scored,2e-05,gnina v1.3.3 master:6fe1ce2   Built Jun 30 2026.,static_crystal_polymer,,
4PYV,diffdock,scored,0.50085,gnina v1.3.3 master:6fe1ce2   Built Jun 30 2026.,static_crystal_polymer,,
4Q1A,equibind,scored,1e-05,gnina v1.3.3 master:6fe1ce2   Built Jun 30 2026.,static_crystal_polymer,,
4Q1A,diffdock,scored,0.36405,gnina v1.3.3 master:6fe1ce2   Built Jun 30 2026.,static_crystal_polymer,,
4Q1B,equibind,scored,0.00996,gnina v1.3.3 master:6fe1ce2   Built Jun 30 2026.,static_crystal_polymer,,
4Q1B,diffdock,scored,0.66162,gnina v1.3.3 master:6fe1ce2   Built Jun 30 2026.,static_crystal_polymer,,
4Q1F,equibind,scored,1e-05,gnina v1.3.3 master:6fe1ce2   Built Jun 30 2026.,static_crystal_polymer,,
4Q1F,diffdock,scored,0.73407,gnina v1.3.3 master:6fe1ce2   Built Jun 30 2026.,static_crystal_polymer,,
4Q18,equibind,scored,0.00034,gnina v1.3.3 master:6fe1ce2   Built Jun 30 2026.,static_crystal_polymer,,
4Q18,diffdock,scored,0.84835,gnina v1.3.3 master:6fe1ce2   Built Jun 30 2026.,static_crystal_polymer,,
4Q15,equibind,scored,0.00308,gnina v1.3.3 master:6fe1ce2   Built Jun 30 2026.,static_crystal_polymer,,
4Q15,diffdock,scored,0.91801,gnina v1.3.3 master:6fe1ce2   Built Jun 30 2026.,static_crystal_polymer,,
4Q4O,equibind,scored,0.41328,gnina v1.3.3 master:6fe1ce2   Built Jun 30 2026.,static_crystal_polymer,,
4Q4O,diffdock,scored,0.66803,gnina v1.3.3 master:6fe1ce2   Built Jun 30 2026.,static_crystal_polymer,,
4Q1N,equibind,scored,0.01787,gnina v1.3.3 master:6fe1ce2   Built Jun 30 2026.,static_crystal_polymer,,
4Q1N,diffdock,scored,0.5249,gnina v1.3.3 master:6fe1ce2   Built Jun 30 2026.,static_crystal_polymer,,
4Q4P,equibind,scored,0.02552,gnina v1.3.3 master:6fe1ce2   Built Jun 30 2026.,static_crystal_polymer,,
4Q4P,diffdock,scored,0.92316,gnina v1.3.3 master:6fe1ce2   Built Jun 30 2026.,static_crystal_polymer,,
4PY2,equibind,scored,0.60565,gnina v1.3.3 master:6fe1ce2   Built Jun 30 2026.,static_crystal_polymer,,
4PY2,diffdock,scored,0.97963,gnina v1.3.3 master:6fe1ce2   Built Jun 30 2026.,static_crystal_polymer,,
4Q46,equibind,scored,0.00046,gnina v1.3.3 master:6fe1ce2   Built Jun 30 2026.,static_crystal_polymer,,
4Q46,diffdock,scored,0.64615,gnina v1.3.3 master:6fe1ce2   Built Jun 30 2026.,static_crystal_polymer,,
4Q4Q,equibind,scored,0.41461,gnina v1.3.3 master:6fe1ce2   Built Jun 30 2026.,static_crystal_polymer,,
4Q4Q,diffdock,scored,0.89185,gnina v1.3.3 master:6fe1ce2   Built Jun 30 2026.,static_crystal_polymer,,
4Q4R,equibind,scored,0.45415,gnina v1.3.3 master:6fe1ce2   Built Jun 30 2026.,static_crystal_polymer,,
4Q4R,diffdock,scored,0.84958,gnina v1.3.3 master:6fe1ce2   Built Jun 30 2026.,static_crystal_polymer,,
4Q6D,equibind,scored,0.33001,gnina v1.3.3 master:6fe1ce2   Built Jun 30 2026.,static_crystal_polymer,,
4Q6D,diffdock,scored,0.90932,gnina v1.3.3 master:6fe1ce2   Built Jun 30 2026.,static_crystal_polymer,,
4Q7P,equibind,scored,0.2118,gnina v1.3.3 master:6fe1ce2   Built Jun 30 2026.,static_crystal_polymer,,
4Q7P,diffdock,scored,0.89605,gnina v1.3.3 master:6fe1ce2   Built Jun 30 2026.,static_crystal_polymer,,
4Q0L,equibind,scored,0.0002,gnina v1.3.3 master:6fe1ce2   Built Jun 30 2026.,static_crystal_polymer,,
4Q0L,diffdock,scored,0.93402,gnina v1.3.3 master:6fe1ce2   Built Jun 30 2026.,static_crystal_polymer,,
4Q7S,equibind,scored,0.20947,gnina v1.3.3 master:6fe1ce2   Built Jun 30 2026.,static_crystal_polymer,,
4Q7S,diffdock,scored,0.72758,gnina v1.3.3 master:6fe1ce2   Built Jun 30 2026.,static_crystal_polymer,,
4Q7V,equibind,scored,0.49594,gnina v1.3.3 master:6fe1ce2   Built Jun 30 2026.,static_crystal_polymer,,
4Q7V,diffdock,scored,0.84969,gnina v1.3.3 master:6fe1ce2   Built Jun 30 2026.,static_crystal_polymer,,
4Q7W,equibind,scored,0.34433,gnina v1.3.3 master:6fe1ce2   Built Jun 30 2026.,static_crystal_polymer,,
4Q7W,diffdock,scored,0.59994,gnina v1.3.3 master:6fe1ce2   Built Jun 30 2026.,static_crystal_polymer,,
4Q4E,equibind,scored,0.01267,gnina v1.3.3 master:6fe1ce2   Built Jun 30 2026.,static_crystal_polymer,,
4Q4E,diffdock,scored,0.34838,gnina v1.3.3 master:6fe1ce2   Built Jun 30 2026.,static_crystal_polymer,,
4Q81,equibind,scored,0.08901,gnina v1.3.3 master:6fe1ce2   Built Jun 30 2026.,static_crystal_polymer,,
4Q81,diffdock,scored,0.89151,gnina v1.3.3 master:6fe1ce2   Built Jun 30 2026.,static_crystal_polymer,,
4Q83,equibind,scored,0.6133,gnina v1.3.3 master:6fe1ce2   Built Jun 30 2026.,static_crystal_polymer,,
4Q83,diffdock,scored,0.96406,gnina v1.3.3 master:6fe1ce2   Built Jun 30 2026.,static_crystal_polymer,,
4Q8X,equibind,scored,0.57924,gnina v1.3.3 master:6fe1ce2   Built Jun 30 2026.,static_crystal_polymer,,
4Q8X,diffdock,scored,0.80672,gnina v1.3.3 master:6fe1ce2   Built Jun 30 2026.,static_crystal_polymer,,
4Q87,equibind,scored,0.77266,gnina v1.3.3 master:6fe1ce2   Built Jun 30 2026.,static_crystal_polymer,,
4Q87,diffdock,scored,0.9717,gnina v1.3.3 master:6fe1ce2   Built Jun 30 2026.,static_crystal_polymer,,
4Q8Y,equibind,scored,0.24045,gnina v1.3.3 master:6fe1ce2   Built Jun 30 2026.,static_crystal_polymer,,
4Q8Y,diffdock,scored,0.97415,gnina v1.3.3 master:6fe1ce2   Built Jun 30 2026.,static_crystal_polymer,,
4Q90,equibind,scored,0.33579,gnina v1.3.3 master:6fe1ce2   Built Jun 30 2026.,static_crystal_polymer,,
4Q90,diffdock,scored,0.76558,gnina v1.3.3 master:6fe1ce2   Built Jun 30 2026.,static_crystal_polymer,,
4Q99,equibind,scored,0.21599,gnina v1.3.3 master:6fe1ce2   Built Jun 30 2026.,static_crystal_polymer,,
4Q99,diffdock,scored,0.74091,gnina v1.3.3 master:6fe1ce2   Built Jun 30 2026.,static_crystal_polymer,,
4Q93,equibind,scored,0.00698,gnina v1.3.3 master:6fe1ce2   Built Jun 30 2026.,static_crystal_polymer,,
4Q93,diffdock,scored,0.79673,gnina v1.3.3 master:6fe1ce2   Built Jun 30 2026.,static_crystal_polymer,,
4Q9S,equibind,scored,0.71921,gnina v1.3.3 master:6fe1ce2   Built Jun 30 2026.,static_crystal_polymer,,
4Q9S,diffdock,scored,0.89991,gnina v1.3.3 master:6fe1ce2   Built Jun 30 2026.,static_crystal_polymer,,
4Q9Y,equibind,scored,0.73842,gnina v1.3.3 master:6fe1ce2   Built Jun 30 2026.,static_crystal_polymer,,
4Q9Y,diffdock,scored,0.85466,gnina v1.3.3 master:6fe1ce2   Built Jun 30 2026.,static_crystal_polymer,,
4QB3,equibind,scored,0.01326,gnina v1.3.3 master:6fe1ce2   Built Jun 30 2026.,static_crystal_polymer,,
4QB3,diffdock,scored,0.90466,gnina v1.3.3 master:6fe1ce2   Built Jun 30 2026.,static_crystal_polymer,,
4QEM,equibind,scored,0.71878,gnina v1.3.3 master:6fe1ce2   Built Jun 30 2026.,static_crystal_polymer,,
4QEM,diffdock,scored,0.80792,gnina v1.3.3 master:6fe1ce2   Built Jun 30 2026.,static_crystal_polymer,,
4QAG,equibind,scored,0.87174,gnina v1.3.3 master:6fe1ce2   Built Jun 30 2026.,static_crystal_polymer,,
4QAG,diffdock,scored,0.73467,gnina v1.3.3 master:6fe1ce2   Built Jun 30 2026.,static_crystal_polymer,,
4QF8,equibind,scored,0.22339,gnina v1.3.3 master:6fe1ce2   Built Jun 30 2026.,static_crystal_polymer,,
4QF8,diffdock,scored,0.75418,gnina v1.3.3 master:6fe1ce2   Built Jun 30 2026.,static_crystal_polymer,,
4Q9M,equibind,scored,0.19455,gnina v1.3.3 master:6fe1ce2   Built Jun 30 2026.,static_crystal_polymer,,
4Q9M,diffdock,scored,0.72506,gnina v1.3.3 master:6fe1ce2   Built Jun 30 2026.,static_crystal_polymer,,
4QER,equibind,scored,0.69334,gnina v1.3.3 master:6fe1ce2   Built Jun 30 2026.,static_crystal_polymer,,
4QER,diffdock,scored,0.81105,gnina v1.3.3 master:6fe1ce2   Built Jun 30 2026.,static_crystal_polymer,,
4Q9O,equibind,scored,0.19268,gnina v1.3.3 master:6fe1ce2   Built Jun 30 2026.,static_crystal_polymer,,
4Q9O,diffdock,scored,0.57981,gnina v1.3.3 master:6fe1ce2   Built Jun 30 2026.,static_crystal_polymer,,
4QGD,equibind,scored,0.43777,gnina v1.3.3 master:6fe1ce2   Built Jun 30 2026.,static_crystal_polymer,,
4QGD,diffdock,scored,0.25288,gnina v1.3.3 master:6fe1ce2   Built Jun 30 2026.,static_crystal_polymer,,
4QHC,equibind,scored,0.03888,gnina v1.3.3 master:6fe1ce2   Built Jun 30 2026.,static_crystal_polymer,,
4QHC,diffdock,scored,0.06782,gnina v1.3.3 master:6fe1ce2   Built Jun 30 2026.,static_crystal_polymer,,
4QGG,equibind,scored,0.16869,gnina v1.3.3 master:6fe1ce2   Built Jun 30 2026.,static_crystal_polymer,,
4QGG,diffdock,scored,0.23172,gnina v1.3.3 master:6fe1ce2   Built Jun 30 2026.,static_crystal_polymer,,
4QGI,equibind,scored,0.00015,gnina v1.3.3 master:6fe1ce2   Built Jun 30 2026.,static_crystal_polymer,,
4QGI,diffdock,scored,0.41114,gnina v1.3.3 master:6fe1ce2   Built Jun 30 2026.,static_crystal_polymer,,
4Q9Z,equibind,scored,0.00024,gnina v1.3.3 master:6fe1ce2   Built Jun 30 2026.,static_crystal_polymer,,
4Q9Z,diffdock,scored,0.8632,gnina v1.3.3 master:6fe1ce2   Built Jun 30 2026.,static_crystal_polymer,,
4QGH,equibind,scored,0.00345,gnina v1.3.3 master:6fe1ce2   Built Jun 30 2026.,static_crystal_polymer,,
4QGH,diffdock,scored,0.78606,gnina v1.3.3 master:6fe1ce2   Built Jun 30 2026.,static_crystal_polymer,,
4QIP,equibind,scored,0.01282,gnina v1.3.3 master:6fe1ce2   Built Jun 30 2026.,static_crystal_polymer,,
4QIP,diffdock,scored,0.78501,gnina v1.3.3 master:6fe1ce2   Built Jun 30 2026.,static_crystal_polymer,,
4QFS,equibind,scored,0.00671,gnina v1.3.3 master:6fe1ce2   Built Jun 30 2026.,static_crystal_polymer,,
4QFS,diffdock,scored,0.48357,gnina v1.3.3 master:6fe1ce2   Built Jun 30 2026.,static_crystal_polymer,,
4QFG,equibind,scored,0.06026,gnina v1.3.3 master:6fe1ce2   Built Jun 30 2026.,static_crystal_polymer,,
4QFG,diffdock,scored,0.81308,gnina v1.3.3 master:6fe1ce2   Built Jun 30 2026.,static_crystal_polymer,,
4QIZ,equibind,scored,0.0,gnina v1.3.3 master:6fe1ce2   Built Jun 30 2026.,static_crystal_polymer,,
4QIZ,diffdock,scored,0.67173,gnina v1.3.3 master:6fe1ce2   Built Jun 30 2026.,static_crystal_polymer,,
4QIR,equibind,scored,0.00419,gnina v1.3.3 master:6fe1ce2   Built Jun 30 2026.,static_crystal_polymer,,
4QIR,diffdock,scored,0.52678,gnina v1.3.3 master:6fe1ce2   Built Jun 30 2026.,static_crystal_polymer,,
4QJM,equibind,scored,0.17388,gnina v1.3.3 master:6fe1ce2   Built Jun 30 2026.,static_crystal_polymer,,
4QJM,diffdock,scored,0.59643,gnina v1.3.3 master:6fe1ce2   Built Jun 30 2026.,static_crystal_polymer,,
4QJX,equibind,scored,0.62318,gnina v1.3.3 master:6fe1ce2   Built Jun 30 2026.,static_crystal_polymer,,
4QJX,diffdock,scored,0.5207,gnina v1.3.3 master:6fe1ce2   Built Jun 30 2026.,static_crystal_polymer,,
4QJ0,equibind,scored,0.03792,gnina v1.3.3 master:6fe1ce2   Built Jun 30 2026.,static_crystal_polymer,,
4QJ0,diffdock,scored,0.37196,gnina v1.3.3 master:6fe1ce2   Built Jun 30 2026.,static_crystal_polymer,,
4QIY,equibind,scored,0.00094,gnina v1.3.3 master:6fe1ce2   Built Jun 30 2026.,static_crystal_polymer,,
4QIY,diffdock,scored,0.80678,gnina v1.3.3 master:6fe1ce2   Built Jun 30 2026.,static_crystal_polymer,,
4QK4,equibind,scored,0.0,gnina v1.3.3 master:6fe1ce2   Built Jun 30 2026.,static_crystal_polymer,,
4QK4,diffdock,scored,0.20333,gnina v1.3.3 master:6fe1ce2   Built Jun 30 2026.,static_crystal_polymer,,
4QL8,equibind,scored,0.7208,gnina v1.3.3 master:6fe1ce2   Built Jun 30 2026.,static_crystal_polymer,,
4QL8,diffdock,scored,0.83695,gnina v1.3.3 master:6fe1ce2   Built Jun 30 2026.,static_crystal_polymer,,
4QKD,equibind,scored,0.90746,gnina v1.3.3 master:6fe1ce2   Built Jun 30 2026.,static_crystal_polymer,,
4QKD,diffdock,scored,0.32998,gnina v1.3.3 master:6fe1ce2   Built Jun 30 2026.,static_crystal_polymer,,
4QJW,equibind,scored,0.00029,gnina v1.3.3 master:6fe1ce2   Built Jun 30 2026.,static_crystal_polymer,,
4QJW,diffdock,scored,0.96185,gnina v1.3.3 master:6fe1ce2   Built Jun 30 2026.,static_crystal_polymer,,
4QJO,equibind,scored,0.00087,gnina v1.3.3 master:6fe1ce2   Built Jun 30 2026.,static_crystal_polymer,,
4QJO,diffdock,scored,0.89406,gnina v1.3.3 master:6fe1ce2   Built Jun 30 2026.,static_crystal_polymer,,
4QKX,equibind,scored,2e-05,gnina v1.3.3 master:6fe1ce2   Built Jun 30 2026.,static_crystal_polymer,,
4QKX,diffdock,scored,0.74832,gnina v1.3.3 master:6fe1ce2   Built Jun 30 2026.,static_crystal_polymer,,
4QMM,equibind,scored,0.66475,gnina v1.3.3 master:6fe1ce2   Built Jun 30 2026.,static_crystal_polymer,,
4QMM,diffdock,scored,0.7017,gnina v1.3.3 master:6fe1ce2   Built Jun 30 2026.,static_crystal_polymer,,
4QMN,equibind,scored,0.24984,gnina v1.3.3 master:6fe1ce2   Built Jun 30 2026.,static_crystal_polymer,,
4QMN,diffdock,scored,0.14286,gnina v1.3.3 master:6fe1ce2   Built Jun 30 2026.,static_crystal_polymer,,
4QME,equibind,scored,0.06537,gnina v1.3.3 master:6fe1ce2   Built Jun 30 2026.,static_crystal_polymer,,
4QME,diffdock,scored,0.70163,gnina v1.3.3 master:6fe1ce2   Built Jun 30 2026.,static_crystal_polymer,,
4QMQ,equibind,scored,0.25966,gnina v1.3.3 master:6fe1ce2   Built Jun 30 2026.,static_crystal_polymer,,
4QMQ,diffdock,scored,0.8989,gnina v1.3.3 master:6fe1ce2   Built Jun 30 2026.,static_crystal_polymer,,
4QMS,equibind,scored,0.25458,gnina v1.3.3 master:6fe1ce2   Built Jun 30 2026.,static_crystal_polymer,,
4QMS,diffdock,scored,0.43615,gnina v1.3.3 master:6fe1ce2   Built Jun 30 2026.,static_crystal_polymer,,
4QMX,equibind,scored,0.56385,gnina v1.3.3 master:6fe1ce2   Built Jun 30 2026.,static_crystal_polymer,,
4QMX,diffdock,scored,0.63747,gnina v1.3.3 master:6fe1ce2   Built Jun 30 2026.,static_crystal_polymer,,
4QHT,equibind,scored,0.15891,gnina v1.3.3 master:6fe1ce2   Built Jun 30 2026.,static_crystal_polymer,,
4QHT,diffdock,scored,0.94513,gnina v1.3.3 master:6fe1ce2   Built Jun 30 2026.,static_crystal_polymer,,
4QMZ,equibind,scored,0.33999,gnina v1.3.3 master:6fe1ce2   Built Jun 30 2026.,static_crystal_polymer,,
4QMZ,diffdock,scored,0.87936,gnina v1.3.3 master:6fe1ce2   Built Jun 30 2026.,static_crystal_polymer,,
4QAA,equibind,scored,0.62853,gnina v1.3.3 master:6fe1ce2   Built Jun 30 2026.,static_crystal_polymer,,
4QAA,diffdock,scored,0.70314,gnina v1.3.3 master:6fe1ce2   Built Jun 30 2026.,static_crystal_polymer,,
4QN7,equibind,scored,0.06458,gnina v1.3.3 master:6fe1ce2   Built Jun 30 2026.,static_crystal_polymer,,
4QN7,diffdock,scored,0.90882,gnina v1.3.3 master:6fe1ce2   Built Jun 30 2026.,static_crystal_polymer,,
4QO4,equibind,scored,0.03585,gnina v1.3.3 master:6fe1ce2   Built Jun 30 2026.,static_crystal_polymer,,
4QO4,diffdock,scored,0.00227,gnina v1.3.3 master:6fe1ce2   Built Jun 30 2026.,static_crystal_polymer,,
4QNB,equibind,scored,2e-05,gnina v1.3.3 master:6fe1ce2   Built Jun 30 2026.,static_crystal_polymer,,
4QNB,diffdock,scored,0.5228,gnina v1.3.3 master:6fe1ce2   Built Jun 30 2026.,static_crystal_polymer,,
4QN9,equibind,scored,0.00169,gnina v1.3.3 master:6fe1ce2   Built Jun 30 2026.,static_crystal_polymer,,
4QN9,diffdock,scored,0.43457,gnina v1.3.3 master:6fe1ce2   Built Jun 30 2026.,static_crystal_polymer,,
4QQ5,equibind,scored,0.3118,gnina v1.3.3 master:6fe1ce2   Built Jun 30 2026.,static_crystal_polymer,,
4QQ5,diffdock,scored,0.32839,gnina v1.3.3 master:6fe1ce2   Built Jun 30 2026.,static_crystal_polymer,,
4QP1,equibind,scored,0.00292,gnina v1.3.3 master:6fe1ce2   Built Jun 30 2026.,static_crystal_polymer,,
4QP1,diffdock,scored,0.80776,gnina v1.3.3 master:6fe1ce2   Built Jun 30 2026.,static_crystal_polymer,,
4QR3,equibind,scored,0.15244,gnina v1.3.3 master:6fe1ce2   Built Jun 30 2026.,static_crystal_polymer,,
4QR3,diffdock,scored,0.76372,gnina v1.3.3 master:6fe1ce2   Built Jun 30 2026.,static_crystal_polymer,,
4QQC,equibind,scored,0.00135,gnina v1.3.3 master:6fe1ce2   Built Jun 30 2026.,static_crystal_polymer,,
4QQC,diffdock,scored,0.64475,gnina v1.3.3 master:6fe1ce2   Built Jun 30 2026.,static_crystal_polymer,,
4QR4,equibind,scored,0.32172,gnina v1.3.3 master:6fe1ce2   Built Jun 30 2026.,static_crystal_polymer,,
4QR4,diffdock,scored,0.20674,gnina v1.3.3 master:6fe1ce2   Built Jun 30 2026.,static_crystal_polymer,,
4QPL,equibind,scored,2e-05,gnina v1.3.3 master:6fe1ce2   Built Jun 30 2026.,static_crystal_polymer,,
4QPL,diffdock,scored,0.47866,gnina v1.3.3 master:6fe1ce2   Built Jun 30 2026.,static_crystal_polymer,,
4QR5,equibind,scored,0.54876,gnina v1.3.3 master:6fe1ce2   Built Jun 30 2026.,static_crystal_polymer,,
4QR5,diffdock,scored,0.6927,gnina v1.3.3 master:6fe1ce2   Built Jun 30 2026.,static_crystal_polymer,,
4QSU,equibind,scored,0.78333,gnina v1.3.3 master:6fe1ce2   Built Jun 30 2026.,static_crystal_polymer,,
4QSU,diffdock,scored,0.83921,gnina v1.3.3 master:6fe1ce2   Built Jun 30 2026.,static_crystal_polymer,,
4QPD,equibind,scored,0.01332,gnina v1.3.3 master:6fe1ce2   Built Jun 30 2026.,static_crystal_polymer,,
4QPD,diffdock,scored,0.81898,gnina v1.3.3 master:6fe1ce2   Built Jun 30 2026.,static_crystal_polymer,,
4QSV,equibind,scored,0.10552,gnina v1.3.3 master:6fe1ce2   Built Jun 30 2026.,static_crystal_polymer,,
4QSV,diffdock,scored,0.91152,gnina v1.3.3 master:6fe1ce2   Built Jun 30 2026.,static_crystal_polymer,,
4QSW,equibind,scored,0.66687,gnina v1.3.3 master:6fe1ce2   Built Jun 30 2026.,static_crystal_polymer,,
4QSW,diffdock,scored,0.1645,gnina v1.3.3 master:6fe1ce2   Built Jun 30 2026.,static_crystal_polymer,,
4QSX,equibind,scored,0.71687,gnina v1.3.3 master:6fe1ce2   Built Jun 30 2026.,static_crystal_polymer,,
4QSX,diffdock,scored,0.88222,gnina v1.3.3 master:6fe1ce2   Built Jun 30 2026.,static_crystal_polymer,,
4QRC,equibind,scored,3e-05,gnina v1.3.3 master:6fe1ce2   Built Jun 30 2026.,static_crystal_polymer,,
4QRC,diffdock,scored,0.73561,gnina v1.3.3 master:6fe1ce2   Built Jun 30 2026.,static_crystal_polymer,,
4QT2,equibind,scored,0.00064,gnina v1.3.3 master:6fe1ce2   Built Jun 30 2026.,static_crystal_polymer,,
4QT2,diffdock,scored,0.17566,gnina v1.3.3 master:6fe1ce2   Built Jun 30 2026.,static_crystal_polymer,,
4QTL,equibind,scored,0.2997,gnina v1.3.3 master:6fe1ce2   Built Jun 30 2026.,static_crystal_polymer,,
4QTL,diffdock,scored,0.44611,gnina v1.3.3 master:6fe1ce2   Built Jun 30 2026.,static_crystal_polymer,,
4QTN,equibind,scored,0.33776,gnina v1.3.3 master:6fe1ce2   Built Jun 30 2026.,static_crystal_polymer,,
4QTN,diffdock,scored,0.88761,gnina v1.3.3 master:6fe1ce2   Built Jun 30 2026.,static_crystal_polymer,,
4QJR,equibind,scored,1e-05,gnina v1.3.3 master:6fe1ce2   Built Jun 30 2026.,static_crystal_polymer,,
4QJR,diffdock,scored,0.16068,gnina v1.3.3 master:6fe1ce2   Built Jun 30 2026.,static_crystal_polymer,,
4QNU,equibind,scored,0.00085,gnina v1.3.3 master:6fe1ce2   Built Jun 30 2026.,static_crystal_polymer,,
4QNU,diffdock,scored,0.24106,gnina v1.3.3 master:6fe1ce2   Built Jun 30 2026.,static_crystal_polymer,,
4QT0,equibind,scored,3e-05,gnina v1.3.3 master:6fe1ce2   Built Jun 30 2026.,static_crystal_polymer,,
4QT0,diffdock,scored,0.21529,gnina v1.3.3 master:6fe1ce2   Built Jun 30 2026.,static_crystal_polymer,,
4Q1S,equibind,scored,0.19851,gnina v1.3.3 master:6fe1ce2   Built Jun 30 2026.,static_crystal_polymer,,
4QRH,equibind,scored,0.00134,gnina v1.3.3 master:6fe1ce2   Built Jun 30 2026.,static_crystal_polymer,,
4QRH,diffdock,scored,0.16606,gnina v1.3.3 master:6fe1ce2   Built Jun 30 2026.,static_crystal_polymer,,
4QLQ,equibind,scored,0.21896,gnina v1.3.3 master:6fe1ce2   Built Jun 30 2026.,static_crystal_polymer,,
4QLV,equibind,scored,0.12288,gnina v1.3.3 master:6fe1ce2   Built Jun 30 2026.,static_crystal_polymer,,
4QLT,equibind,scored,0.12374,gnina v1.3.3 master:6fe1ce2   Built Jun 30 2026.,static_crystal_polymer,,
4QLU,equibind,scored,0.23292,gnina v1.3.3 master:6fe1ce2   Built Jun 30 2026.,static_crystal_polymer,,
4QVM,equibind,scored,0.77344,gnina v1.3.3 master:6fe1ce2   Built Jun 30 2026.,static_crystal_polymer,,
4QVL,equibind,scored,0.80844,gnina v1.3.3 master:6fe1ce2   Built Jun 30 2026.,static_crystal_polymer,,
4QVN,equibind,scored,0.81549,gnina v1.3.3 master:6fe1ce2   Built Jun 30 2026.,static_crystal_polymer,,
4QVP,equibind,scored,0.76657,gnina v1.3.3 master:6fe1ce2   Built Jun 30 2026.,static_crystal_polymer,,
4QVQ,equibind,scored,0.77679,gnina v1.3.3 master:6fe1ce2   Built Jun 30 2026.,static_crystal_polymer,,
4QVV,equibind,scored,0.69854,gnina v1.3.3 master:6fe1ce2   Built Jun 30 2026.,static_crystal_polymer,,
4QVW,equibind,scored,0.79772,gnina v1.3.3 master:6fe1ce2   Built Jun 30 2026.,static_crystal_polymer,,
4QVY,equibind,scored,0.7626,gnina v1.3.3 master:6fe1ce2   Built Jun 30 2026.,static_crystal_polymer,,
4QW1,equibind,scored,0.83982,gnina v1.3.3 master:6fe1ce2   Built Jun 30 2026.,static_crystal_polymer,,
4QW0,equibind,scored,0.80774,gnina v1.3.3 master:6fe1ce2   Built Jun 30 2026.,static_crystal_polymer,,
4QW3,equibind,scored,0.80735,gnina v1.3.3 master:6fe1ce2   Built Jun 30 2026.,static_crystal_polymer,,
4QW5,equibind,scored,0.00668,gnina v1.3.3 master:6fe1ce2   Built Jun 30 2026.,static_crystal_polymer,,
4QW4,equibind,scored,0.00505,gnina v1.3.3 master:6fe1ce2   Built Jun 30 2026.,static_crystal_polymer,,
4QW6,equibind,scored,0.01427,gnina v1.3.3 master:6fe1ce2   Built Jun 30 2026.,static_crystal_polymer,,
4QYH,equibind,scored,0.0511,gnina v1.3.3 master:6fe1ce2   Built Jun 30 2026.,static_crystal_polymer,,
4QYH,diffdock,scored,0.28462,gnina v1.3.3 master:6fe1ce2   Built Jun 30 2026.,static_crystal_polymer,,
4QW7,equibind,scored,0.01514,gnina v1.3.3 master:6fe1ce2   Built Jun 30 2026.,static_crystal_polymer,,
4QWF,equibind,scored,0.00172,gnina v1.3.3 master:6fe1ce2   Built Jun 30 2026.,static_crystal_polymer,,
4QWI,equibind,scored,0.01383,gnina v1.3.3 master:6fe1ce2   Built Jun 30 2026.,static_crystal_polymer,,
4QWG,equibind,scored,0.00206,gnina v1.3.3 master:6fe1ce2   Built Jun 30 2026.,static_crystal_polymer,,
4QWJ,equibind,scored,0.00723,gnina v1.3.3 master:6fe1ce2   Built Jun 30 2026.,static_crystal_polymer,,
4QWK,equibind,scored,0.00385,gnina v1.3.3 master:6fe1ce2   Built Jun 30 2026.,static_crystal_polymer,,
4QZS,equibind,scored,0.0209,gnina v1.3.3 master:6fe1ce2   Built Jun 30 2026.,static_crystal_polymer,,
4QZS,diffdock,scored,0.38286,gnina v1.3.3 master:6fe1ce2   Built Jun 30 2026.,static_crystal_polymer,,
4QWR,equibind,scored,0.01771,gnina v1.3.3 master:6fe1ce2   Built Jun 30 2026.,static_crystal_polymer,,
4QWL,equibind,scored,0.00561,gnina v1.3.3 master:6fe1ce2   Built Jun 30 2026.,static_crystal_polymer,,
4R06,equibind,scored,0.0,gnina v1.3.3 master:6fe1ce2   Built Jun 30 2026.,static_crystal_polymer,,
4R06,diffdock,scored,0.66509,gnina v1.3.3 master:6fe1ce2   Built Jun 30 2026.,static_crystal_polymer,,
4QWS,equibind,scored,0.01206,gnina v1.3.3 master:6fe1ce2   Built Jun 30 2026.,static_crystal_polymer,,
4QWU,equibind,scored,0.78973,gnina v1.3.3 master:6fe1ce2   Built Jun 30 2026.,static_crystal_polymer,,
4R0A,equibind,scored,0.00103,gnina v1.3.3 master:6fe1ce2   Built Jun 30 2026.,static_crystal_polymer,,
4R0A,diffdock,scored,0.3565,gnina v1.3.3 master:6fe1ce2   Built Jun 30 2026.,static_crystal_polymer,,
4R1Y,equibind,scored,0.00424,gnina v1.3.3 master:6fe1ce2   Built Jun 30 2026.,static_crystal_polymer,,
4R1Y,diffdock,scored,0.85616,gnina v1.3.3 master:6fe1ce2   Built Jun 30 2026.,static_crystal_polymer,,
4QWX,equibind,scored,0.23191,gnina v1.3.3 master:6fe1ce2   Built Jun 30 2026.,static_crystal_polymer,,
4R3B,equibind,scored,0.0418,gnina v1.3.3 master:6fe1ce2   Built Jun 30 2026.,static_crystal_polymer,,
4R3B,diffdock,scored,0.49015,gnina v1.3.3 master:6fe1ce2   Built Jun 30 2026.,static_crystal_polymer,,
4R3C,equibind,scored,0.15162,gnina v1.3.3 master:6fe1ce2   Built Jun 30 2026.,static_crystal_polymer,,
4R3C,diffdock,scored,0.71228,gnina v1.3.3 master:6fe1ce2   Built Jun 30 2026.,static_crystal_polymer,,
4R3W,equibind,scored,0.02749,gnina v1.3.3 master:6fe1ce2   Built Jun 30 2026.,static_crystal_polymer,,
4R3W,diffdock,scored,0.0706,gnina v1.3.3 master:6fe1ce2   Built Jun 30 2026.,static_crystal_polymer,,
4R4Q,equibind,scored,0.11116,gnina v1.3.3 master:6fe1ce2   Built Jun 30 2026.,static_crystal_polymer,,
4R4Q,diffdock,scored,0.84175,gnina v1.3.3 master:6fe1ce2   Built Jun 30 2026.,static_crystal_polymer,,
4QXJ,equibind,scored,0.28773,gnina v1.3.3 master:6fe1ce2   Built Jun 30 2026.,static_crystal_polymer,,
4QZ1,equibind,scored,0.18108,gnina v1.3.3 master:6fe1ce2   Built Jun 30 2026.,static_crystal_polymer,,
4QZ0,equibind,scored,0.20189,gnina v1.3.3 master:6fe1ce2   Built Jun 30 2026.,static_crystal_polymer,,
4R4T,equibind,scored,0.15161,gnina v1.3.3 master:6fe1ce2   Built Jun 30 2026.,static_crystal_polymer,,
4R4T,diffdock,scored,0.68239,gnina v1.3.3 master:6fe1ce2   Built Jun 30 2026.,static_crystal_polymer,,
4R59,equibind,scored,0.18763,gnina v1.3.3 master:6fe1ce2   Built Jun 30 2026.,static_crystal_polymer,,
4R59,diffdock,scored,0.80641,gnina v1.3.3 master:6fe1ce2   Built Jun 30 2026.,static_crystal_polymer,,
4R5A,equibind,scored,0.06817,gnina v1.3.3 master:6fe1ce2   Built Jun 30 2026.,static_crystal_polymer,,
4R5A,diffdock,scored,0.9312,gnina v1.3.3 master:6fe1ce2   Built Jun 30 2026.,static_crystal_polymer,,
4R5B,equibind,scored,0.08353,gnina v1.3.3 master:6fe1ce2   Built Jun 30 2026.,static_crystal_polymer,,
4R5B,diffdock,scored,0.76025,gnina v1.3.3 master:6fe1ce2   Built Jun 30 2026.,static_crystal_polymer,,
4QZ2,equibind,scored,0.24418,gnina v1.3.3 master:6fe1ce2   Built Jun 30 2026.,static_crystal_polymer,,
4QZ3,equibind,scored,0.21349,gnina v1.3.3 master:6fe1ce2   Built Jun 30 2026.,static_crystal_polymer,,
4R5Y,equibind,scored,0.00749,gnina v1.3.3 master:6fe1ce2   Built Jun 30 2026.,static_crystal_polymer,,
4R5Y,diffdock,scored,0.81975,gnina v1.3.3 master:6fe1ce2   Built Jun 30 2026.,static_crystal_polymer,,
4R5W,equibind,scored,0.45558,gnina v1.3.3 master:6fe1ce2   Built Jun 30 2026.,static_crystal_polymer,,
4R5W,diffdock,scored,0.62061,gnina v1.3.3 master:6fe1ce2   Built Jun 30 2026.,static_crystal_polymer,,
4R6V,equibind,scored,0.44585,gnina v1.3.3 master:6fe1ce2   Built Jun 30 2026.,static_crystal_polymer,,
4R6V,diffdock,scored,0.6982,gnina v1.3.3 master:6fe1ce2   Built Jun 30 2026.,static_crystal_polymer,,
4R5X,equibind,scored,0.17264,gnina v1.3.3 master:6fe1ce2   Built Jun 30 2026.,static_crystal_polymer,,
4R5X,diffdock,scored,0.69651,gnina v1.3.3 master:6fe1ce2   Built Jun 30 2026.,static_crystal_polymer,,
4QZ4,equibind,scored,0.20416,gnina v1.3.3 master:6fe1ce2   Built Jun 30 2026.,static_crystal_polymer,,
4QZ6,equibind,scored,0.21225,gnina v1.3.3 master:6fe1ce2   Built Jun 30 2026.,static_crystal_polymer,,
4QZ5,equibind,scored,0.23183,gnina v1.3.3 master:6fe1ce2   Built Jun 30 2026.,static_crystal_polymer,,
4R75,equibind,scored,0.05305,gnina v1.3.3 master:6fe1ce2   Built Jun 30 2026.,static_crystal_polymer,,
4R75,diffdock,scored,0.81756,gnina v1.3.3 master:6fe1ce2   Built Jun 30 2026.,static_crystal_polymer,,
4RA1,equibind,scored,0.54288,gnina v1.3.3 master:6fe1ce2   Built Jun 30 2026.,static_crystal_polymer,,
4RA1,diffdock,scored,0.74157,gnina v1.3.3 master:6fe1ce2   Built Jun 30 2026.,static_crystal_polymer,,
4R73,equibind,scored,0.00321,gnina v1.3.3 master:6fe1ce2   Built Jun 30 2026.,static_crystal_polymer,,
4R73,diffdock,scored,0.92604,gnina v1.3.3 master:6fe1ce2   Built Jun 30 2026.,static_crystal_polymer,,
4RA5,equibind,scored,0.00078,gnina v1.3.3 master:6fe1ce2   Built Jun 30 2026.,static_crystal_polymer,,
4RA5,diffdock,scored,0.65798,gnina v1.3.3 master:6fe1ce2   Built Jun 30 2026.,static_crystal_polymer,,
4R74,equibind,scored,0.52686,gnina v1.3.3 master:6fe1ce2   Built Jun 30 2026.,static_crystal_polymer,,
4R74,diffdock,scored,0.87675,gnina v1.3.3 master:6fe1ce2   Built Jun 30 2026.,static_crystal_polymer,,
4R6E,equibind,scored,0.00011,gnina v1.3.3 master:6fe1ce2   Built Jun 30 2026.,static_crystal_polymer,,
4R6E,diffdock,scored,0.7511,gnina v1.3.3 master:6fe1ce2   Built Jun 30 2026.,static_crystal_polymer,,
4RAN,equibind,scored,0.0,gnina v1.3.3 master:6fe1ce2   Built Jun 30 2026.,static_crystal_polymer,,
4RAN,diffdock,scored,0.61516,gnina v1.3.3 master:6fe1ce2   Built Jun 30 2026.,static_crystal_polymer,,
4RCE,equibind,scored,3e-05,gnina v1.3.3 master:6fe1ce2   Built Jun 30 2026.,static_crystal_polymer,,
4RCE,diffdock,scored,0.79219,gnina v1.3.3 master:6fe1ce2   Built Jun 30 2026.,static_crystal_polymer,,
4RAC,equibind,scored,7e-05,gnina v1.3.3 master:6fe1ce2   Built Jun 30 2026.,static_crystal_polymer,,
4RAC,diffdock,scored,0.91682,gnina v1.3.3 master:6fe1ce2   Built Jun 30 2026.,static_crystal_polymer,,
4RAB,equibind,scored,0.00018,gnina v1.3.3 master:6fe1ce2   Built Jun 30 2026.,static_crystal_polymer,,
4RAB,diffdock,scored,0.32076,gnina v1.3.3 master:6fe1ce2   Built Jun 30 2026.,static_crystal_polymer,,
4RCG,equibind,scored,0.04579,gnina v1.3.3 master:6fe1ce2   Built Jun 30 2026.,static_crystal_polymer,,
4RCG,diffdock,scored,0.6856,gnina v1.3.3 master:6fe1ce2   Built Jun 30 2026.,static_crystal_polymer,,
4RAO,equibind,scored,3e-05,gnina v1.3.3 master:6fe1ce2   Built Jun 30 2026.,static_crystal_polymer,,
4RAO,diffdock,scored,0.58098,gnina v1.3.3 master:6fe1ce2   Built Jun 30 2026.,static_crystal_polymer,,
4RD0,equibind,scored,0.05917,gnina v1.3.3 master:6fe1ce2   Built Jun 30 2026.,static_crystal_polymer,,
4RD0,diffdock,scored,0.49823,gnina v1.3.3 master:6fe1ce2   Built Jun 30 2026.,static_crystal_polymer,,
4RD6,equibind,scored,0.00071,gnina v1.3.3 master:6fe1ce2   Built Jun 30 2026.,static_crystal_polymer,,
4RD6,diffdock,scored,0.81791,gnina v1.3.3 master:6fe1ce2   Built Jun 30 2026.,static_crystal_polymer,,
4RD3,equibind,scored,0.00199,gnina v1.3.3 master:6fe1ce2   Built Jun 30 2026.,static_crystal_polymer,,
4RD3,diffdock,scored,0.6964,gnina v1.3.3 master:6fe1ce2   Built Jun 30 2026.,static_crystal_polymer,,
4RE3,equibind,scored,0.57183,gnina v1.3.3 master:6fe1ce2   Built Jun 30 2026.,static_crystal_polymer,,
4RE3,diffdock,scored,0.7414,gnina v1.3.3 master:6fe1ce2   Built Jun 30 2026.,static_crystal_polymer,,
4RE2,equibind,scored,0.31153,gnina v1.3.3 master:6fe1ce2   Built Jun 30 2026.,static_crystal_polymer,,
4RE2,diffdock,scored,0.14641,gnina v1.3.3 master:6fe1ce2   Built Jun 30 2026.,static_crystal_polymer,,
4RE4,equibind,scored,0.20373,gnina v1.3.3 master:6fe1ce2   Built Jun 30 2026.,static_crystal_polymer,,
4RE4,diffdock,scored,0.96428,gnina v1.3.3 master:6fe1ce2   Built Jun 30 2026.,static_crystal_polymer,,
4RFD,equibind,scored,0.09705,gnina v1.3.3 master:6fe1ce2   Built Jun 30 2026.,static_crystal_polymer,,
4RFD,diffdock,scored,0.24521,gnina v1.3.3 master:6fe1ce2   Built Jun 30 2026.,static_crystal_polymer,,
4QZ7,equibind,scored,0.18709,gnina v1.3.3 master:6fe1ce2   Built Jun 30 2026.,static_crystal_polymer,,
4RFM,equibind,scored,0.10319,gnina v1.3.3 master:6fe1ce2   Built Jun 30 2026.,static_crystal_polymer,,
4RFM,diffdock,scored,0.25696,gnina v1.3.3 master:6fe1ce2   Built Jun 30 2026.,static_crystal_polymer,,
4RAQ,equibind,scored,0.00245,gnina v1.3.3 master:6fe1ce2   Built Jun 30 2026.,static_crystal_polymer,,
4RAQ,diffdock,scored,0.3242,gnina v1.3.3 master:6fe1ce2   Built Jun 30 2026.,static_crystal_polymer,,
4RGD,equibind,scored,0.02797,gnina v1.3.3 master:6fe1ce2   Built Jun 30 2026.,static_crystal_polymer,,
4RGD,diffdock,scored,0.48263,gnina v1.3.3 master:6fe1ce2   Built Jun 30 2026.,static_crystal_polymer,,
4RG0,equibind,scored,0.77032,gnina v1.3.3 master:6fe1ce2   Built Jun 30 2026.,static_crystal_polymer,,
4RG0,diffdock,scored,0.19396,gnina v1.3.3 master:6fe1ce2   Built Jun 30 2026.,static_crystal_polymer,,
4RIO,equibind,scored,0.88931,gnina v1.3.3 master:6fe1ce2   Built Jun 30 2026.,static_crystal_polymer,,
4RIO,diffdock,scored,0.98378,gnina v1.3.3 master:6fe1ce2   Built Jun 30 2026.,static_crystal_polymer,,
4RE9,equibind,scored,0.00089,gnina v1.3.3 master:6fe1ce2   Built Jun 30 2026.,static_crystal_polymer,,
4RE9,diffdock,scored,0.81762,gnina v1.3.3 master:6fe1ce2   Built Jun 30 2026.,static_crystal_polymer,,
4RIU,equibind,scored,0.08831,gnina v1.3.3 master:6fe1ce2   Built Jun 30 2026.,static_crystal_polymer,,
4RIU,diffdock,scored,0.906,gnina v1.3.3 master:6fe1ce2   Built Jun 30 2026.,static_crystal_polymer,,
4QZX,equibind,scored,0.23313,gnina v1.3.3 master:6fe1ce2   Built Jun 30 2026.,static_crystal_polymer,,
4QZW,equibind,scored,0.21262,gnina v1.3.3 master:6fe1ce2   Built Jun 30 2026.,static_crystal_polymer,,
4RIV,equibind,scored,0.08145,gnina v1.3.3 master:6fe1ce2   Built Jun 30 2026.,static_crystal_polymer,,
4RIV,diffdock,scored,0.78969,gnina v1.3.3 master:6fe1ce2   Built Jun 30 2026.,static_crystal_polymer,,
4RJ3,equibind,scored,0.66411,gnina v1.3.3 master:6fe1ce2   Built Jun 30 2026.,static_crystal_polymer,,
4RJ3,diffdock,scored,0.7585,gnina v1.3.3 master:6fe1ce2   Built Jun 30 2026.,static_crystal_polymer,,
4R02,equibind,scored,0.06573,gnina v1.3.3 master:6fe1ce2   Built Jun 30 2026.,static_crystal_polymer,,
4RES,equibind,scored,0.00204,gnina v1.3.3 master:6fe1ce2   Built Jun 30 2026.,static_crystal_polymer,,
4RES,diffdock,scored,0.69621,gnina v1.3.3 master:6fe1ce2   Built Jun 30 2026.,static_crystal_polymer,,
4RHX,equibind,scored,1e-05,gnina v1.3.3 master:6fe1ce2   Built Jun 30 2026.,static_crystal_polymer,,
4RHX,diffdock,scored,0.4086,gnina v1.3.3 master:6fe1ce2   Built Jun 30 2026.,static_crystal_polymer,,
4RKX,equibind,scored,0.66106,gnina v1.3.3 master:6fe1ce2   Built Jun 30 2026.,static_crystal_polymer,,
4RKX,diffdock,scored,0.23468,gnina v1.3.3 master:6fe1ce2   Built Jun 30 2026.,static_crystal_polymer,,
4RET,equibind,scored,0.00027,gnina v1.3.3 master:6fe1ce2   Built Jun 30 2026.,static_crystal_polymer,,
4RET,diffdock,scored,0.33241,gnina v1.3.3 master:6fe1ce2   Built Jun 30 2026.,static_crystal_polymer,,
4RJ8,equibind,scored,0.63524,gnina v1.3.3 master:6fe1ce2   Built Jun 30 2026.,static_crystal_polymer,,
4RJ8,diffdock,scored,0.38236,gnina v1.3.3 master:6fe1ce2   Built Jun 30 2026.,static_crystal_polymer,,
4RHU,equibind,scored,9e-05,gnina v1.3.3 master:6fe1ce2   Built Jun 30 2026.,static_crystal_polymer,,
4RHU,diffdock,scored,0.34492,gnina v1.3.3 master:6fe1ce2   Built Jun 30 2026.,static_crystal_polymer,,
4RLT,equibind,scored,0.16259,gnina v1.3.3 master:6fe1ce2   Built Jun 30 2026.,static_crystal_polymer,,
4RLT,diffdock,scored,0.65301,gnina v1.3.3 master:6fe1ce2   Built Jun 30 2026.,static_crystal_polymer,,
4RLK,equibind,scored,0.51281,gnina v1.3.3 master:6fe1ce2   Built Jun 30 2026.,static_crystal_polymer,,
4RLK,diffdock,scored,0.78842,gnina v1.3.3 master:6fe1ce2   Built Jun 30 2026.,static_crystal_polymer,,
4RLU,equibind,scored,0.07515,gnina v1.3.3 master:6fe1ce2   Built Jun 30 2026.,static_crystal_polymer,,
4RLU,diffdock,scored,0.37529,gnina v1.3.3 master:6fe1ce2   Built Jun 30 2026.,static_crystal_polymer,,
4RLW,equibind,scored,0.00583,gnina v1.3.3 master:6fe1ce2   Built Jun 30 2026.,static_crystal_polymer,,
4RLW,diffdock,scored,0.56943,gnina v1.3.3 master:6fe1ce2   Built Jun 30 2026.,static_crystal_polymer,,
4RN4,equibind,scored,0.04919,gnina v1.3.3 master:6fe1ce2   Built Jun 30 2026.,static_crystal_polymer,,
4RN4,diffdock,scored,0.3511,gnina v1.3.3 master:6fe1ce2   Built Jun 30 2026.,static_crystal_polymer,,
4R18,equibind,scored,0.76201,gnina v1.3.3 master:6fe1ce2   Built Jun 30 2026.,static_crystal_polymer,,
4RN0,equibind,scored,0.01145,gnina v1.3.3 master:6fe1ce2   Built Jun 30 2026.,static_crystal_polymer,,
4RN0,diffdock,scored,0.69467,gnina v1.3.3 master:6fe1ce2   Built Jun 30 2026.,static_crystal_polymer,,
4RN1,equibind,scored,0.0014,gnina v1.3.3 master:6fe1ce2   Built Jun 30 2026.,static_crystal_polymer,,
4RN1,diffdock,scored,0.12608,gnina v1.3.3 master:6fe1ce2   Built Jun 30 2026.,static_crystal_polymer,,
4RR6,equibind,scored,3e-05,gnina v1.3.3 master:6fe1ce2   Built Jun 30 2026.,static_crystal_polymer,,
4RR6,diffdock,scored,0.31611,gnina v1.3.3 master:6fe1ce2   Built Jun 30 2026.,static_crystal_polymer,,
4RN2,equibind,scored,0.03886,gnina v1.3.3 master:6fe1ce2   Built Jun 30 2026.,static_crystal_polymer,,
4RN2,diffdock,scored,0.28104,gnina v1.3.3 master:6fe1ce2   Built Jun 30 2026.,static_crystal_polymer,,
4RPV,equibind,scored,0.18258,gnina v1.3.3 master:6fe1ce2   Built Jun 30 2026.,static_crystal_polymer,,
4RPV,diffdock,scored,0.54645,gnina v1.3.3 master:6fe1ce2   Built Jun 30 2026.,static_crystal_polymer,,
4RQK,equibind,scored,0.01701,gnina v1.3.3 master:6fe1ce2   Built Jun 30 2026.,static_crystal_polymer,,
4RQK,diffdock,scored,0.20295,gnina v1.3.3 master:6fe1ce2   Built Jun 30 2026.,static_crystal_polymer,,
4R17,equibind,scored,0.80729,gnina v1.3.3 master:6fe1ce2   Built Jun 30 2026.,static_crystal_polymer,,
4RPN,equibind,scored,0.00015,gnina v1.3.3 master:6fe1ce2   Built Jun 30 2026.,static_crystal_polymer,,
4RPN,diffdock,scored,0.25707,gnina v1.3.3 master:6fe1ce2   Built Jun 30 2026.,static_crystal_polymer,,
4RPO,equibind,scored,3e-05,gnina v1.3.3 master:6fe1ce2   Built Jun 30 2026.,static_crystal_polymer,,
4RPO,diffdock,scored,0.60946,gnina v1.3.3 master:6fe1ce2   Built Jun 30 2026.,static_crystal_polymer,,
4RRQ,equibind,scored,0.0056,gnina v1.3.3 master:6fe1ce2   Built Jun 30 2026.,static_crystal_polymer,,
4RRQ,diffdock,scored,0.56353,gnina v1.3.3 master:6fe1ce2   Built Jun 30 2026.,static_crystal_polymer,,
4RSK,equibind,scored,0.00505,gnina v1.3.3 master:6fe1ce2   Built Jun 30 2026.,static_crystal_polymer,,
4RSK,diffdock,scored,0.8788,gnina v1.3.3 master:6fe1ce2   Built Jun 30 2026.,static_crystal_polymer,,
4RS0,equibind,scored,0.48305,gnina v1.3.3 master:6fe1ce2   Built Jun 30 2026.,static_crystal_polymer,,
4RS0,diffdock,scored,0.77808,gnina v1.3.3 master:6fe1ce2   Built Jun 30 2026.,static_crystal_polymer,,
4RUX,equibind,scored,0.34451,gnina v1.3.3 master:6fe1ce2   Built Jun 30 2026.,static_crystal_polymer,,
4RUX,diffdock,scored,0.97053,gnina v1.3.3 master:6fe1ce2   Built Jun 30 2026.,static_crystal_polymer,,
4RUY,equibind,scored,0.2704,gnina v1.3.3 master:6fe1ce2   Built Jun 30 2026.,static_crystal_polymer,,
4RUY,diffdock,scored,0.89893,gnina v1.3.3 master:6fe1ce2   Built Jun 30 2026.,static_crystal_polymer,,
4RRG,equibind,scored,0.00033,gnina v1.3.3 master:6fe1ce2   Built Jun 30 2026.,static_crystal_polymer,,
4RRG,diffdock,scored,0.85252,gnina v1.3.3 master:6fe1ce2   Built Jun 30 2026.,static_crystal_polymer,,
4RUU,equibind,scored,0.01737,gnina v1.3.3 master:6fe1ce2   Built Jun 30 2026.,static_crystal_polymer,,
4RUU,diffdock,scored,0.41969,gnina v1.3.3 master:6fe1ce2   Built Jun 30 2026.,static_crystal_polymer,,
4RUZ,equibind,scored,0.24747,gnina v1.3.3 master:6fe1ce2   Built Jun 30 2026.,static_crystal_polymer,,
4RUZ,diffdock,scored,0.95993,gnina v1.3.3 master:6fe1ce2   Built Jun 30 2026.,static_crystal_polymer,,
4RT1,equibind,scored,3e-05,gnina v1.3.3 master:6fe1ce2   Built Jun 30 2026.,static_crystal_polymer,,
4RT1,diffdock,scored,0.02236,gnina v1.3.3 master:6fe1ce2   Built Jun 30 2026.,static_crystal_polymer,,
4RVR,equibind,scored,0.09035,gnina v1.3.3 master:6fe1ce2   Built Jun 30 2026.,static_crystal_polymer,,
4RVR,diffdock,scored,0.18539,gnina v1.3.3 master:6fe1ce2   Built Jun 30 2026.,static_crystal_polymer,,
4RSE,equibind,scored,0.00529,gnina v1.3.3 master:6fe1ce2   Built Jun 30 2026.,static_crystal_polymer,,
4RSE,diffdock,scored,0.79637,gnina v1.3.3 master:6fe1ce2   Built Jun 30 2026.,static_crystal_polymer,,
4RT0,equibind,scored,0.00014,gnina v1.3.3 master:6fe1ce2   Built Jun 30 2026.,static_crystal_polymer,,
4RT0,diffdock,scored,0.0192,gnina v1.3.3 master:6fe1ce2   Built Jun 30 2026.,static_crystal_polymer,,
4RX5,equibind,scored,0.1354,gnina v1.3.3 master:6fe1ce2   Built Jun 30 2026.,static_crystal_polymer,,
4RX5,diffdock,scored,0.67503,gnina v1.3.3 master:6fe1ce2   Built Jun 30 2026.,static_crystal_polymer,,
4RWL,equibind,scored,0.00374,gnina v1.3.3 master:6fe1ce2   Built Jun 30 2026.,static_crystal_polymer,,
4RWL,diffdock,scored,0.94603,gnina v1.3.3 master:6fe1ce2   Built Jun 30 2026.,static_crystal_polymer,,
4RVT,equibind,scored,0.67507,gnina v1.3.3 master:6fe1ce2   Built Jun 30 2026.,static_crystal_polymer,,
4RVT,diffdock,scored,0.89856,gnina v1.3.3 master:6fe1ce2   Built Jun 30 2026.,static_crystal_polymer,,
4RWK,equibind,scored,8e-05,gnina v1.3.3 master:6fe1ce2   Built Jun 30 2026.,static_crystal_polymer,,
4RWK,diffdock,scored,0.44139,gnina v1.3.3 master:6fe1ce2   Built Jun 30 2026.,static_crystal_polymer,,
4RWJ,equibind,scored,0.01276,gnina v1.3.3 master:6fe1ce2   Built Jun 30 2026.,static_crystal_polymer,,
4RWJ,diffdock,scored,0.59102,gnina v1.3.3 master:6fe1ce2   Built Jun 30 2026.,static_crystal_polymer,,
4RYL,equibind,scored,0.01917,gnina v1.3.3 master:6fe1ce2   Built Jun 30 2026.,static_crystal_polymer,,
4RYL,diffdock,scored,0.39244,gnina v1.3.3 master:6fe1ce2   Built Jun 30 2026.,static_crystal_polymer,,
4RAD,equibind,scored,0.00711,gnina v1.3.3 master:6fe1ce2   Built Jun 30 2026.,static_crystal_polymer,,
4RAD,diffdock,scored,0.50084,gnina v1.3.3 master:6fe1ce2   Built Jun 30 2026.,static_crystal_polymer,,
4S3E,equibind,scored,0.08786,gnina v1.3.3 master:6fe1ce2   Built Jun 30 2026.,static_crystal_polymer,,
4S3E,diffdock,scored,0.01593,gnina v1.3.3 master:6fe1ce2   Built Jun 30 2026.,static_crystal_polymer,,
4S3F,equibind,scored,0.32627,gnina v1.3.3 master:6fe1ce2   Built Jun 30 2026.,static_crystal_polymer,,
4S3F,diffdock,scored,0.51916,gnina v1.3.3 master:6fe1ce2   Built Jun 30 2026.,static_crystal_polymer,,
4RWW,equibind,scored,0.0,gnina v1.3.3 master:6fe1ce2   Built Jun 30 2026.,static_crystal_polymer,,
4RWW,diffdock,scored,0.16551,gnina v1.3.3 master:6fe1ce2   Built Jun 30 2026.,static_crystal_polymer,,
4TIM,equibind,scored,0.44581,gnina v1.3.3 master:6fe1ce2   Built Jun 30 2026.,static_crystal_polymer,,
4TIM,diffdock,scored,0.94713,gnina v1.3.3 master:6fe1ce2   Built Jun 30 2026.,static_crystal_polymer,,
4RZ1,equibind,scored,0.00038,gnina v1.3.3 master:6fe1ce2   Built Jun 30 2026.,static_crystal_polymer,,
4RZ1,diffdock,scored,0.21315,gnina v1.3.3 master:6fe1ce2   Built Jun 30 2026.,static_crystal_polymer,,
4STD,equibind,scored,0.00947,gnina v1.3.3 master:6fe1ce2   Built Jun 30 2026.,static_crystal_polymer,,
4STD,diffdock,scored,0.71734,gnina v1.3.3 master:6fe1ce2   Built Jun 30 2026.,static_crystal_polymer,,
4TJZ,equibind,scored,0.2427,gnina v1.3.3 master:6fe1ce2   Built Jun 30 2026.,static_crystal_polymer,,
4TJZ,diffdock,scored,0.37022,gnina v1.3.3 master:6fe1ce2   Built Jun 30 2026.,static_crystal_polymer,,
4TJU,equibind,scored,0.00098,gnina v1.3.3 master:6fe1ce2   Built Jun 30 2026.,static_crystal_polymer,,
4TJU,diffdock,scored,0.68065,gnina v1.3.3 master:6fe1ce2   Built Jun 30 2026.,static_crystal_polymer,,
4RXC,equibind,scored,0.0135,gnina v1.3.3 master:6fe1ce2   Built Jun 30 2026.,static_crystal_polymer,,
4RXC,diffdock,scored,0.92562,gnina v1.3.3 master:6fe1ce2   Built Jun 30 2026.,static_crystal_polymer,,
4TJW,equibind,scored,0.00014,gnina v1.3.3 master:6fe1ce2   Built Jun 30 2026.,static_crystal_polymer,,
4TJW,diffdock,scored,0.92295,gnina v1.3.3 master:6fe1ce2   Built Jun 30 2026.,static_crystal_polymer,,
4TJY,equibind,scored,0.00093,gnina v1.3.3 master:6fe1ce2   Built Jun 30 2026.,static_crystal_polymer,,
4TJY,diffdock,scored,0.98386,gnina v1.3.3 master:6fe1ce2   Built Jun 30 2026.,static_crystal_polymer,,
4TKH,equibind,scored,0.58624,gnina v1.3.3 master:6fe1ce2   Built Jun 30 2026.,static_crystal_polymer,,
4TKH,diffdock,scored,0.64286,gnina v1.3.3 master:6fe1ce2   Built Jun 30 2026.,static_crystal_polymer,,
4TKJ,equibind,scored,0.66319,gnina v1.3.3 master:6fe1ce2   Built Jun 30 2026.,static_crystal_polymer,,
4TKJ,diffdock,scored,0.46799,gnina v1.3.3 master:6fe1ce2   Built Jun 30 2026.,static_crystal_polymer,,
4RXD,equibind,scored,0.05943,gnina v1.3.3 master:6fe1ce2   Built Jun 30 2026.,static_crystal_polymer,,
4RXD,diffdock,scored,0.96873,gnina v1.3.3 master:6fe1ce2   Built Jun 30 2026.,static_crystal_polymer,,
4TLN,equibind,scored,0.1044,gnina v1.3.3 master:6fe1ce2   Built Jun 30 2026.,static_crystal_polymer,,
4TLN,diffdock,scored,0.64661,gnina v1.3.3 master:6fe1ce2   Built Jun 30 2026.,static_crystal_polymer,,
4TK0,equibind,scored,0.01042,gnina v1.3.3 master:6fe1ce2   Built Jun 30 2026.,static_crystal_polymer,,
4TK0,diffdock,scored,0.09377,gnina v1.3.3 master:6fe1ce2   Built Jun 30 2026.,static_crystal_polymer,,
4TLR,equibind,scored,0.06517,gnina v1.3.3 master:6fe1ce2   Built Jun 30 2026.,static_crystal_polymer,,
4TLR,diffdock,scored,0.88979,gnina v1.3.3 master:6fe1ce2   Built Jun 30 2026.,static_crystal_polymer,,
4R76,equibind,scored,0.00021,gnina v1.3.3 master:6fe1ce2   Built Jun 30 2026.,static_crystal_polymer,,
4TKF,equibind,scored,0.0011,gnina v1.3.3 master:6fe1ce2   Built Jun 30 2026.,static_crystal_polymer,,
4TKF,diffdock,scored,0.8015,gnina v1.3.3 master:6fe1ce2   Built Jun 30 2026.,static_crystal_polymer,,
4TMF,equibind,scored,0.0,gnina v1.3.3 master:6fe1ce2   Built Jun 30 2026.,static_crystal_polymer,,
4TMF,diffdock,scored,0.46283,gnina v1.3.3 master:6fe1ce2   Built Jun 30 2026.,static_crystal_polymer,,
4TSX,diffdock,scored,0.27222,gnina v1.3.3 master:6fe1ce2   Built Jun 30 2026.,static_crystal_polymer,,
4TMK,equibind,scored,0.00118,gnina v1.3.3 master:6fe1ce2   Built Jun 30 2026.,static_crystal_polymer,,
4TMK,diffdock,scored,0.39426,gnina v1.3.3 master:6fe1ce2   Built Jun 30 2026.,static_crystal_polymer,,
4TK5,equibind,scored,4e-05,gnina v1.3.3 master:6fe1ce2   Built Jun 30 2026.,static_crystal_polymer,,
4TK5,diffdock,scored,0.34569,gnina v1.3.3 master:6fe1ce2   Built Jun 30 2026.,static_crystal_polymer,,
4TN2,equibind,scored,0.12489,gnina v1.3.3 master:6fe1ce2   Built Jun 30 2026.,static_crystal_polymer,,
4TN2,diffdock,scored,0.86355,gnina v1.3.3 master:6fe1ce2   Built Jun 30 2026.,static_crystal_polymer,,
4TQN,equibind,scored,0.06987,gnina v1.3.3 master:6fe1ce2   Built Jun 30 2026.,static_crystal_polymer,,
4TQN,diffdock,scored,0.64777,gnina v1.3.3 master:6fe1ce2   Built Jun 30 2026.,static_crystal_polymer,,
4TPM,equibind,scored,0.00056,gnina v1.3.3 master:6fe1ce2   Built Jun 30 2026.,static_crystal_polymer,,
4TPM,diffdock,scored,0.57638,gnina v1.3.3 master:6fe1ce2   Built Jun 30 2026.,static_crystal_polymer,,
4TKG,equibind,scored,1e-05,gnina v1.3.3 master:6fe1ce2   Built Jun 30 2026.,static_crystal_polymer,,
4TKG,diffdock,scored,0.96075,gnina v1.3.3 master:6fe1ce2   Built Jun 30 2026.,static_crystal_polymer,,
4TPK,equibind,scored,2e-05,gnina v1.3.3 master:6fe1ce2   Built Jun 30 2026.,static_crystal_polymer,,
4TPK,diffdock,scored,0.51585,gnina v1.3.3 master:6fe1ce2   Built Jun 30 2026.,static_crystal_polymer,,
4TTE,equibind,scored,0.03435,gnina v1.3.3 master:6fe1ce2   Built Jun 30 2026.,static_crystal_polymer,,
4TTE,diffdock,scored,0.74026,gnina v1.3.3 master:6fe1ce2   Built Jun 30 2026.,static_crystal_polymer,,
4TU4,equibind,scored,0.00496,gnina v1.3.3 master:6fe1ce2   Built Jun 30 2026.,static_crystal_polymer,,
4TU4,diffdock,scored,0.80611,gnina v1.3.3 master:6fe1ce2   Built Jun 30 2026.,static_crystal_polymer,,
4TS1,equibind,scored,0.0145,gnina v1.3.3 master:6fe1ce2   Built Jun 30 2026.,static_crystal_polymer,,
4TS1,diffdock,scored,0.0966,gnina v1.3.3 master:6fe1ce2   Built Jun 30 2026.,static_crystal_polymer,,
4TMR,equibind,scored,2e-05,gnina v1.3.3 master:6fe1ce2   Built Jun 30 2026.,static_crystal_polymer,,
4TMR,diffdock,scored,0.34507,gnina v1.3.3 master:6fe1ce2   Built Jun 30 2026.,static_crystal_polymer,,
4TW7,equibind,scored,4e-05,gnina v1.3.3 master:6fe1ce2   Built Jun 30 2026.,static_crystal_polymer,,
4TW7,diffdock,scored,0.68269,gnina v1.3.3 master:6fe1ce2   Built Jun 30 2026.,static_crystal_polymer,,
4TUN,equibind,scored,0.51107,gnina v1.3.3 master:6fe1ce2   Built Jun 30 2026.,static_crystal_polymer,,
4TUN,diffdock,scored,0.76479,gnina v1.3.3 master:6fe1ce2   Built Jun 30 2026.,static_crystal_polymer,,
4TN4,equibind,scored,0.00165,gnina v1.3.3 master:6fe1ce2   Built Jun 30 2026.,static_crystal_polymer,,
4TN4,diffdock,scored,0.5149,gnina v1.3.3 master:6fe1ce2   Built Jun 30 2026.,static_crystal_polymer,,
4TW8,equibind,scored,0.0,gnina v1.3.3 master:6fe1ce2   Built Jun 30 2026.,static_crystal_polymer,,
4TW8,diffdock,scored,0.47315,gnina v1.3.3 master:6fe1ce2   Built Jun 30 2026.,static_crystal_polymer,,
4TQ3,equibind,scored,0.00301,gnina v1.3.3 master:6fe1ce2   Built Jun 30 2026.,static_crystal_polymer,,
4TQ3,diffdock,scored,0.32892,gnina v1.3.3 master:6fe1ce2   Built Jun 30 2026.,static_crystal_polymer,,
4TWW,equibind,scored,0.04662,gnina v1.3.3 master:6fe1ce2   Built Jun 30 2026.,static_crystal_polymer,,
4TWW,diffdock,scored,0.17278,gnina v1.3.3 master:6fe1ce2   Built Jun 30 2026.,static_crystal_polymer,,
4TW9,equibind,scored,0.2457,gnina v1.3.3 master:6fe1ce2   Built Jun 30 2026.,static_crystal_polymer,,
4TW9,diffdock,scored,0.75145,gnina v1.3.3 master:6fe1ce2   Built Jun 30 2026.,static_crystal_polymer,,
4TXC,equibind,scored,0.53771,gnina v1.3.3 master:6fe1ce2   Built Jun 30 2026.,static_crystal_polymer,,
4TXC,diffdock,scored,0.74255,gnina v1.3.3 master:6fe1ce2   Built Jun 30 2026.,static_crystal_polymer,,
4TXE,equibind,scored,0.11769,gnina v1.3.3 master:6fe1ce2   Built Jun 30 2026.,static_crystal_polymer,,
4TXE,diffdock,scored,0.54914,gnina v1.3.3 master:6fe1ce2   Built Jun 30 2026.,static_crystal_polymer,,
4TYL,equibind,scored,0.18065,gnina v1.3.3 master:6fe1ce2   Built Jun 30 2026.,static_crystal_polymer,,
4TYL,diffdock,scored,0.92043,gnina v1.3.3 master:6fe1ce2   Built Jun 30 2026.,static_crystal_polymer,,
4TX6,equibind,scored,0.01529,gnina v1.3.3 master:6fe1ce2   Built Jun 30 2026.,static_crystal_polymer,,
4TX6,diffdock,scored,0.29787,gnina v1.3.3 master:6fe1ce2   Built Jun 30 2026.,static_crystal_polymer,,
4TYT,equibind,scored,0.03461,gnina v1.3.3 master:6fe1ce2   Built Jun 30 2026.,static_crystal_polymer,,
4TYT,diffdock,scored,0.64257,gnina v1.3.3 master:6fe1ce2   Built Jun 30 2026.,static_crystal_polymer,,
4TZ2,equibind,scored,0.02649,gnina v1.3.3 master:6fe1ce2   Built Jun 30 2026.,static_crystal_polymer,,
4TZ2,diffdock,scored,0.13082,gnina v1.3.3 master:6fe1ce2   Built Jun 30 2026.,static_crystal_polymer,,
4TZ8,equibind,scored,0.37379,gnina v1.3.3 master:6fe1ce2   Built Jun 30 2026.,static_crystal_polymer,,
4TZ8,diffdock,scored,0.26945,gnina v1.3.3 master:6fe1ce2   Built Jun 30 2026.,static_crystal_polymer,,
4TTV,equibind,scored,0.2622,gnina v1.3.3 master:6fe1ce2   Built Jun 30 2026.,static_crystal_polymer,,
4TTV,diffdock,scored,0.56783,gnina v1.3.3 master:6fe1ce2   Built Jun 30 2026.,static_crystal_polymer,,
4U0M,equibind,scored,0.0,gnina v1.3.3 master:6fe1ce2   Built Jun 30 2026.,static_crystal_polymer,,
4U0M,diffdock,scored,0.32456,gnina v1.3.3 master:6fe1ce2   Built Jun 30 2026.,static_crystal_polymer,,
4U0U,equibind,scored,1e-05,gnina v1.3.3 master:6fe1ce2   Built Jun 30 2026.,static_crystal_polymer,,
4U0U,diffdock,scored,0.10201,gnina v1.3.3 master:6fe1ce2   Built Jun 30 2026.,static_crystal_polymer,,
4U1B,equibind,scored,0.03287,gnina v1.3.3 master:6fe1ce2   Built Jun 30 2026.,static_crystal_polymer,,
4U1B,diffdock,scored,0.90816,gnina v1.3.3 master:6fe1ce2   Built Jun 30 2026.,static_crystal_polymer,,
4U03,equibind,scored,0.0013,gnina v1.3.3 master:6fe1ce2   Built Jun 30 2026.,static_crystal_polymer,,
4U03,diffdock,scored,0.05602,gnina v1.3.3 master:6fe1ce2   Built Jun 30 2026.,static_crystal_polymer,,
4U0W,equibind,scored,0.00163,gnina v1.3.3 master:6fe1ce2   Built Jun 30 2026.,static_crystal_polymer,,
4U0W,diffdock,scored,0.96339,gnina v1.3.3 master:6fe1ce2   Built Jun 30 2026.,static_crystal_polymer,,
4U54,equibind,scored,0.0219,gnina v1.3.3 master:6fe1ce2   Built Jun 30 2026.,static_crystal_polymer,,
4U54,diffdock,scored,0.7521,gnina v1.3.3 master:6fe1ce2   Built Jun 30 2026.,static_crystal_polymer,,
4U44,equibind,scored,9e-05,gnina v1.3.3 master:6fe1ce2   Built Jun 30 2026.,static_crystal_polymer,,
4U44,diffdock,scored,0.61964,gnina v1.3.3 master:6fe1ce2   Built Jun 30 2026.,static_crystal_polymer,,
4TXS,equibind,scored,0.91363,gnina v1.3.3 master:6fe1ce2   Built Jun 30 2026.,static_crystal_polymer,,
4TXS,diffdock,scored,0.35296,gnina v1.3.3 master:6fe1ce2   Built Jun 30 2026.,static_crystal_polymer,,
4U4S,equibind,scored,0.01447,gnina v1.3.3 master:6fe1ce2   Built Jun 30 2026.,static_crystal_polymer,,
4U4S,diffdock,scored,0.64794,gnina v1.3.3 master:6fe1ce2   Built Jun 30 2026.,static_crystal_polymer,,
4U4X,equibind,scored,0.19133,gnina v1.3.3 master:6fe1ce2   Built Jun 30 2026.,static_crystal_polymer,,
4U4X,diffdock,scored,0.5837,gnina v1.3.3 master:6fe1ce2   Built Jun 30 2026.,static_crystal_polymer,,
4U69,equibind,scored,0.67635,gnina v1.3.3 master:6fe1ce2   Built Jun 30 2026.,static_crystal_polymer,,
4U69,diffdock,scored,0.89095,gnina v1.3.3 master:6fe1ce2   Built Jun 30 2026.,static_crystal_polymer,,
4U6E,equibind,scored,0.29261,gnina v1.3.3 master:6fe1ce2   Built Jun 30 2026.,static_crystal_polymer,,
4U6E,diffdock,scored,0.9604,gnina v1.3.3 master:6fe1ce2   Built Jun 30 2026.,static_crystal_polymer,,
4TYB,equibind,scored,0.4717,gnina v1.3.3 master:6fe1ce2   Built Jun 30 2026.,static_crystal_polymer,,
4TYB,diffdock,scored,0.26675,gnina v1.3.3 master:6fe1ce2   Built Jun 30 2026.,static_crystal_polymer,,
4U6W,equibind,scored,0.33224,gnina v1.3.3 master:6fe1ce2   Built Jun 30 2026.,static_crystal_polymer,,
4U6W,diffdock,scored,0.47775,gnina v1.3.3 master:6fe1ce2   Built Jun 30 2026.,static_crystal_polymer,,
4U5J,equibind,scored,0.02225,gnina v1.3.3 master:6fe1ce2   Built Jun 30 2026.,static_crystal_polymer,,
4U5J,diffdock,scored,0.9186,gnina v1.3.3 master:6fe1ce2   Built Jun 30 2026.,static_crystal_polymer,,
4U6Z,equibind,scored,0.52973,gnina v1.3.3 master:6fe1ce2   Built Jun 30 2026.,static_crystal_polymer,,
4U6Z,diffdock,scored,0.88337,gnina v1.3.3 master:6fe1ce2   Built Jun 30 2026.,static_crystal_polymer,,
4U70,equibind,scored,0.10894,gnina v1.3.3 master:6fe1ce2   Built Jun 30 2026.,static_crystal_polymer,,
4U70,diffdock,scored,0.67974,gnina v1.3.3 master:6fe1ce2   Built Jun 30 2026.,static_crystal_polymer,,
4U71,equibind,scored,0.66011,gnina v1.3.3 master:6fe1ce2   Built Jun 30 2026.,static_crystal_polymer,,
4U71,diffdock,scored,0.89978,gnina v1.3.3 master:6fe1ce2   Built Jun 30 2026.,static_crystal_polymer,,
4U7V,equibind,scored,0.00028,gnina v1.3.3 master:6fe1ce2   Built Jun 30 2026.,static_crystal_polymer,,
4U7V,diffdock,scored,0.2252,gnina v1.3.3 master:6fe1ce2   Built Jun 30 2026.,static_crystal_polymer,,
4U73,equibind,scored,0.2045,gnina v1.3.3 master:6fe1ce2   Built Jun 30 2026.,static_crystal_polymer,,
4U73,diffdock,scored,0.99009,gnina v1.3.3 master:6fe1ce2   Built Jun 30 2026.,static_crystal_polymer,,
4U82,equibind,scored,0.00658,gnina v1.3.3 master:6fe1ce2   Built Jun 30 2026.,static_crystal_polymer,,
4U82,diffdock,scored,0.68027,gnina v1.3.3 master:6fe1ce2   Built Jun 30 2026.,static_crystal_polymer,,
4U7O,equibind,scored,0.00075,gnina v1.3.3 master:6fe1ce2   Built Jun 30 2026.,static_crystal_polymer,,
4U7O,diffdock,scored,0.34611,gnina v1.3.3 master:6fe1ce2   Built Jun 30 2026.,static_crystal_polymer,,
4U2Y,equibind,scored,0.00248,gnina v1.3.3 master:6fe1ce2   Built Jun 30 2026.,static_crystal_polymer,,
4U2Y,diffdock,scored,0.8271,gnina v1.3.3 master:6fe1ce2   Built Jun 30 2026.,static_crystal_polymer,,
4UCC,equibind,scored,0.00325,gnina v1.3.3 master:6fe1ce2   Built Jun 30 2026.,static_crystal_polymer,,
4UCC,diffdock,scored,0.46699,gnina v1.3.3 master:6fe1ce2   Built Jun 30 2026.,static_crystal_polymer,,
4UCD,equibind,scored,0.00352,gnina v1.3.3 master:6fe1ce2   Built Jun 30 2026.,static_crystal_polymer,,
4UCD,diffdock,scored,0.81348,gnina v1.3.3 master:6fe1ce2   Built Jun 30 2026.,static_crystal_polymer,,
4UAU,equibind,scored,0.02019,gnina v1.3.3 master:6fe1ce2   Built Jun 30 2026.,static_crystal_polymer,,
4UAU,diffdock,scored,0.97013,gnina v1.3.3 master:6fe1ce2   Built Jun 30 2026.,static_crystal_polymer,,
4UAT,equibind,scored,0.03987,gnina v1.3.3 master:6fe1ce2   Built Jun 30 2026.,static_crystal_polymer,,
4UAT,diffdock,scored,0.96906,gnina v1.3.3 master:6fe1ce2   Built Jun 30 2026.,static_crystal_polymer,,
4UCO,equibind,scored,0.11333,gnina v1.3.3 master:6fe1ce2   Built Jun 30 2026.,static_crystal_polymer,,
4UCO,diffdock,scored,0.78801,gnina v1.3.3 master:6fe1ce2   Built Jun 30 2026.,static_crystal_polymer,,
4UCS,equibind,scored,0.12149,gnina v1.3.3 master:6fe1ce2   Built Jun 30 2026.,static_crystal_polymer,,
4UCS,diffdock,scored,0.97921,gnina v1.3.3 master:6fe1ce2   Built Jun 30 2026.,static_crystal_polymer,,
4UCE,equibind,scored,0.02715,gnina v1.3.3 master:6fe1ce2   Built Jun 30 2026.,static_crystal_polymer,,
4UCE,diffdock,scored,0.78449,gnina v1.3.3 master:6fe1ce2   Built Jun 30 2026.,static_crystal_polymer,,
4UCR,equibind,scored,0.00156,gnina v1.3.3 master:6fe1ce2   Built Jun 30 2026.,static_crystal_polymer,,
4UCR,diffdock,scored,0.86533,gnina v1.3.3 master:6fe1ce2   Built Jun 30 2026.,static_crystal_polymer,,
4UCT,equibind,scored,0.0426,gnina v1.3.3 master:6fe1ce2   Built Jun 30 2026.,static_crystal_polymer,,
4UCT,diffdock,scored,0.41646,gnina v1.3.3 master:6fe1ce2   Built Jun 30 2026.,static_crystal_polymer,,
4UCU,equibind,scored,0.00064,gnina v1.3.3 master:6fe1ce2   Built Jun 30 2026.,static_crystal_polymer,,
4UCU,diffdock,scored,0.34528,gnina v1.3.3 master:6fe1ce2   Built Jun 30 2026.,static_crystal_polymer,,
4UCV,equibind,scored,0.00113,gnina v1.3.3 master:6fe1ce2   Built Jun 30 2026.,static_crystal_polymer,,
4UCV,diffdock,scored,0.91179,gnina v1.3.3 master:6fe1ce2   Built Jun 30 2026.,static_crystal_polymer,,
4UDA,equibind,scored,0.55506,gnina v1.3.3 master:6fe1ce2   Built Jun 30 2026.,static_crystal_polymer,,
4UDA,diffdock,scored,0.91716,gnina v1.3.3 master:6fe1ce2   Built Jun 30 2026.,static_crystal_polymer,,
4UDB,equibind,scored,0.75104,gnina v1.3.3 master:6fe1ce2   Built Jun 30 2026.,static_crystal_polymer,,
4UDB,diffdock,scored,0.13096,gnina v1.3.3 master:6fe1ce2   Built Jun 30 2026.,static_crystal_polymer,,
4UFI,equibind,scored,0.66484,gnina v1.3.3 master:6fe1ce2   Built Jun 30 2026.,static_crystal_polymer,,
4UFI,diffdock,scored,0.49338,gnina v1.3.3 master:6fe1ce2   Built Jun 30 2026.,static_crystal_polymer,,
4UFH,equibind,scored,0.76575,gnina v1.3.3 master:6fe1ce2   Built Jun 30 2026.,static_crystal_polymer,,
4UFH,diffdock,scored,0.89759,gnina v1.3.3 master:6fe1ce2   Built Jun 30 2026.,static_crystal_polymer,,
4UFJ,equibind,scored,0.62121,gnina v1.3.3 master:6fe1ce2   Built Jun 30 2026.,static_crystal_polymer,,
4UFJ,diffdock,scored,0.73071,gnina v1.3.3 master:6fe1ce2   Built Jun 30 2026.,static_crystal_polymer,,
4UFK,equibind,scored,0.73732,gnina v1.3.3 master:6fe1ce2   Built Jun 30 2026.,static_crystal_polymer,,
4UFK,diffdock,scored,0.81234,gnina v1.3.3 master:6fe1ce2   Built Jun 30 2026.,static_crystal_polymer,,
4UFL,equibind,scored,0.65637,gnina v1.3.3 master:6fe1ce2   Built Jun 30 2026.,static_crystal_polymer,,
4UFL,diffdock,scored,0.77195,gnina v1.3.3 master:6fe1ce2   Built Jun 30 2026.,static_crystal_polymer,,
4UC5,equibind,scored,0.04973,gnina v1.3.3 master:6fe1ce2   Built Jun 30 2026.,static_crystal_polymer,,
4UC5,diffdock,scored,0.21505,gnina v1.3.3 master:6fe1ce2   Built Jun 30 2026.,static_crystal_polymer,,
4UIA,equibind,scored,0.05032,gnina v1.3.3 master:6fe1ce2   Built Jun 30 2026.,static_crystal_polymer,,
4UIA,diffdock,scored,0.67017,gnina v1.3.3 master:6fe1ce2   Built Jun 30 2026.,static_crystal_polymer,,
4UFM,equibind,scored,0.67691,gnina v1.3.3 master:6fe1ce2   Built Jun 30 2026.,static_crystal_polymer,,
4UFM,diffdock,scored,0.42216,gnina v1.3.3 master:6fe1ce2   Built Jun 30 2026.,static_crystal_polymer,,
4UI5,equibind,scored,0.13424,gnina v1.3.3 master:6fe1ce2   Built Jun 30 2026.,static_crystal_polymer,,
4UI5,diffdock,scored,0.9437,gnina v1.3.3 master:6fe1ce2   Built Jun 30 2026.,static_crystal_polymer,,
4UIT,equibind,scored,0.47943,gnina v1.3.3 master:6fe1ce2   Built Jun 30 2026.,static_crystal_polymer,,
4UIT,diffdock,scored,0.26252,gnina v1.3.3 master:6fe1ce2   Built Jun 30 2026.,static_crystal_polymer,,
4UIB,equibind,scored,0.00373,gnina v1.3.3 master:6fe1ce2   Built Jun 30 2026.,static_crystal_polymer,,
4UIB,diffdock,scored,0.61058,gnina v1.3.3 master:6fe1ce2   Built Jun 30 2026.,static_crystal_polymer,,
4UIL,equibind,scored,0.00459,gnina v1.3.3 master:6fe1ce2   Built Jun 30 2026.,static_crystal_polymer,,
4UIL,diffdock,scored,0.31372,gnina v1.3.3 master:6fe1ce2   Built Jun 30 2026.,static_crystal_polymer,,
4UI6,equibind,scored,0.05488,gnina v1.3.3 master:6fe1ce2   Built Jun 30 2026.,static_crystal_polymer,,
4UI6,diffdock,scored,0.99179,gnina v1.3.3 master:6fe1ce2   Built Jun 30 2026.,static_crystal_polymer,,
4UIU,equibind,scored,0.1468,gnina v1.3.3 master:6fe1ce2   Built Jun 30 2026.,static_crystal_polymer,,
4UIU,diffdock,scored,0.94966,gnina v1.3.3 master:6fe1ce2   Built Jun 30 2026.,static_crystal_polymer,,
4UIN,equibind,scored,0.0023,gnina v1.3.3 master:6fe1ce2   Built Jun 30 2026.,static_crystal_polymer,,
4UIN,diffdock,scored,0.89706,gnina v1.3.3 master:6fe1ce2   Built Jun 30 2026.,static_crystal_polymer,,
4UIW,equibind,scored,0.03955,gnina v1.3.3 master:6fe1ce2   Built Jun 30 2026.,static_crystal_polymer,,
4UIW,diffdock,scored,0.93068,gnina v1.3.3 master:6fe1ce2   Built Jun 30 2026.,static_crystal_polymer,,
4UIZ,equibind,scored,0.00658,gnina v1.3.3 master:6fe1ce2   Built Jun 30 2026.,static_crystal_polymer,,
4UIZ,diffdock,scored,0.19735,gnina v1.3.3 master:6fe1ce2   Built Jun 30 2026.,static_crystal_polymer,,
4UJ1,equibind,scored,0.69438,gnina v1.3.3 master:6fe1ce2   Built Jun 30 2026.,static_crystal_polymer,,
4UJ1,diffdock,scored,0.172,gnina v1.3.3 master:6fe1ce2   Built Jun 30 2026.,static_crystal_polymer,,
4UJB,equibind,scored,0.72367,gnina v1.3.3 master:6fe1ce2   Built Jun 30 2026.,static_crystal_polymer,,
4UJB,diffdock,scored,0.69392,gnina v1.3.3 master:6fe1ce2   Built Jun 30 2026.,static_crystal_polymer,,
4UNP,equibind,scored,0.33547,gnina v1.3.3 master:6fe1ce2   Built Jun 30 2026.,static_crystal_polymer,,
4UNP,diffdock,scored,0.88453,gnina v1.3.3 master:6fe1ce2   Built Jun 30 2026.,static_crystal_polymer,,
4UIX,equibind,scored,2e-05,gnina v1.3.3 master:6fe1ce2   Built Jun 30 2026.,static_crystal_polymer,,
4UIX,diffdock,scored,0.1204,gnina v1.3.3 master:6fe1ce2   Built Jun 30 2026.,static_crystal_polymer,,
4UNN,equibind,scored,0.00334,gnina v1.3.3 master:6fe1ce2   Built Jun 30 2026.,static_crystal_polymer,,
4UNN,diffdock,scored,0.4997,gnina v1.3.3 master:6fe1ce2   Built Jun 30 2026.,static_crystal_polymer,,
4UNQ,equibind,scored,0.00062,gnina v1.3.3 master:6fe1ce2   Built Jun 30 2026.,static_crystal_polymer,,
4UNQ,diffdock,scored,0.94294,gnina v1.3.3 master:6fe1ce2   Built Jun 30 2026.,static_crystal_polymer,,
4TWD,equibind,scored,0.00204,gnina v1.3.3 master:6fe1ce2   Built Jun 30 2026.,static_crystal_polymer,,
4UP5,equibind,scored,0.02895,gnina v1.3.3 master:6fe1ce2   Built Jun 30 2026.,static_crystal_polymer,,
4UP5,diffdock,scored,0.55093,gnina v1.3.3 master:6fe1ce2   Built Jun 30 2026.,static_crystal_polymer,,
4UNS,equibind,scored,0.00023,gnina v1.3.3 master:6fe1ce2   Built Jun 30 2026.,static_crystal_polymer,,
4UNS,diffdock,scored,0.83064,gnina v1.3.3 master:6fe1ce2   Built Jun 30 2026.,static_crystal_polymer,,
4UOF,equibind,scored,0.00229,gnina v1.3.3 master:6fe1ce2   Built Jun 30 2026.,static_crystal_polymer,,
4UOF,diffdock,scored,0.43308,gnina v1.3.3 master:6fe1ce2   Built Jun 30 2026.,static_crystal_polymer,,
4UOH,equibind,scored,4e-05,gnina v1.3.3 master:6fe1ce2   Built Jun 30 2026.,static_crystal_polymer,,
4UOH,diffdock,scored,0.36138,gnina v1.3.3 master:6fe1ce2   Built Jun 30 2026.,static_crystal_polymer,,
4URA,equibind,scored,9e-05,gnina v1.3.3 master:6fe1ce2   Built Jun 30 2026.,static_crystal_polymer,,
4URA,diffdock,scored,0.86177,gnina v1.3.3 master:6fe1ce2   Built Jun 30 2026.,static_crystal_polymer,,
4URK,equibind,scored,0.40523,gnina v1.3.3 master:6fe1ce2   Built Jun 30 2026.,static_crystal_polymer,,
4URK,diffdock,scored,0.97522,gnina v1.3.3 master:6fe1ce2   Built Jun 30 2026.,static_crystal_polymer,,
4UMA,equibind,scored,0.51896,gnina v1.3.3 master:6fe1ce2   Built Jun 30 2026.,static_crystal_polymer,,
4UMA,diffdock,scored,0.72879,gnina v1.3.3 master:6fe1ce2   Built Jun 30 2026.,static_crystal_polymer,,
4UMB,equibind,scored,0.00224,gnina v1.3.3 master:6fe1ce2   Built Jun 30 2026.,static_crystal_polymer,,
4UMB,diffdock,scored,0.85419,gnina v1.3.3 master:6fe1ce2   Built Jun 30 2026.,static_crystal_polymer,,
4US3,equibind,scored,0.14356,gnina v1.3.3 master:6fe1ce2   Built Jun 30 2026.,static_crystal_polymer,,
4US3,diffdock,scored,0.37885,gnina v1.3.3 master:6fe1ce2   Built Jun 30 2026.,static_crystal_polymer,,
4URW,equibind,scored,0.0,gnina v1.3.3 master:6fe1ce2   Built Jun 30 2026.,static_crystal_polymer,,
4URW,diffdock,scored,0.74983,gnina v1.3.3 master:6fe1ce2   Built Jun 30 2026.,static_crystal_polymer,,
4UMC,equibind,scored,0.49498,gnina v1.3.3 master:6fe1ce2   Built Jun 30 2026.,static_crystal_polymer,,
4UMC,diffdock,scored,0.90947,gnina v1.3.3 master:6fe1ce2   Built Jun 30 2026.,static_crystal_polymer,,
4US4,equibind,scored,0.02552,gnina v1.3.3 master:6fe1ce2   Built Jun 30 2026.,static_crystal_polymer,,
4US4,diffdock,scored,0.42017,gnina v1.3.3 master:6fe1ce2   Built Jun 30 2026.,static_crystal_polymer,,
4URX,equibind,scored,0.49813,gnina v1.3.3 master:6fe1ce2   Built Jun 30 2026.,static_crystal_polymer,,
4URX,diffdock,scored,0.85773,gnina v1.3.3 master:6fe1ce2   Built Jun 30 2026.,static_crystal_polymer,,
4URL,equibind,scored,4e-05,gnina v1.3.3 master:6fe1ce2   Built Jun 30 2026.,static_crystal_polymer,,
4URL,diffdock,scored,0.26618,gnina v1.3.3 master:6fe1ce2   Built Jun 30 2026.,static_crystal_polymer,,
4USI,equibind,scored,0.20968,gnina v1.3.3 master:6fe1ce2   Built Jun 30 2026.,static_crystal_polymer,,
4USI,diffdock,scored,0.52987,gnina v1.3.3 master:6fe1ce2   Built Jun 30 2026.,static_crystal_polymer,,
4USW,equibind,scored,0.02215,gnina v1.3.3 master:6fe1ce2   Built Jun 30 2026.,static_crystal_polymer,,
4USW,diffdock,scored,0.09847,gnina v1.3.3 master:6fe1ce2   Built Jun 30 2026.,static_crystal_polymer,,
4UUQ,equibind,scored,0.00822,gnina v1.3.3 master:6fe1ce2   Built Jun 30 2026.,static_crystal_polymer,,
4UUQ,diffdock,scored,0.05287,gnina v1.3.3 master:6fe1ce2   Built Jun 30 2026.,static_crystal_polymer,,
4UWG,equibind,scored,0.41443,gnina v1.3.3 master:6fe1ce2   Built Jun 30 2026.,static_crystal_polymer,,
4UWG,diffdock,scored,0.85215,gnina v1.3.3 master:6fe1ce2   Built Jun 30 2026.,static_crystal_polymer,,
4URM,equibind,scored,2e-05,gnina v1.3.3 master:6fe1ce2   Built Jun 30 2026.,static_crystal_polymer,,
4URM,diffdock,scored,0.69336,gnina v1.3.3 master:6fe1ce2   Built Jun 30 2026.,static_crystal_polymer,,
4USJ,equibind,scored,0.0419,gnina v1.3.3 master:6fe1ce2   Built Jun 30 2026.,static_crystal_polymer,,
4USJ,diffdock,scored,0.14184,gnina v1.3.3 master:6fe1ce2   Built Jun 30 2026.,static_crystal_polymer,,
4UWL,equibind,scored,0.1421,gnina v1.3.3 master:6fe1ce2   Built Jun 30 2026.,static_crystal_polymer,,
4UWL,diffdock,scored,0.55182,gnina v1.3.3 master:6fe1ce2   Built Jun 30 2026.,static_crystal_polymer,,
4UWK,equibind,scored,0.13725,gnina v1.3.3 master:6fe1ce2   Built Jun 30 2026.,static_crystal_polymer,,
4UWK,diffdock,scored,0.93891,gnina v1.3.3 master:6fe1ce2   Built Jun 30 2026.,static_crystal_polymer,,
4UV9,equibind,scored,0.00053,gnina v1.3.3 master:6fe1ce2   Built Jun 30 2026.,static_crystal_polymer,,
4UV9,diffdock,scored,0.80929,gnina v1.3.3 master:6fe1ce2   Built Jun 30 2026.,static_crystal_polymer,,
4UX4,equibind,scored,0.30599,gnina v1.3.3 master:6fe1ce2   Built Jun 30 2026.,static_crystal_polymer,,
4UX4,diffdock,scored,0.98015,gnina v1.3.3 master:6fe1ce2   Built Jun 30 2026.,static_crystal_polymer,,
4UY1,equibind,scored,0.08326,gnina v1.3.3 master:6fe1ce2   Built Jun 30 2026.,static_crystal_polymer,,
4UY1,diffdock,scored,0.85165,gnina v1.3.3 master:6fe1ce2   Built Jun 30 2026.,static_crystal_polymer,,
4UXB,equibind,scored,0.00063,gnina v1.3.3 master:6fe1ce2   Built Jun 30 2026.,static_crystal_polymer,,
4UXB,diffdock,scored,0.92664,gnina v1.3.3 master:6fe1ce2   Built Jun 30 2026.,static_crystal_polymer,,
4UZH,equibind,scored,0.36088,gnina v1.3.3 master:6fe1ce2   Built Jun 30 2026.,static_crystal_polymer,,
4UZH,diffdock,scored,0.57164,gnina v1.3.3 master:6fe1ce2   Built Jun 30 2026.,static_crystal_polymer,,
4V1F,equibind,scored,0.00057,gnina v1.3.3 master:6fe1ce2   Built Jun 30 2026.,static_crystal_polymer,,
4V1F,diffdock,scored,0.81912,gnina v1.3.3 master:6fe1ce2   Built Jun 30 2026.,static_crystal_polymer,,
4UYE,equibind,scored,0.01329,gnina v1.3.3 master:6fe1ce2   Built Jun 30 2026.,static_crystal_polymer,,
4UYE,diffdock,scored,0.62049,gnina v1.3.3 master:6fe1ce2   Built Jun 30 2026.,static_crystal_polymer,,
4UZD,equibind,scored,0.20328,gnina v1.3.3 master:6fe1ce2   Built Jun 30 2026.,static_crystal_polymer,,
4UZD,diffdock,scored,0.31458,gnina v1.3.3 master:6fe1ce2   Built Jun 30 2026.,static_crystal_polymer,,
4VGC,equibind,scored,0.42069,gnina v1.3.3 master:6fe1ce2   Built Jun 30 2026.,static_crystal_polymer,,
4VGC,diffdock,scored,0.17295,gnina v1.3.3 master:6fe1ce2   Built Jun 30 2026.,static_crystal_polymer,,
4V05,equibind,scored,3e-05,gnina v1.3.3 master:6fe1ce2   Built Jun 30 2026.,static_crystal_polymer,,
4V05,diffdock,scored,0.66801,gnina v1.3.3 master:6fe1ce2   Built Jun 30 2026.,static_crystal_polymer,,
4W4V,equibind,scored,0.25428,gnina v1.3.3 master:6fe1ce2   Built Jun 30 2026.,static_crystal_polymer,,
4W4V,diffdock,scored,0.90721,gnina v1.3.3 master:6fe1ce2   Built Jun 30 2026.,static_crystal_polymer,,
4W4W,equibind,scored,0.04202,gnina v1.3.3 master:6fe1ce2   Built Jun 30 2026.,static_crystal_polymer,,
4W4W,diffdock,scored,0.14866,gnina v1.3.3 master:6fe1ce2   Built Jun 30 2026.,static_crystal_polymer,,
4W52,equibind,scored,0.83787,gnina v1.3.3 master:6fe1ce2   Built Jun 30 2026.,static_crystal_polymer,,
4W52,diffdock,scored,0.90892,gnina v1.3.3 master:6fe1ce2   Built Jun 30 2026.,static_crystal_polymer,,
4W4Y,equibind,scored,0.29318,gnina v1.3.3 master:6fe1ce2   Built Jun 30 2026.,static_crystal_polymer,,
4W4Y,diffdock,scored,0.5803,gnina v1.3.3 master:6fe1ce2   Built Jun 30 2026.,static_crystal_polymer,,
4W53,equibind,scored,0.78094,gnina v1.3.3 master:6fe1ce2   Built Jun 30 2026.,static_crystal_polymer,,
4W53,diffdock,scored,0.95524,gnina v1.3.3 master:6fe1ce2   Built Jun 30 2026.,static_crystal_polymer,,
4V24,equibind,scored,0.00142,gnina v1.3.3 master:6fe1ce2   Built Jun 30 2026.,static_crystal_polymer,,
4V24,diffdock,scored,0.57855,gnina v1.3.3 master:6fe1ce2   Built Jun 30 2026.,static_crystal_polymer,,
4W54,equibind,scored,0.74184,gnina v1.3.3 master:6fe1ce2   Built Jun 30 2026.,static_crystal_polymer,,
4W54,diffdock,scored,0.86485,gnina v1.3.3 master:6fe1ce2   Built Jun 30 2026.,static_crystal_polymer,,
4W55,equibind,scored,0.3979,gnina v1.3.3 master:6fe1ce2   Built Jun 30 2026.,static_crystal_polymer,,
4W55,diffdock,scored,0.83832,gnina v1.3.3 master:6fe1ce2   Built Jun 30 2026.,static_crystal_polymer,,
4W57,equibind,scored,0.25092,gnina v1.3.3 master:6fe1ce2   Built Jun 30 2026.,static_crystal_polymer,,
4W57,diffdock,scored,0.46653,gnina v1.3.3 master:6fe1ce2   Built Jun 30 2026.,static_crystal_polymer,,
4W9G,diffdock,scored,0.57889,gnina v1.3.3 master:6fe1ce2   Built Jun 30 2026.,static_crystal_polymer,,
4W7T,equibind,scored,0.57236,gnina v1.3.3 master:6fe1ce2   Built Jun 30 2026.,static_crystal_polymer,,
4W7T,diffdock,scored,0.71344,gnina v1.3.3 master:6fe1ce2   Built Jun 30 2026.,static_crystal_polymer,,
4W9H,diffdock,scored,0.19187,gnina v1.3.3 master:6fe1ce2   Built Jun 30 2026.,static_crystal_polymer,,
4W9K,diffdock,scored,0.23572,gnina v1.3.3 master:6fe1ce2   Built Jun 30 2026.,static_crystal_polymer,,
4V0I,equibind,scored,0.01164,gnina v1.3.3 master:6fe1ce2   Built Jun 30 2026.,static_crystal_polymer,,
4V0I,diffdock,scored,0.48006,gnina v1.3.3 master:6fe1ce2   Built Jun 30 2026.,static_crystal_polymer,,
4W9O,equibind,scored,9e-05,gnina v1.3.3 master:6fe1ce2   Built Jun 30 2026.,static_crystal_polymer,,
4W9O,diffdock,scored,0.99208,gnina v1.3.3 master:6fe1ce2   Built Jun 30 2026.,static_crystal_polymer,,
4W9L,diffdock,scored,0.07683,gnina v1.3.3 master:6fe1ce2   Built Jun 30 2026.,static_crystal_polymer,,
4W9S,equibind,scored,0.0123,gnina v1.3.3 master:6fe1ce2   Built Jun 30 2026.,static_crystal_polymer,,
4W9S,diffdock,scored,0.4593,gnina v1.3.3 master:6fe1ce2   Built Jun 30 2026.,static_crystal_polymer,,
4W9P,equibind,scored,0.01033,gnina v1.3.3 master:6fe1ce2   Built Jun 30 2026.,static_crystal_polymer,,
4W9P,diffdock,scored,0.96664,gnina v1.3.3 master:6fe1ce2   Built Jun 30 2026.,static_crystal_polymer,,
4W9Q,equibind,scored,0.02182,gnina v1.3.3 master:6fe1ce2   Built Jun 30 2026.,static_crystal_polymer,,
4W9Q,diffdock,scored,0.32659,gnina v1.3.3 master:6fe1ce2   Built Jun 30 2026.,static_crystal_polymer,,
4W9W,equibind,scored,0.04458,gnina v1.3.3 master:6fe1ce2   Built Jun 30 2026.,static_crystal_polymer,,
4W9W,diffdock,scored,0.88917,gnina v1.3.3 master:6fe1ce2   Built Jun 30 2026.,static_crystal_polymer,,
4WBG,equibind,scored,0.00793,gnina v1.3.3 master:6fe1ce2   Built Jun 30 2026.,static_crystal_polymer,,
4WBG,diffdock,scored,0.6412,gnina v1.3.3 master:6fe1ce2   Built Jun 30 2026.,static_crystal_polymer,,
4UXJ,equibind,scored,4e-05,gnina v1.3.3 master:6fe1ce2   Built Jun 30 2026.,static_crystal_polymer,,
4UXJ,diffdock,scored,0.2935,gnina v1.3.3 master:6fe1ce2   Built Jun 30 2026.,static_crystal_polymer,,
4WA9,equibind,scored,0.00162,gnina v1.3.3 master:6fe1ce2   Built Jun 30 2026.,static_crystal_polymer,,
4WA9,diffdock,scored,0.34745,gnina v1.3.3 master:6fe1ce2   Built Jun 30 2026.,static_crystal_polymer,,
4WF2,equibind,scored,0.00086,gnina v1.3.3 master:6fe1ce2   Built Jun 30 2026.,static_crystal_polymer,,
4WF2,diffdock,scored,0.9474,gnina v1.3.3 master:6fe1ce2   Built Jun 30 2026.,static_crystal_polymer,,
4WF6,equibind,scored,0.23869,gnina v1.3.3 master:6fe1ce2   Built Jun 30 2026.,static_crystal_polymer,,
4WF6,diffdock,scored,0.76872,gnina v1.3.3 master:6fe1ce2   Built Jun 30 2026.,static_crystal_polymer,,
4WH7,equibind,scored,0.73847,gnina v1.3.3 master:6fe1ce2   Built Jun 30 2026.,static_crystal_polymer,,
4WH7,diffdock,scored,0.68603,gnina v1.3.3 master:6fe1ce2   Built Jun 30 2026.,static_crystal_polymer,,
4QIJ,equibind,scored,0.01794,gnina v1.3.3 master:6fe1ce2   Built Jun 30 2026.,static_crystal_polymer,,
4W9N,equibind,scored,0.40733,gnina v1.3.3 master:6fe1ce2   Built Jun 30 2026.,static_crystal_polymer,,
4W9N,diffdock,scored,0.28475,gnina v1.3.3 master:6fe1ce2   Built Jun 30 2026.,static_crystal_polymer,,
4WEF,equibind,scored,4e-05,gnina v1.3.3 master:6fe1ce2   Built Jun 30 2026.,static_crystal_polymer,,
4WEF,diffdock,scored,0.84108,gnina v1.3.3 master:6fe1ce2   Built Jun 30 2026.,static_crystal_polymer,,
4WGI,equibind,scored,0.00922,gnina v1.3.3 master:6fe1ce2   Built Jun 30 2026.,static_crystal_polymer,,
4WGI,diffdock,scored,0.29799,gnina v1.3.3 master:6fe1ce2   Built Jun 30 2026.,static_crystal_polymer,,
4WK1,equibind,scored,0.00026,gnina v1.3.3 master:6fe1ce2   Built Jun 30 2026.,static_crystal_polymer,,
4WK1,diffdock,scored,0.0949,gnina v1.3.3 master:6fe1ce2   Built Jun 30 2026.,static_crystal_polymer,,
4WK7,equibind,scored,0.17634,gnina v1.3.3 master:6fe1ce2   Built Jun 30 2026.,static_crystal_polymer,,
4WK7,diffdock,scored,0.61535,gnina v1.3.3 master:6fe1ce2   Built Jun 30 2026.,static_crystal_polymer,,
4WKC,equibind,scored,0.00251,gnina v1.3.3 master:6fe1ce2   Built Jun 30 2026.,static_crystal_polymer,,
4WKC,diffdock,scored,0.93605,gnina v1.3.3 master:6fe1ce2   Built Jun 30 2026.,static_crystal_polymer,,
4WKE,equibind,scored,0.00137,gnina v1.3.3 master:6fe1ce2   Built Jun 30 2026.,static_crystal_polymer,,
4WKE,diffdock,scored,0.6758,gnina v1.3.3 master:6fe1ce2   Built Jun 30 2026.,static_crystal_polymer,,
4WKB,equibind,scored,0.06564,gnina v1.3.3 master:6fe1ce2   Built Jun 30 2026.,static_crystal_polymer,,
4WKB,diffdock,scored,0.98099,gnina v1.3.3 master:6fe1ce2   Built Jun 30 2026.,static_crystal_polymer,,
4W5J,equibind,scored,0.0,gnina v1.3.3 master:6fe1ce2   Built Jun 30 2026.,static_crystal_polymer,,
4W5J,diffdock,scored,0.30713,gnina v1.3.3 master:6fe1ce2   Built Jun 30 2026.,static_crystal_polymer,,
4WCU,equibind,scored,0.05957,gnina v1.3.3 master:6fe1ce2   Built Jun 30 2026.,static_crystal_polymer,,
4WCU,diffdock,scored,0.56364,gnina v1.3.3 master:6fe1ce2   Built Jun 30 2026.,static_crystal_polymer,,
4WKN,equibind,scored,0.00656,gnina v1.3.3 master:6fe1ce2   Built Jun 30 2026.,static_crystal_polymer,,
4WKN,diffdock,scored,0.99359,gnina v1.3.3 master:6fe1ce2   Built Jun 30 2026.,static_crystal_polymer,,
4WI1,equibind,scored,0.00016,gnina v1.3.3 master:6fe1ce2   Built Jun 30 2026.,static_crystal_polymer,,
4WI1,diffdock,scored,0.94354,gnina v1.3.3 master:6fe1ce2   Built Jun 30 2026.,static_crystal_polymer,,
4WKO,equibind,scored,0.00094,gnina v1.3.3 master:6fe1ce2   Built Jun 30 2026.,static_crystal_polymer,,
4WKO,diffdock,scored,0.36607,gnina v1.3.3 master:6fe1ce2   Built Jun 30 2026.,static_crystal_polymer,,
4WMV,equibind,scored,0.38201,gnina v1.3.3 master:6fe1ce2   Built Jun 30 2026.,static_crystal_polymer,,
4WMV,diffdock,scored,0.88034,gnina v1.3.3 master:6fe1ce2   Built Jun 30 2026.,static_crystal_polymer,,
4WKU,equibind,scored,0.12708,gnina v1.3.3 master:6fe1ce2   Built Jun 30 2026.,static_crystal_polymer,,
4WKU,diffdock,scored,0.12166,gnina v1.3.3 master:6fe1ce2   Built Jun 30 2026.,static_crystal_polymer,,
4WHS,equibind,scored,0.73,gnina v1.3.3 master:6fe1ce2   Built Jun 30 2026.,static_crystal_polymer,,
4WHS,diffdock,scored,0.49986,gnina v1.3.3 master:6fe1ce2   Built Jun 30 2026.,static_crystal_polymer,,
4WN0,equibind,scored,0.18817,gnina v1.3.3 master:6fe1ce2   Built Jun 30 2026.,static_crystal_polymer,,
4WN0,diffdock,scored,0.55982,gnina v1.3.3 master:6fe1ce2   Built Jun 30 2026.,static_crystal_polymer,,
4WMX,equibind,scored,0.00096,gnina v1.3.3 master:6fe1ce2   Built Jun 30 2026.,static_crystal_polymer,,
4WMX,diffdock,scored,0.19087,gnina v1.3.3 master:6fe1ce2   Built Jun 30 2026.,static_crystal_polymer,,
4WKV,equibind,scored,0.26691,gnina v1.3.3 master:6fe1ce2   Built Jun 30 2026.,static_crystal_polymer,,
4WKV,diffdock,scored,0.69195,gnina v1.3.3 master:6fe1ce2   Built Jun 30 2026.,static_crystal_polymer,,
4WNM,equibind,scored,0.02395,gnina v1.3.3 master:6fe1ce2   Built Jun 30 2026.,static_crystal_polymer,,
4WNM,diffdock,scored,0.71614,gnina v1.3.3 master:6fe1ce2   Built Jun 30 2026.,static_crystal_polymer,,
4TNW,equibind,scored,0.33986,gnina v1.3.3 master:6fe1ce2   Built Jun 30 2026.,static_crystal_polymer,,
4WHQ,equibind,scored,0.6466,gnina v1.3.3 master:6fe1ce2   Built Jun 30 2026.,static_crystal_polymer,,
4WHQ,diffdock,scored,0.60645,gnina v1.3.3 master:6fe1ce2   Built Jun 30 2026.,static_crystal_polymer,,
4WHR,equibind,scored,0.03447,gnina v1.3.3 master:6fe1ce2   Built Jun 30 2026.,static_crystal_polymer,,
4WHR,diffdock,scored,0.53126,gnina v1.3.3 master:6fe1ce2   Built Jun 30 2026.,static_crystal_polymer,,
4WN5,equibind,scored,5e-05,gnina v1.3.3 master:6fe1ce2   Built Jun 30 2026.,static_crystal_polymer,,
4WN5,diffdock,scored,0.45229,gnina v1.3.3 master:6fe1ce2   Built Jun 30 2026.,static_crystal_polymer,,
4WNO,equibind,scored,0.39168,gnina v1.3.3 master:6fe1ce2   Built Jun 30 2026.,static_crystal_polymer,,
4WNO,diffdock,scored,0.40346,gnina v1.3.3 master:6fe1ce2   Built Jun 30 2026.,static_crystal_polymer,,
4WMY,equibind,scored,0.00017,gnina v1.3.3 master:6fe1ce2   Built Jun 30 2026.,static_crystal_polymer,,
4WMY,diffdock,scored,0.21935,gnina v1.3.3 master:6fe1ce2   Built Jun 30 2026.,static_crystal_polymer,,
4WN1,equibind,scored,0.00128,gnina v1.3.3 master:6fe1ce2   Built Jun 30 2026.,static_crystal_polymer,,
4WN1,diffdock,scored,0.57912,gnina v1.3.3 master:6fe1ce2   Built Jun 30 2026.,static_crystal_polymer,,
4WRI,equibind,scored,4e-05,gnina v1.3.3 master:6fe1ce2   Built Jun 30 2026.,static_crystal_polymer,,
4WRI,diffdock,scored,0.69135,gnina v1.3.3 master:6fe1ce2   Built Jun 30 2026.,static_crystal_polymer,,
4WOV,equibind,scored,0.00321,gnina v1.3.3 master:6fe1ce2   Built Jun 30 2026.,static_crystal_polymer,,
4WOV,diffdock,scored,0.19754,gnina v1.3.3 master:6fe1ce2   Built Jun 30 2026.,static_crystal_polymer,,
4WQ2,equibind,scored,0.05952,gnina v1.3.3 master:6fe1ce2   Built Jun 30 2026.,static_crystal_polymer,,
4WQ2,diffdock,scored,0.69933,gnina v1.3.3 master:6fe1ce2   Built Jun 30 2026.,static_crystal_polymer,,
4WKP,equibind,scored,0.00016,gnina v1.3.3 master:6fe1ce2   Built Jun 30 2026.,static_crystal_polymer,,
4WKP,diffdock,scored,0.84687,gnina v1.3.3 master:6fe1ce2   Built Jun 30 2026.,static_crystal_polymer,,
4WR7,equibind,scored,0.00059,gnina v1.3.3 master:6fe1ce2   Built Jun 30 2026.,static_crystal_polymer,,
4WR7,diffdock,scored,0.83123,gnina v1.3.3 master:6fe1ce2   Built Jun 30 2026.,static_crystal_polymer,,
4WPF,equibind,scored,0.00348,gnina v1.3.3 master:6fe1ce2   Built Jun 30 2026.,static_crystal_polymer,,
4WPF,diffdock,scored,0.81885,gnina v1.3.3 master:6fe1ce2   Built Jun 30 2026.,static_crystal_polymer,,
4WTU,equibind,scored,0.33733,gnina v1.3.3 master:6fe1ce2   Built Jun 30 2026.,static_crystal_polymer,,
4WTU,diffdock,scored,0.84772,gnina v1.3.3 master:6fe1ce2   Built Jun 30 2026.,static_crystal_polymer,,
4WW6,equibind,scored,0.08942,gnina v1.3.3 master:6fe1ce2   Built Jun 30 2026.,static_crystal_polymer,,
4WW6,diffdock,scored,0.83201,gnina v1.3.3 master:6fe1ce2   Built Jun 30 2026.,static_crystal_polymer,,
4WUP,equibind,scored,0.00558,gnina v1.3.3 master:6fe1ce2   Built Jun 30 2026.,static_crystal_polymer,,
4WUP,diffdock,scored,0.75021,gnina v1.3.3 master:6fe1ce2   Built Jun 30 2026.,static_crystal_polymer,,
4WXI,equibind,scored,0.12172,gnina v1.3.3 master:6fe1ce2   Built Jun 30 2026.,static_crystal_polymer,,
4WXI,diffdock,scored,0.30337,gnina v1.3.3 master:6fe1ce2   Built Jun 30 2026.,static_crystal_polymer,,
4WX4,equibind,scored,0.00576,gnina v1.3.3 master:6fe1ce2   Built Jun 30 2026.,static_crystal_polymer,,
4WX4,diffdock,scored,0.75739,gnina v1.3.3 master:6fe1ce2   Built Jun 30 2026.,static_crystal_polymer,,
4WY1,equibind,scored,0.33079,gnina v1.3.3 master:6fe1ce2   Built Jun 30 2026.,static_crystal_polymer,,
4WY1,diffdock,scored,0.85061,gnina v1.3.3 master:6fe1ce2   Built Jun 30 2026.,static_crystal_polymer,,
4WY6,equibind,scored,0.20395,gnina v1.3.3 master:6fe1ce2   Built Jun 30 2026.,static_crystal_polymer,,
4WY6,diffdock,scored,0.05799,gnina v1.3.3 master:6fe1ce2   Built Jun 30 2026.,static_crystal_polymer,,
4WOP,equibind,scored,0.04564,gnina v1.3.3 master:6fe1ce2   Built Jun 30 2026.,static_crystal_polymer,,
4WOP,diffdock,scored,0.60361,gnina v1.3.3 master:6fe1ce2   Built Jun 30 2026.,static_crystal_polymer,,
4WYP,equibind,scored,0.00059,gnina v1.3.3 master:6fe1ce2   Built Jun 30 2026.,static_crystal_polymer,,
4WYP,diffdock,scored,0.15644,gnina v1.3.3 master:6fe1ce2   Built Jun 30 2026.,static_crystal_polymer,,
4WNP,equibind,scored,0.00887,gnina v1.3.3 master:6fe1ce2   Built Jun 30 2026.,static_crystal_polymer,,
4WNP,diffdock,scored,0.8992,gnina v1.3.3 master:6fe1ce2   Built Jun 30 2026.,static_crystal_polymer,,
4WX6,equibind,scored,0.00138,gnina v1.3.3 master:6fe1ce2   Built Jun 30 2026.,static_crystal_polymer,,
4WX6,diffdock,scored,0.57829,gnina v1.3.3 master:6fe1ce2   Built Jun 30 2026.,static_crystal_polymer,,
4WYY,equibind,scored,0.34681,gnina v1.3.3 master:6fe1ce2   Built Jun 30 2026.,static_crystal_polymer,,
4WYY,diffdock,scored,0.17268,gnina v1.3.3 master:6fe1ce2   Built Jun 30 2026.,static_crystal_polymer,,
4WYZ,equibind,scored,0.0,gnina v1.3.3 master:6fe1ce2   Built Jun 30 2026.,static_crystal_polymer,,
4WYZ,diffdock,scored,0.48458,gnina v1.3.3 master:6fe1ce2   Built Jun 30 2026.,static_crystal_polymer,,
4WZ4,equibind,scored,0.09607,gnina v1.3.3 master:6fe1ce2   Built Jun 30 2026.,static_crystal_polymer,,
4WZ4,diffdock,scored,0.25397,gnina v1.3.3 master:6fe1ce2   Built Jun 30 2026.,static_crystal_polymer,,
4WZ6,equibind,scored,0.00014,gnina v1.3.3 master:6fe1ce2   Built Jun 30 2026.,static_crystal_polymer,,
4WZ6,diffdock,scored,0.70719,gnina v1.3.3 master:6fe1ce2   Built Jun 30 2026.,static_crystal_polymer,,
4X2I,equibind,scored,0.0051,gnina v1.3.3 master:6fe1ce2   Built Jun 30 2026.,static_crystal_polymer,,
4X2I,diffdock,scored,0.92732,gnina v1.3.3 master:6fe1ce2   Built Jun 30 2026.,static_crystal_polymer,,
4X1F,equibind,scored,0.5938,gnina v1.3.3 master:6fe1ce2   Built Jun 30 2026.,static_crystal_polymer,,
4X1F,diffdock,scored,0.34498,gnina v1.3.3 master:6fe1ce2   Built Jun 30 2026.,static_crystal_polymer,,
4WW8,equibind,scored,0.04699,gnina v1.3.3 master:6fe1ce2   Built Jun 30 2026.,static_crystal_polymer,,
4WW8,diffdock,scored,0.90299,gnina v1.3.3 master:6fe1ce2   Built Jun 30 2026.,static_crystal_polymer,,
4WSK,equibind,scored,0.01033,gnina v1.3.3 master:6fe1ce2   Built Jun 30 2026.,static_crystal_polymer,,
4WSK,diffdock,scored,0.43552,gnina v1.3.3 master:6fe1ce2   Built Jun 30 2026.,static_crystal_polymer,,
4X2L,equibind,scored,0.18407,gnina v1.3.3 master:6fe1ce2   Built Jun 30 2026.,static_crystal_polymer,,
4X2L,diffdock,scored,0.34466,gnina v1.3.3 master:6fe1ce2   Built Jun 30 2026.,static_crystal_polymer,,
4X24,equibind,scored,0.49633,gnina v1.3.3 master:6fe1ce2   Built Jun 30 2026.,static_crystal_polymer,,
4X24,diffdock,scored,0.98834,gnina v1.3.3 master:6fe1ce2   Built Jun 30 2026.,static_crystal_polymer,,
4WSJ,equibind,scored,0.03233,gnina v1.3.3 master:6fe1ce2   Built Jun 30 2026.,static_crystal_polymer,,
4WSJ,diffdock,scored,0.79004,gnina v1.3.3 master:6fe1ce2   Built Jun 30 2026.,static_crystal_polymer,,
4X0F,equibind,scored,0.00035,gnina v1.3.3 master:6fe1ce2   Built Jun 30 2026.,static_crystal_polymer,,
4X0F,diffdock,scored,0.86608,gnina v1.3.3 master:6fe1ce2   Built Jun 30 2026.,static_crystal_polymer,,
4X47,equibind,scored,0.13854,gnina v1.3.3 master:6fe1ce2   Built Jun 30 2026.,static_crystal_polymer,,
4X47,diffdock,scored,0.19308,gnina v1.3.3 master:6fe1ce2   Built Jun 30 2026.,static_crystal_polymer,,
4X5P,equibind,scored,0.10167,gnina v1.3.3 master:6fe1ce2   Built Jun 30 2026.,static_crystal_polymer,,
4X5P,diffdock,scored,0.60665,gnina v1.3.3 master:6fe1ce2   Built Jun 30 2026.,static_crystal_polymer,,
4X49,equibind,scored,0.15751,gnina v1.3.3 master:6fe1ce2   Built Jun 30 2026.,static_crystal_polymer,,
4X49,diffdock,scored,0.94808,gnina v1.3.3 master:6fe1ce2   Built Jun 30 2026.,static_crystal_polymer,,
4WZ5,equibind,scored,0.00039,gnina v1.3.3 master:6fe1ce2   Built Jun 30 2026.,static_crystal_polymer,,
4WZ5,diffdock,scored,0.00539,gnina v1.3.3 master:6fe1ce2   Built Jun 30 2026.,static_crystal_polymer,,
4X50,equibind,scored,0.0004,gnina v1.3.3 master:6fe1ce2   Built Jun 30 2026.,static_crystal_polymer,,
4X50,diffdock,scored,0.61266,gnina v1.3.3 master:6fe1ce2   Built Jun 30 2026.,static_crystal_polymer,,
4X48,equibind,scored,0.00038,gnina v1.3.3 master:6fe1ce2   Built Jun 30 2026.,static_crystal_polymer,,
4X48,diffdock,scored,0.68783,gnina v1.3.3 master:6fe1ce2   Built Jun 30 2026.,static_crystal_polymer,,
4X6J,equibind,scored,0.2023,gnina v1.3.3 master:6fe1ce2   Built Jun 30 2026.,static_crystal_polymer,,
4X6J,diffdock,scored,0.62778,gnina v1.3.3 master:6fe1ce2   Built Jun 30 2026.,static_crystal_polymer,,
4X5Y,equibind,scored,0.02551,gnina v1.3.3 master:6fe1ce2   Built Jun 30 2026.,static_crystal_polymer,,
4X5Y,diffdock,scored,0.06258,gnina v1.3.3 master:6fe1ce2   Built Jun 30 2026.,static_crystal_polymer,,
4X2S,equibind,scored,0.71367,gnina v1.3.3 master:6fe1ce2   Built Jun 30 2026.,static_crystal_polymer,,
4X2S,diffdock,scored,0.33439,gnina v1.3.3 master:6fe1ce2   Built Jun 30 2026.,static_crystal_polymer,,
4X5R,equibind,scored,5e-05,gnina v1.3.3 master:6fe1ce2   Built Jun 30 2026.,static_crystal_polymer,,
4X5R,diffdock,scored,0.42471,gnina v1.3.3 master:6fe1ce2   Built Jun 30 2026.,static_crystal_polymer,,
4X5Z,equibind,scored,0.01504,gnina v1.3.3 master:6fe1ce2   Built Jun 30 2026.,static_crystal_polymer,,
4X5Z,diffdock,scored,0.28413,gnina v1.3.3 master:6fe1ce2   Built Jun 30 2026.,static_crystal_polymer,,
4X6N,equibind,scored,0.13263,gnina v1.3.3 master:6fe1ce2   Built Jun 30 2026.,static_crystal_polymer,,
4X6N,diffdock,scored,0.54823,gnina v1.3.3 master:6fe1ce2   Built Jun 30 2026.,static_crystal_polymer,,
4X6M,equibind,scored,0.00849,gnina v1.3.3 master:6fe1ce2   Built Jun 30 2026.,static_crystal_polymer,,
4X6M,diffdock,scored,0.36566,gnina v1.3.3 master:6fe1ce2   Built Jun 30 2026.,static_crystal_polymer,,
4X60,equibind,scored,0.00483,gnina v1.3.3 master:6fe1ce2   Built Jun 30 2026.,static_crystal_polymer,,
4X60,diffdock,scored,0.37042,gnina v1.3.3 master:6fe1ce2   Built Jun 30 2026.,static_crystal_polymer,,
4X11,equibind,scored,7e-05,gnina v1.3.3 master:6fe1ce2   Built Jun 30 2026.,static_crystal_polymer,,
4X11,diffdock,scored,0.65488,gnina v1.3.3 master:6fe1ce2   Built Jun 30 2026.,static_crystal_polymer,,
4X6P,equibind,scored,0.00238,gnina v1.3.3 master:6fe1ce2   Built Jun 30 2026.,static_crystal_polymer,,
4X6P,diffdock,scored,0.36851,gnina v1.3.3 master:6fe1ce2   Built Jun 30 2026.,static_crystal_polymer,,
4X6K,equibind,scored,0.75016,gnina v1.3.3 master:6fe1ce2   Built Jun 30 2026.,static_crystal_polymer,,
4X6K,diffdock,scored,0.98611,gnina v1.3.3 master:6fe1ce2   Built Jun 30 2026.,static_crystal_polymer,,
4X7Q,equibind,scored,0.12044,gnina v1.3.3 master:6fe1ce2   Built Jun 30 2026.,static_crystal_polymer,,
4X7Q,diffdock,scored,0.04568,gnina v1.3.3 master:6fe1ce2   Built Jun 30 2026.,static_crystal_polymer,,
4X8S,equibind,scored,0.26073,gnina v1.3.3 master:6fe1ce2   Built Jun 30 2026.,static_crystal_polymer,,
4X8S,diffdock,scored,0.73696,gnina v1.3.3 master:6fe1ce2   Built Jun 30 2026.,static_crystal_polymer,,
4X8G,equibind,scored,0.00103,gnina v1.3.3 master:6fe1ce2   Built Jun 30 2026.,static_crystal_polymer,,
4X8G,diffdock,scored,0.11539,gnina v1.3.3 master:6fe1ce2   Built Jun 30 2026.,static_crystal_polymer,,
4X6Y,equibind,scored,0.00076,gnina v1.3.3 master:6fe1ce2   Built Jun 30 2026.,static_crystal_polymer,,
4X6Y,diffdock,scored,0.45872,gnina v1.3.3 master:6fe1ce2   Built Jun 30 2026.,static_crystal_polymer,,
4X8T,equibind,scored,0.67433,gnina v1.3.3 master:6fe1ce2   Built Jun 30 2026.,static_crystal_polymer,,
4X8T,diffdock,scored,0.81764,gnina v1.3.3 master:6fe1ce2   Built Jun 30 2026.,static_crystal_polymer,,
4XBB,equibind,scored,0.50533,gnina v1.3.3 master:6fe1ce2   Built Jun 30 2026.,static_crystal_polymer,,
4XBB,diffdock,scored,0.73758,gnina v1.3.3 master:6fe1ce2   Built Jun 30 2026.,static_crystal_polymer,,
4X8U,equibind,scored,0.24556,gnina v1.3.3 master:6fe1ce2   Built Jun 30 2026.,static_crystal_polymer,,
4X8U,diffdock,scored,0.81386,gnina v1.3.3 master:6fe1ce2   Built Jun 30 2026.,static_crystal_polymer,,
4XBD,equibind,scored,2e-05,gnina v1.3.3 master:6fe1ce2   Built Jun 30 2026.,static_crystal_polymer,,
4XBD,diffdock,scored,0.68483,gnina v1.3.3 master:6fe1ce2   Built Jun 30 2026.,static_crystal_polymer,,
4XG4,equibind,scored,0.67617,gnina v1.3.3 master:6fe1ce2   Built Jun 30 2026.,static_crystal_polymer,,
4XG4,diffdock,scored,0.7722,gnina v1.3.3 master:6fe1ce2   Built Jun 30 2026.,static_crystal_polymer,,
4X6X,equibind,scored,0.00018,gnina v1.3.3 master:6fe1ce2   Built Jun 30 2026.,static_crystal_polymer,,
4X6X,diffdock,scored,0.90581,gnina v1.3.3 master:6fe1ce2   Built Jun 30 2026.,static_crystal_polymer,,
4XDO,equibind,scored,0.1595,gnina v1.3.3 master:6fe1ce2   Built Jun 30 2026.,static_crystal_polymer,,
4XDO,diffdock,scored,0.58735,gnina v1.3.3 master:6fe1ce2   Built Jun 30 2026.,static_crystal_polymer,,
4XG6,equibind,scored,0.03654,gnina v1.3.3 master:6fe1ce2   Built Jun 30 2026.,static_crystal_polymer,,
4XG6,diffdock,scored,0.86545,gnina v1.3.3 master:6fe1ce2   Built Jun 30 2026.,static_crystal_polymer,,
4X3T,equibind,scored,3e-05,gnina v1.3.3 master:6fe1ce2   Built Jun 30 2026.,static_crystal_polymer,,
4X3T,diffdock,scored,0.14029,gnina v1.3.3 master:6fe1ce2   Built Jun 30 2026.,static_crystal_polymer,,
4XG3,equibind,scored,0.0214,gnina v1.3.3 master:6fe1ce2   Built Jun 30 2026.,static_crystal_polymer,,
4XG3,diffdock,scored,0.93225,gnina v1.3.3 master:6fe1ce2   Built Jun 30 2026.,static_crystal_polymer,,
4XG7,equibind,scored,0.74925,gnina v1.3.3 master:6fe1ce2   Built Jun 30 2026.,static_crystal_polymer,,
4XG7,diffdock,scored,0.6446,gnina v1.3.3 master:6fe1ce2   Built Jun 30 2026.,static_crystal_polymer,,
4XIP,equibind,scored,0.68486,gnina v1.3.3 master:6fe1ce2   Built Jun 30 2026.,static_crystal_polymer,,
4XIP,diffdock,scored,0.73421,gnina v1.3.3 master:6fe1ce2   Built Jun 30 2026.,static_crystal_polymer,,
4XHK,equibind,scored,0.80999,gnina v1.3.3 master:6fe1ce2   Built Jun 30 2026.,static_crystal_polymer,,
4XHK,diffdock,scored,0.79827,gnina v1.3.3 master:6fe1ce2   Built Jun 30 2026.,static_crystal_polymer,,
4XHL,equibind,scored,0.6563,gnina v1.3.3 master:6fe1ce2   Built Jun 30 2026.,static_crystal_polymer,,
4XHL,diffdock,scored,0.76378,gnina v1.3.3 master:6fe1ce2   Built Jun 30 2026.,static_crystal_polymer,,
4XIR,equibind,scored,0.80302,gnina v1.3.3 master:6fe1ce2   Built Jun 30 2026.,static_crystal_polymer,,
4XIR,diffdock,scored,0.95294,gnina v1.3.3 master:6fe1ce2   Built Jun 30 2026.,static_crystal_polymer,,
4XG9,equibind,scored,0.0,gnina v1.3.3 master:6fe1ce2   Built Jun 30 2026.,static_crystal_polymer,,
4XG9,diffdock,scored,0.62086,gnina v1.3.3 master:6fe1ce2   Built Jun 30 2026.,static_crystal_polymer,,
4XIT,equibind,scored,0.72962,gnina v1.3.3 master:6fe1ce2   Built Jun 30 2026.,static_crystal_polymer,,
4XIT,diffdock,scored,0.63267,gnina v1.3.3 master:6fe1ce2   Built Jun 30 2026.,static_crystal_polymer,,
4XM6,equibind,scored,0.0647,gnina v1.3.3 master:6fe1ce2   Built Jun 30 2026.,static_crystal_polymer,,
4XM6,diffdock,scored,0.83607,gnina v1.3.3 master:6fe1ce2   Built Jun 30 2026.,static_crystal_polymer,,
4X8O,equibind,scored,0.0,gnina v1.3.3 master:6fe1ce2   Built Jun 30 2026.,static_crystal_polymer,,
4X8O,diffdock,scored,0.0801,gnina v1.3.3 master:6fe1ce2   Built Jun 30 2026.,static_crystal_polymer,,
4XCB,equibind,scored,0.0,gnina v1.3.3 master:6fe1ce2   Built Jun 30 2026.,static_crystal_polymer,,
4XCB,diffdock,scored,0.55214,gnina v1.3.3 master:6fe1ce2   Built Jun 30 2026.,static_crystal_polymer,,
4XM7,equibind,scored,0.53707,gnina v1.3.3 master:6fe1ce2   Built Jun 30 2026.,static_crystal_polymer,,
4XM7,diffdock,scored,0.38445,gnina v1.3.3 master:6fe1ce2   Built Jun 30 2026.,static_crystal_polymer,,
4XMB,equibind,scored,0.00098,gnina v1.3.3 master:6fe1ce2   Built Jun 30 2026.,static_crystal_polymer,,
4XMB,diffdock,scored,0.43494,gnina v1.3.3 master:6fe1ce2   Built Jun 30 2026.,static_crystal_polymer,,
4XM8,equibind,scored,0.32055,gnina v1.3.3 master:6fe1ce2   Built Jun 30 2026.,static_crystal_polymer,,
4XM8,diffdock,scored,0.92073,gnina v1.3.3 master:6fe1ce2   Built Jun 30 2026.,static_crystal_polymer,,
4XJR,equibind,scored,1e-05,gnina v1.3.3 master:6fe1ce2   Built Jun 30 2026.,static_crystal_polymer,,
4XJR,diffdock,scored,0.65865,gnina v1.3.3 master:6fe1ce2   Built Jun 30 2026.,static_crystal_polymer,,
4XO8,equibind,scored,0.00026,gnina v1.3.3 master:6fe1ce2   Built Jun 30 2026.,static_crystal_polymer,,
4XO8,diffdock,scored,0.5673,gnina v1.3.3 master:6fe1ce2   Built Jun 30 2026.,static_crystal_polymer,,
4XMR,equibind,scored,0.09275,gnina v1.3.3 master:6fe1ce2   Built Jun 30 2026.,static_crystal_polymer,,
4XMR,diffdock,scored,0.60953,gnina v1.3.3 master:6fe1ce2   Built Jun 30 2026.,static_crystal_polymer,,
4XNV,equibind,scored,7e-05,gnina v1.3.3 master:6fe1ce2   Built Jun 30 2026.,static_crystal_polymer,,
4XNV,diffdock,scored,0.31582,gnina v1.3.3 master:6fe1ce2   Built Jun 30 2026.,static_crystal_polymer,,
4XOE,equibind,scored,0.0828,gnina v1.3.3 master:6fe1ce2   Built Jun 30 2026.,static_crystal_polymer,,
4XOE,diffdock,scored,0.82041,gnina v1.3.3 master:6fe1ce2   Built Jun 30 2026.,static_crystal_polymer,,
4XOC,equibind,scored,0.06559,gnina v1.3.3 master:6fe1ce2   Built Jun 30 2026.,static_crystal_polymer,,
4XOC,diffdock,scored,0.8444,gnina v1.3.3 master:6fe1ce2   Built Jun 30 2026.,static_crystal_polymer,,
4XPJ,equibind,scored,0.00301,gnina v1.3.3 master:6fe1ce2   Built Jun 30 2026.,static_crystal_polymer,,
4XPJ,diffdock,scored,0.27764,gnina v1.3.3 master:6fe1ce2   Built Jun 30 2026.,static_crystal_polymer,,
4XNW,equibind,scored,0.01921,gnina v1.3.3 master:6fe1ce2   Built Jun 30 2026.,static_crystal_polymer,,
4XNW,diffdock,scored,0.1219,gnina v1.3.3 master:6fe1ce2   Built Jun 30 2026.,static_crystal_polymer,,
4XT2,equibind,scored,0.00019,gnina v1.3.3 master:6fe1ce2   Built Jun 30 2026.,static_crystal_polymer,,
4XT2,diffdock,scored,0.51436,gnina v1.3.3 master:6fe1ce2   Built Jun 30 2026.,static_crystal_polymer,,
4XS2,equibind,scored,0.00015,gnina v1.3.3 master:6fe1ce2   Built Jun 30 2026.,static_crystal_polymer,,
4XS2,diffdock,scored,0.59952,gnina v1.3.3 master:6fe1ce2   Built Jun 30 2026.,static_crystal_polymer,,
4XQA,equibind,scored,0.00018,gnina v1.3.3 master:6fe1ce2   Built Jun 30 2026.,static_crystal_polymer,,
4XQA,diffdock,scored,0.06659,gnina v1.3.3 master:6fe1ce2   Built Jun 30 2026.,static_crystal_polymer,,
4XTM,equibind,scored,0.17658,gnina v1.3.3 master:6fe1ce2   Built Jun 30 2026.,static_crystal_polymer,,
4XTM,diffdock,scored,0.71905,gnina v1.3.3 master:6fe1ce2   Built Jun 30 2026.,static_crystal_polymer,,
4XQB,equibind,scored,0.00044,gnina v1.3.3 master:6fe1ce2   Built Jun 30 2026.,static_crystal_polymer,,
4XQB,diffdock,scored,0.02746,gnina v1.3.3 master:6fe1ce2   Built Jun 30 2026.,static_crystal_polymer,,
4XT9,equibind,scored,0.35106,gnina v1.3.3 master:6fe1ce2   Built Jun 30 2026.,static_crystal_polymer,,
4XT9,diffdock,scored,0.75353,gnina v1.3.3 master:6fe1ce2   Built Jun 30 2026.,static_crystal_polymer,,
4XTT,equibind,scored,0.0,gnina v1.3.3 master:6fe1ce2   Built Jun 30 2026.,static_crystal_polymer,,
4XTT,diffdock,scored,0.03785,gnina v1.3.3 master:6fe1ce2   Built Jun 30 2026.,static_crystal_polymer,,
4XTA,equibind,scored,0.00011,gnina v1.3.3 master:6fe1ce2   Built Jun 30 2026.,static_crystal_polymer,,
4XTA,diffdock,scored,0.5528,gnina v1.3.3 master:6fe1ce2   Built Jun 30 2026.,static_crystal_polymer,,
4XTV,equibind,scored,0.12949,gnina v1.3.3 master:6fe1ce2   Built Jun 30 2026.,static_crystal_polymer,,
4XTV,diffdock,scored,0.94516,gnina v1.3.3 master:6fe1ce2   Built Jun 30 2026.,static_crystal_polymer,,
4XTY,equibind,scored,0.00024,gnina v1.3.3 master:6fe1ce2   Built Jun 30 2026.,static_crystal_polymer,,
4XTY,diffdock,scored,0.9514,gnina v1.3.3 master:6fe1ce2   Built Jun 30 2026.,static_crystal_polymer,,
4XTZ,equibind,scored,0.01575,gnina v1.3.3 master:6fe1ce2   Built Jun 30 2026.,static_crystal_polymer,,
4XTZ,diffdock,scored,0.84356,gnina v1.3.3 master:6fe1ce2   Built Jun 30 2026.,static_crystal_polymer,,
4XU0,equibind,scored,0.00012,gnina v1.3.3 master:6fe1ce2   Built Jun 30 2026.,static_crystal_polymer,,
4XU0,diffdock,scored,0.82618,gnina v1.3.3 master:6fe1ce2   Built Jun 30 2026.,static_crystal_polymer,,
4XUB,equibind,scored,0.01282,gnina v1.3.3 master:6fe1ce2   Built Jun 30 2026.,static_crystal_polymer,,
4XUB,diffdock,scored,0.25615,gnina v1.3.3 master:6fe1ce2   Built Jun 30 2026.,static_crystal_polymer,,
4XU3,equibind,scored,0.02573,gnina v1.3.3 master:6fe1ce2   Built Jun 30 2026.,static_crystal_polymer,,
4XU3,diffdock,scored,0.57847,gnina v1.3.3 master:6fe1ce2   Built Jun 30 2026.,static_crystal_polymer,,
4XU2,equibind,scored,0.00109,gnina v1.3.3 master:6fe1ce2   Built Jun 30 2026.,static_crystal_polymer,,
4XU2,diffdock,scored,0.75056,gnina v1.3.3 master:6fe1ce2   Built Jun 30 2026.,static_crystal_polymer,,
4XUZ,equibind,scored,0.33436,gnina v1.3.3 master:6fe1ce2   Built Jun 30 2026.,static_crystal_polymer,,
4XUZ,diffdock,scored,0.56563,gnina v1.3.3 master:6fe1ce2   Built Jun 30 2026.,static_crystal_polymer,,
4XUE,equibind,scored,0.00236,gnina v1.3.3 master:6fe1ce2   Built Jun 30 2026.,static_crystal_polymer,,
4XUE,diffdock,scored,0.30044,gnina v1.3.3 master:6fe1ce2   Built Jun 30 2026.,static_crystal_polymer,,
4XY8,equibind,scored,0.00421,gnina v1.3.3 master:6fe1ce2   Built Jun 30 2026.,static_crystal_polymer,,
4XY8,diffdock,scored,0.91678,gnina v1.3.3 master:6fe1ce2   Built Jun 30 2026.,static_crystal_polymer,,
4XX9,equibind,scored,0.00031,gnina v1.3.3 master:6fe1ce2   Built Jun 30 2026.,static_crystal_polymer,,
4XX9,diffdock,scored,0.23827,gnina v1.3.3 master:6fe1ce2   Built Jun 30 2026.,static_crystal_polymer,,
4XWK,equibind,scored,0.00641,gnina v1.3.3 master:6fe1ce2   Built Jun 30 2026.,static_crystal_polymer,,
4XUM,equibind,scored,0.0,gnina v1.3.3 master:6fe1ce2   Built Jun 30 2026.,static_crystal_polymer,,
4XUM,diffdock,scored,0.91638,gnina v1.3.3 master:6fe1ce2   Built Jun 30 2026.,static_crystal_polymer,,
4XXS,equibind,scored,0.2802,gnina v1.3.3 master:6fe1ce2   Built Jun 30 2026.,static_crystal_polymer,,
4XXS,diffdock,scored,0.42729,gnina v1.3.3 master:6fe1ce2   Built Jun 30 2026.,static_crystal_polymer,,
4Y0A,equibind,scored,0.56482,gnina v1.3.3 master:6fe1ce2   Built Jun 30 2026.,static_crystal_polymer,,
4Y0A,diffdock,scored,0.81879,gnina v1.3.3 master:6fe1ce2   Built Jun 30 2026.,static_crystal_polymer,,
4Y29,equibind,scored,0.00056,gnina v1.3.3 master:6fe1ce2   Built Jun 30 2026.,static_crystal_polymer,,
4Y29,diffdock,scored,0.24982,gnina v1.3.3 master:6fe1ce2   Built Jun 30 2026.,static_crystal_polymer,,
4Y24,equibind,scored,0.0,gnina v1.3.3 master:6fe1ce2   Built Jun 30 2026.,static_crystal_polymer,,
4Y24,diffdock,scored,0.32921,gnina v1.3.3 master:6fe1ce2   Built Jun 30 2026.,static_crystal_polymer,,
4Y2J,equibind,scored,0.20372,gnina v1.3.3 master:6fe1ce2   Built Jun 30 2026.,static_crystal_polymer,,
4Y2J,diffdock,scored,0.41033,gnina v1.3.3 master:6fe1ce2   Built Jun 30 2026.,static_crystal_polymer,,
4Y2P,equibind,scored,0.00889,gnina v1.3.3 master:6fe1ce2   Built Jun 30 2026.,static_crystal_polymer,,
4Y2P,diffdock,scored,0.34766,gnina v1.3.3 master:6fe1ce2   Built Jun 30 2026.,static_crystal_polymer,,
4Y2S,equibind,scored,0.02696,gnina v1.3.3 master:6fe1ce2   Built Jun 30 2026.,static_crystal_polymer,,
4Y2S,diffdock,scored,0.48643,gnina v1.3.3 master:6fe1ce2   Built Jun 30 2026.,static_crystal_polymer,,
4Y2Q,equibind,scored,0.52413,gnina v1.3.3 master:6fe1ce2   Built Jun 30 2026.,static_crystal_polymer,,
4Y2Q,diffdock,scored,0.87118,gnina v1.3.3 master:6fe1ce2   Built Jun 30 2026.,static_crystal_polymer,,
4Y2U,equibind,scored,0.00115,gnina v1.3.3 master:6fe1ce2   Built Jun 30 2026.,static_crystal_polymer,,
4Y2U,diffdock,scored,0.88843,gnina v1.3.3 master:6fe1ce2   Built Jun 30 2026.,static_crystal_polymer,,
4Y2V,equibind,scored,0.60587,gnina v1.3.3 master:6fe1ce2   Built Jun 30 2026.,static_crystal_polymer,,
4Y2V,diffdock,scored,0.73539,gnina v1.3.3 master:6fe1ce2   Built Jun 30 2026.,static_crystal_polymer,,
4Y3J,equibind,scored,0.09774,gnina v1.3.3 master:6fe1ce2   Built Jun 30 2026.,static_crystal_polymer,,
4Y3J,diffdock,scored,0.1593,gnina v1.3.3 master:6fe1ce2   Built Jun 30 2026.,static_crystal_polymer,,
4Y38,equibind,scored,0.00939,gnina v1.3.3 master:6fe1ce2   Built Jun 30 2026.,static_crystal_polymer,,
4Y38,diffdock,scored,0.31576,gnina v1.3.3 master:6fe1ce2   Built Jun 30 2026.,static_crystal_polymer,,
4Y2X,equibind,scored,0.00439,gnina v1.3.3 master:6fe1ce2   Built Jun 30 2026.,static_crystal_polymer,,
4Y2X,diffdock,scored,0.87999,gnina v1.3.3 master:6fe1ce2   Built Jun 30 2026.,static_crystal_polymer,,
4Y2Y,equibind,scored,0.67134,gnina v1.3.3 master:6fe1ce2   Built Jun 30 2026.,static_crystal_polymer,,
4Y2Y,diffdock,scored,0.56688,gnina v1.3.3 master:6fe1ce2   Built Jun 30 2026.,static_crystal_polymer,,
4Y3Y,equibind,scored,0.29446,gnina v1.3.3 master:6fe1ce2   Built Jun 30 2026.,static_crystal_polymer,,
4Y3Y,diffdock,scored,0.31961,gnina v1.3.3 master:6fe1ce2   Built Jun 30 2026.,static_crystal_polymer,,
4XK9,equibind,scored,0.00229,gnina v1.3.3 master:6fe1ce2   Built Jun 30 2026.,static_crystal_polymer,,
4XK9,diffdock,scored,0.09725,gnina v1.3.3 master:6fe1ce2   Built Jun 30 2026.,static_crystal_polymer,,
4Y4G,equibind,scored,0.13191,gnina v1.3.3 master:6fe1ce2   Built Jun 30 2026.,static_crystal_polymer,,
4Y4G,diffdock,scored,0.424,gnina v1.3.3 master:6fe1ce2   Built Jun 30 2026.,static_crystal_polymer,,
4Y62,equibind,scored,0.00057,gnina v1.3.3 master:6fe1ce2   Built Jun 30 2026.,static_crystal_polymer,,
4Y62,diffdock,scored,0.16117,gnina v1.3.3 master:6fe1ce2   Built Jun 30 2026.,static_crystal_polymer,,
4Y4J,equibind,scored,0.02453,gnina v1.3.3 master:6fe1ce2   Built Jun 30 2026.,static_crystal_polymer,,
4Y4J,diffdock,scored,0.56697,gnina v1.3.3 master:6fe1ce2   Built Jun 30 2026.,static_crystal_polymer,,
4Y64,equibind,scored,0.03629,gnina v1.3.3 master:6fe1ce2   Built Jun 30 2026.,static_crystal_polymer,,
4Y64,diffdock,scored,0.6892,gnina v1.3.3 master:6fe1ce2   Built Jun 30 2026.,static_crystal_polymer,,
4Y5H,equibind,scored,0.41598,gnina v1.3.3 master:6fe1ce2   Built Jun 30 2026.,static_crystal_polymer,,
4Y5H,diffdock,scored,0.3764,gnina v1.3.3 master:6fe1ce2   Built Jun 30 2026.,static_crystal_polymer,,
4Y4V,equibind,scored,0.09277,gnina v1.3.3 master:6fe1ce2   Built Jun 30 2026.,static_crystal_polymer,,
4Y4V,diffdock,scored,0.77783,gnina v1.3.3 master:6fe1ce2   Built Jun 30 2026.,static_crystal_polymer,,
4Y5S,equibind,scored,0.12941,gnina v1.3.3 master:6fe1ce2   Built Jun 30 2026.,static_crystal_polymer,,
4Y5S,diffdock,scored,0.41582,gnina v1.3.3 master:6fe1ce2   Built Jun 30 2026.,static_crystal_polymer,,
4Y5D,equibind,scored,0.0005,gnina v1.3.3 master:6fe1ce2   Built Jun 30 2026.,static_crystal_polymer,,
4Y5D,diffdock,scored,0.90109,gnina v1.3.3 master:6fe1ce2   Built Jun 30 2026.,static_crystal_polymer,,
4Y6S,equibind,scored,0.11071,gnina v1.3.3 master:6fe1ce2   Built Jun 30 2026.,static_crystal_polymer,,
4Y6S,diffdock,scored,0.93618,gnina v1.3.3 master:6fe1ce2   Built Jun 30 2026.,static_crystal_polymer,,
4Y6R,equibind,scored,0.01458,gnina v1.3.3 master:6fe1ce2   Built Jun 30 2026.,static_crystal_polymer,,
4Y6R,diffdock,scored,0.82395,gnina v1.3.3 master:6fe1ce2   Built Jun 30 2026.,static_crystal_polymer,,
4Y79,equibind,scored,0.61367,gnina v1.3.3 master:6fe1ce2   Built Jun 30 2026.,static_crystal_polymer,,
4Y79,diffdock,scored,0.90178,gnina v1.3.3 master:6fe1ce2   Built Jun 30 2026.,static_crystal_polymer,,
4Y6P,equibind,scored,0.00042,gnina v1.3.3 master:6fe1ce2   Built Jun 30 2026.,static_crystal_polymer,,
4Y6P,diffdock,scored,0.87368,gnina v1.3.3 master:6fe1ce2   Built Jun 30 2026.,static_crystal_polymer,,
4Y8Z,equibind,scored,0.00362,gnina v1.3.3 master:6fe1ce2   Built Jun 30 2026.,static_crystal_polymer,,
4Y8Z,diffdock,scored,0.05632,gnina v1.3.3 master:6fe1ce2   Built Jun 30 2026.,static_crystal_polymer,,
4Y8X,equibind,scored,0.02445,gnina v1.3.3 master:6fe1ce2   Built Jun 30 2026.,static_crystal_polymer,,
4Y8X,diffdock,scored,0.3225,gnina v1.3.3 master:6fe1ce2   Built Jun 30 2026.,static_crystal_polymer,,
4YAB,equibind,scored,0.00166,gnina v1.3.3 master:6fe1ce2   Built Jun 30 2026.,static_crystal_polymer,,
4YAB,diffdock,scored,0.91724,gnina v1.3.3 master:6fe1ce2   Built Jun 30 2026.,static_crystal_polymer,,
4YAD,equibind,scored,0.00069,gnina v1.3.3 master:6fe1ce2   Built Jun 30 2026.,static_crystal_polymer,,
4YAD,diffdock,scored,0.82209,gnina v1.3.3 master:6fe1ce2   Built Jun 30 2026.,static_crystal_polymer,,
4YAS,equibind,scored,0.743,gnina v1.3.3 master:6fe1ce2   Built Jun 30 2026.,static_crystal_polymer,,
4YAS,diffdock,scored,0.44259,gnina v1.3.3 master:6fe1ce2   Built Jun 30 2026.,static_crystal_polymer,,
4YAY,equibind,scored,0.02523,gnina v1.3.3 master:6fe1ce2   Built Jun 30 2026.,static_crystal_polymer,,
4YAY,diffdock,scored,0.57543,gnina v1.3.3 master:6fe1ce2   Built Jun 30 2026.,static_crystal_polymer,,
4Y59,equibind,scored,5e-05,gnina v1.3.3 master:6fe1ce2   Built Jun 30 2026.,static_crystal_polymer,,
4Y59,diffdock,scored,0.56983,gnina v1.3.3 master:6fe1ce2   Built Jun 30 2026.,static_crystal_polymer,,
4Y6M,equibind,scored,5e-05,gnina v1.3.3 master:6fe1ce2   Built Jun 30 2026.,static_crystal_polymer,,
4Y6M,diffdock,scored,0.07337,gnina v1.3.3 master:6fe1ce2   Built Jun 30 2026.,static_crystal_polymer,,
4YBS,equibind,scored,0.00255,gnina v1.3.3 master:6fe1ce2   Built Jun 30 2026.,static_crystal_polymer,,
4YBS,diffdock,scored,0.54046,gnina v1.3.3 master:6fe1ce2   Built Jun 30 2026.,static_crystal_polymer,,
4Y73,equibind,scored,0.00011,gnina v1.3.3 master:6fe1ce2   Built Jun 30 2026.,static_crystal_polymer,,
4Y73,diffdock,scored,0.37624,gnina v1.3.3 master:6fe1ce2   Built Jun 30 2026.,static_crystal_polymer,,
4YBK,equibind,scored,0.26048,gnina v1.3.3 master:6fe1ce2   Built Jun 30 2026.,static_crystal_polymer,,
4YBK,diffdock,scored,0.51671,gnina v1.3.3 master:6fe1ce2   Built Jun 30 2026.,static_crystal_polymer,,
4YBI,equibind,scored,0.00126,gnina v1.3.3 master:6fe1ce2   Built Jun 30 2026.,static_crystal_polymer,,
4YBI,diffdock,scored,0.53579,gnina v1.3.3 master:6fe1ce2   Built Jun 30 2026.,static_crystal_polymer,,
4YBJ,equibind,scored,0.00014,gnina v1.3.3 master:6fe1ce2   Built Jun 30 2026.,static_crystal_polymer,,
4YBJ,diffdock,scored,0.67744,gnina v1.3.3 master:6fe1ce2   Built Jun 30 2026.,static_crystal_polymer,,
4RHY,equibind,scored,0.0,gnina v1.3.3 master:6fe1ce2   Built Jun 30 2026.,static_crystal_polymer,,
4RHY,diffdock,scored,0.27462,gnina v1.3.3 master:6fe1ce2   Built Jun 30 2026.,static_crystal_polymer,,
4YBT,equibind,scored,0.00947,gnina v1.3.3 master:6fe1ce2   Built Jun 30 2026.,static_crystal_polymer,,
4YBT,diffdock,scored,0.59104,gnina v1.3.3 master:6fe1ce2   Built Jun 30 2026.,static_crystal_polymer,,
4YC0,equibind,scored,0.12007,gnina v1.3.3 master:6fe1ce2   Built Jun 30 2026.,static_crystal_polymer,,
4YC0,diffdock,scored,0.97822,gnina v1.3.3 master:6fe1ce2   Built Jun 30 2026.,static_crystal_polymer,,
4YES,equibind,scored,0.00047,gnina v1.3.3 master:6fe1ce2   Built Jun 30 2026.,static_crystal_polymer,,
4YES,diffdock,scored,0.73896,gnina v1.3.3 master:6fe1ce2   Built Jun 30 2026.,static_crystal_polymer,,
4YA8,equibind,scored,0.00024,gnina v1.3.3 master:6fe1ce2   Built Jun 30 2026.,static_crystal_polymer,,
4YA8,diffdock,scored,0.29308,gnina v1.3.3 master:6fe1ce2   Built Jun 30 2026.,static_crystal_polymer,,
4YH4,equibind,scored,0.15637,gnina v1.3.3 master:6fe1ce2   Built Jun 30 2026.,static_crystal_polymer,,
4YH4,diffdock,scored,0.73713,gnina v1.3.3 master:6fe1ce2   Built Jun 30 2026.,static_crystal_polymer,,
4YCL,equibind,scored,0.08834,gnina v1.3.3 master:6fe1ce2   Built Jun 30 2026.,static_crystal_polymer,,
4YCL,diffdock,scored,0.7895,gnina v1.3.3 master:6fe1ce2   Built Jun 30 2026.,static_crystal_polymer,,
4YCN,equibind,scored,0.00109,gnina v1.3.3 master:6fe1ce2   Built Jun 30 2026.,static_crystal_polymer,,
4YCN,diffdock,scored,0.44955,gnina v1.3.3 master:6fe1ce2   Built Jun 30 2026.,static_crystal_polymer,,
4YCM,equibind,scored,5e-05,gnina v1.3.3 master:6fe1ce2   Built Jun 30 2026.,static_crystal_polymer,,
4YCM,diffdock,scored,0.26472,gnina v1.3.3 master:6fe1ce2   Built Jun 30 2026.,static_crystal_polymer,,
4YIK,equibind,scored,1e-05,gnina v1.3.3 master:6fe1ce2   Built Jun 30 2026.,static_crystal_polymer,,
4YIK,diffdock,scored,0.0044,gnina v1.3.3 master:6fe1ce2   Built Jun 30 2026.,static_crystal_polymer,,
4YDQ,equibind,scored,0.00025,gnina v1.3.3 master:6fe1ce2   Built Jun 30 2026.,static_crystal_polymer,,
4YDQ,diffdock,scored,0.74794,gnina v1.3.3 master:6fe1ce2   Built Jun 30 2026.,static_crystal_polymer,,
4YJN,equibind,scored,0.67729,gnina v1.3.3 master:6fe1ce2   Built Jun 30 2026.,static_crystal_polymer,,
4YJN,diffdock,scored,0.97554,gnina v1.3.3 master:6fe1ce2   Built Jun 30 2026.,static_crystal_polymer,,
4YK0,equibind,scored,0.02334,gnina v1.3.3 master:6fe1ce2   Built Jun 30 2026.,static_crystal_polymer,,
4YK0,diffdock,scored,0.63026,gnina v1.3.3 master:6fe1ce2   Built Jun 30 2026.,static_crystal_polymer,,
4YKJ,equibind,scored,0.03997,gnina v1.3.3 master:6fe1ce2   Built Jun 30 2026.,static_crystal_polymer,,
4YKJ,diffdock,scored,0.7745,gnina v1.3.3 master:6fe1ce2   Built Jun 30 2026.,static_crystal_polymer,,
4YIH,equibind,scored,0.07913,gnina v1.3.3 master:6fe1ce2   Built Jun 30 2026.,static_crystal_polymer,,
4YIH,diffdock,scored,0.06408,gnina v1.3.3 master:6fe1ce2   Built Jun 30 2026.,static_crystal_polymer,,
4YKK,equibind,scored,0.00261,gnina v1.3.3 master:6fe1ce2   Built Jun 30 2026.,static_crystal_polymer,,
4YKK,diffdock,scored,0.87233,gnina v1.3.3 master:6fe1ce2   Built Jun 30 2026.,static_crystal_polymer,,
4YFF,equibind,scored,0.47317,gnina v1.3.3 master:6fe1ce2   Built Jun 30 2026.,static_crystal_polymer,,
4YFF,diffdock,scored,0.33406,gnina v1.3.3 master:6fe1ce2   Built Jun 30 2026.,static_crystal_polymer,,
4YB5,equibind,scored,0.54476,gnina v1.3.3 master:6fe1ce2   Built Jun 30 2026.,static_crystal_polymer,,
4YB5,diffdock,scored,0.26539,gnina v1.3.3 master:6fe1ce2   Built Jun 30 2026.,static_crystal_polymer,,
4YML,equibind,scored,0.00393,gnina v1.3.3 master:6fe1ce2   Built Jun 30 2026.,static_crystal_polymer,,
4YML,diffdock,scored,0.80008,gnina v1.3.3 master:6fe1ce2   Built Jun 30 2026.,static_crystal_polymer,,
4YMX,equibind,scored,0.6283,gnina v1.3.3 master:6fe1ce2   Built Jun 30 2026.,static_crystal_polymer,,
4YMX,diffdock,scored,0.33775,gnina v1.3.3 master:6fe1ce2   Built Jun 30 2026.,static_crystal_polymer,,
4YMB,equibind,scored,0.0147,gnina v1.3.3 master:6fe1ce2   Built Jun 30 2026.,static_crystal_polymer,,
4YMB,diffdock,scored,0.95269,gnina v1.3.3 master:6fe1ce2   Built Jun 30 2026.,static_crystal_polymer,,
4YNK,equibind,scored,0.00144,gnina v1.3.3 master:6fe1ce2   Built Jun 30 2026.,static_crystal_polymer,,
4YNK,diffdock,scored,0.90185,gnina v1.3.3 master:6fe1ce2   Built Jun 30 2026.,static_crystal_polymer,,
4YND,equibind,scored,0.00129,gnina v1.3.3 master:6fe1ce2   Built Jun 30 2026.,static_crystal_polymer,,
4YND,diffdock,scored,0.73909,gnina v1.3.3 master:6fe1ce2   Built Jun 30 2026.,static_crystal_polymer,,
4YB6,equibind,scored,0.3904,gnina v1.3.3 master:6fe1ce2   Built Jun 30 2026.,static_crystal_polymer,,
4YB6,diffdock,scored,0.69661,gnina v1.3.3 master:6fe1ce2   Built Jun 30 2026.,static_crystal_polymer,,
4YMH,equibind,scored,0.00061,gnina v1.3.3 master:6fe1ce2   Built Jun 30 2026.,static_crystal_polymer,,
4YMH,diffdock,scored,0.8775,gnina v1.3.3 master:6fe1ce2   Built Jun 30 2026.,static_crystal_polymer,,
4YGF,equibind,scored,0.10442,gnina v1.3.3 master:6fe1ce2   Built Jun 30 2026.,static_crystal_polymer,,
4YGF,diffdock,scored,0.32176,gnina v1.3.3 master:6fe1ce2   Built Jun 30 2026.,static_crystal_polymer,,
4YOI,equibind,scored,0.29136,gnina v1.3.3 master:6fe1ce2   Built Jun 30 2026.,static_crystal_polymer,,
4YOI,diffdock,scored,0.55091,gnina v1.3.3 master:6fe1ce2   Built Jun 30 2026.,static_crystal_polymer,,
4YP1,equibind,scored,0.00013,gnina v1.3.3 master:6fe1ce2   Built Jun 30 2026.,static_crystal_polymer,,
4YP1,diffdock,scored,0.0003,gnina v1.3.3 master:6fe1ce2   Built Jun 30 2026.,static_crystal_polymer,,
4YOG,equibind,scored,0.00395,gnina v1.3.3 master:6fe1ce2   Built Jun 30 2026.,static_crystal_polymer,,
4YOG,diffdock,scored,0.90238,gnina v1.3.3 master:6fe1ce2   Built Jun 30 2026.,static_crystal_polymer,,
4YHA,equibind,scored,0.00244,gnina v1.3.3 master:6fe1ce2   Built Jun 30 2026.,static_crystal_polymer,,
4YHA,diffdock,scored,0.6842,gnina v1.3.3 master:6fe1ce2   Built Jun 30 2026.,static_crystal_polymer,,
4YOJ,equibind,scored,0.04418,gnina v1.3.3 master:6fe1ce2   Built Jun 30 2026.,static_crystal_polymer,,
4YOJ,diffdock,scored,0.68175,gnina v1.3.3 master:6fe1ce2   Built Jun 30 2026.,static_crystal_polymer,,
4YPF,equibind,scored,0.12984,gnina v1.3.3 master:6fe1ce2   Built Jun 30 2026.,static_crystal_polymer,,
4YPF,diffdock,scored,0.65442,gnina v1.3.3 master:6fe1ce2   Built Jun 30 2026.,static_crystal_polymer,,
4YRC,equibind,scored,0.00503,gnina v1.3.3 master:6fe1ce2   Built Jun 30 2026.,static_crystal_polymer,,
4YRC,diffdock,scored,0.93432,gnina v1.3.3 master:6fe1ce2   Built Jun 30 2026.,static_crystal_polymer,,
4YRG,equibind,scored,0.09478,gnina v1.3.3 master:6fe1ce2   Built Jun 30 2026.,static_crystal_polymer,,
4YRG,diffdock,scored,0.95017,gnina v1.3.3 master:6fe1ce2   Built Jun 30 2026.,static_crystal_polymer,,
4XSX,equibind,scored,0.25084,gnina v1.3.3 master:6fe1ce2   Built Jun 30 2026.,static_crystal_polymer,,
4YQU,equibind,scored,0.29404,gnina v1.3.3 master:6fe1ce2   Built Jun 30 2026.,static_crystal_polymer,,
4YQU,diffdock,scored,0.53176,gnina v1.3.3 master:6fe1ce2   Built Jun 30 2026.,static_crystal_polymer,,
4YLU,equibind,scored,0.00012,gnina v1.3.3 master:6fe1ce2   Built Jun 30 2026.,static_crystal_polymer,,
4YLU,diffdock,scored,0.79861,gnina v1.3.3 master:6fe1ce2   Built Jun 30 2026.,static_crystal_polymer,,
4XSZ,equibind,scored,0.01084,gnina v1.3.3 master:6fe1ce2   Built Jun 30 2026.,static_crystal_polymer,,
4YRD,equibind,scored,0.34619,gnina v1.3.3 master:6fe1ce2   Built Jun 30 2026.,static_crystal_polymer,,
4YRD,diffdock,scored,0.36125,gnina v1.3.3 master:6fe1ce2   Built Jun 30 2026.,static_crystal_polymer,,
4YQM,equibind,scored,5e-05,gnina v1.3.3 master:6fe1ce2   Built Jun 30 2026.,static_crystal_polymer,,
4YQM,diffdock,scored,0.14864,gnina v1.3.3 master:6fe1ce2   Built Jun 30 2026.,static_crystal_polymer,,
4YRS,equibind,scored,0.04402,gnina v1.3.3 master:6fe1ce2   Built Jun 30 2026.,static_crystal_polymer,,
4YRS,diffdock,scored,0.63572,gnina v1.3.3 master:6fe1ce2   Built Jun 30 2026.,static_crystal_polymer,,
4XSY,equibind,scored,0.02196,gnina v1.3.3 master:6fe1ce2   Built Jun 30 2026.,static_crystal_polymer,,
4YRT,equibind,scored,0.47781,gnina v1.3.3 master:6fe1ce2   Built Jun 30 2026.,static_crystal_polymer,,
4YRT,diffdock,scored,0.57235,gnina v1.3.3 master:6fe1ce2   Built Jun 30 2026.,static_crystal_polymer,,
4YQV,equibind,scored,1e-05,gnina v1.3.3 master:6fe1ce2   Built Jun 30 2026.,static_crystal_polymer,,
4YQV,diffdock,scored,0.12901,gnina v1.3.3 master:6fe1ce2   Built Jun 30 2026.,static_crystal_polymer,,
4YRR,equibind,scored,0.81866,gnina v1.3.3 master:6fe1ce2   Built Jun 30 2026.,static_crystal_polymer,,
4YRR,diffdock,scored,0.80237,gnina v1.3.3 master:6fe1ce2   Built Jun 30 2026.,static_crystal_polymer,,
4YUW,equibind,scored,0.13524,gnina v1.3.3 master:6fe1ce2   Built Jun 30 2026.,static_crystal_polymer,,
4YUW,diffdock,scored,0.0358,gnina v1.3.3 master:6fe1ce2   Built Jun 30 2026.,static_crystal_polymer,,
4YSL,equibind,scored,0.00157,gnina v1.3.3 master:6fe1ce2   Built Jun 30 2026.,static_crystal_polymer,,
4YSL,diffdock,scored,0.73926,gnina v1.3.3 master:6fe1ce2   Built Jun 30 2026.,static_crystal_polymer,,
4YUX,equibind,scored,0.17836,gnina v1.3.3 master:6fe1ce2   Built Jun 30 2026.,static_crystal_polymer,,
4YUX,diffdock,scored,0.67904,gnina v1.3.3 master:6fe1ce2   Built Jun 30 2026.,static_crystal_polymer,,
4YV2,equibind,scored,0.02635,gnina v1.3.3 master:6fe1ce2   Built Jun 30 2026.,static_crystal_polymer,,
4YV2,diffdock,scored,0.55261,gnina v1.3.3 master:6fe1ce2   Built Jun 30 2026.,static_crystal_polymer,,
4YX4,equibind,scored,0.13546,gnina v1.3.3 master:6fe1ce2   Built Jun 30 2026.,static_crystal_polymer,,
4YX4,diffdock,scored,0.7802,gnina v1.3.3 master:6fe1ce2   Built Jun 30 2026.,static_crystal_polymer,,
4YVE,equibind,scored,0.00368,gnina v1.3.3 master:6fe1ce2   Built Jun 30 2026.,static_crystal_polymer,,
4YVE,diffdock,scored,0.27724,gnina v1.3.3 master:6fe1ce2   Built Jun 30 2026.,static_crystal_polymer,,
4YW6,equibind,scored,0.0,gnina v1.3.3 master:6fe1ce2   Built Jun 30 2026.,static_crystal_polymer,,
4YW6,diffdock,scored,0.40796,gnina v1.3.3 master:6fe1ce2   Built Jun 30 2026.,static_crystal_polymer,,
4YV1,equibind,scored,0.00057,gnina v1.3.3 master:6fe1ce2   Built Jun 30 2026.,static_crystal_polymer,,
4YV1,diffdock,scored,0.72193,gnina v1.3.3 master:6fe1ce2   Built Jun 30 2026.,static_crystal_polymer,,
4YV0,equibind,scored,0.0594,gnina v1.3.3 master:6fe1ce2   Built Jun 30 2026.,static_crystal_polymer,,
4YV0,diffdock,scored,0.72279,gnina v1.3.3 master:6fe1ce2   Built Jun 30 2026.,static_crystal_polymer,,
4YXU,equibind,scored,0.71059,gnina v1.3.3 master:6fe1ce2   Built Jun 30 2026.,static_crystal_polymer,,
4YXU,diffdock,scored,0.27525,gnina v1.3.3 master:6fe1ce2   Built Jun 30 2026.,static_crystal_polymer,,
4YYT,equibind,scored,0.69839,gnina v1.3.3 master:6fe1ce2   Built Jun 30 2026.,static_crystal_polymer,,
4YYT,diffdock,scored,0.78458,gnina v1.3.3 master:6fe1ce2   Built Jun 30 2026.,static_crystal_polymer,,
4YVZ,equibind,scored,0.03056,gnina v1.3.3 master:6fe1ce2   Built Jun 30 2026.,static_crystal_polymer,,
4YVZ,diffdock,scored,0.89179,gnina v1.3.3 master:6fe1ce2   Built Jun 30 2026.,static_crystal_polymer,,
4YWA,equibind,scored,0.0,gnina v1.3.3 master:6fe1ce2   Built Jun 30 2026.,static_crystal_polymer,,
4YWA,diffdock,scored,0.25867,gnina v1.3.3 master:6fe1ce2   Built Jun 30 2026.,static_crystal_polymer,,
4Z0K,equibind,scored,0.4221,gnina v1.3.3 master:6fe1ce2   Built Jun 30 2026.,static_crystal_polymer,,
4Z0K,diffdock,scored,0.17901,gnina v1.3.3 master:6fe1ce2   Built Jun 30 2026.,static_crystal_polymer,,
4Z1S,equibind,scored,0.00012,gnina v1.3.3 master:6fe1ce2   Built Jun 30 2026.,static_crystal_polymer,,
4Z1S,diffdock,scored,0.14017,gnina v1.3.3 master:6fe1ce2   Built Jun 30 2026.,static_crystal_polymer,,
4YXD,equibind,scored,1e-05,gnina v1.3.3 master:6fe1ce2   Built Jun 30 2026.,static_crystal_polymer,,
4YXD,diffdock,scored,0.26323,gnina v1.3.3 master:6fe1ce2   Built Jun 30 2026.,static_crystal_polymer,,
4YP8,equibind,scored,0.00083,gnina v1.3.3 master:6fe1ce2   Built Jun 30 2026.,static_crystal_polymer,,
4YP8,diffdock,scored,0.32547,gnina v1.3.3 master:6fe1ce2   Built Jun 30 2026.,static_crystal_polymer,,
4Z6H,equibind,scored,0.25588,gnina v1.3.3 master:6fe1ce2   Built Jun 30 2026.,static_crystal_polymer,,
4Z6H,diffdock,scored,0.37996,gnina v1.3.3 master:6fe1ce2   Built Jun 30 2026.,static_crystal_polymer,,
4ZAM,equibind,scored,0.02391,gnina v1.3.3 master:6fe1ce2   Built Jun 30 2026.,static_crystal_polymer,,
4ZAM,diffdock,scored,0.27513,gnina v1.3.3 master:6fe1ce2   Built Jun 30 2026.,static_crystal_polymer,,
4Z9L,equibind,scored,0.06354,gnina v1.3.3 master:6fe1ce2   Built Jun 30 2026.,static_crystal_polymer,,
4Z9L,diffdock,scored,0.82719,gnina v1.3.3 master:6fe1ce2   Built Jun 30 2026.,static_crystal_polymer,,
4Z8D,equibind,scored,1e-05,gnina v1.3.3 master:6fe1ce2   Built Jun 30 2026.,static_crystal_polymer,,
4Z8D,diffdock,scored,0.60587,gnina v1.3.3 master:6fe1ce2   Built Jun 30 2026.,static_crystal_polymer,,
4Z07,equibind,scored,0.00011,gnina v1.3.3 master:6fe1ce2   Built Jun 30 2026.,static_crystal_polymer,,
4Z07,diffdock,scored,0.31733,gnina v1.3.3 master:6fe1ce2   Built Jun 30 2026.,static_crystal_polymer,,
4ZB8,equibind,scored,0.00414,gnina v1.3.3 master:6fe1ce2   Built Jun 30 2026.,static_crystal_polymer,,
4ZB8,diffdock,scored,0.59336,gnina v1.3.3 master:6fe1ce2   Built Jun 30 2026.,static_crystal_polymer,,
4YX9,equibind,scored,2e-05,gnina v1.3.3 master:6fe1ce2   Built Jun 30 2026.,static_crystal_polymer,,
4YX9,diffdock,scored,0.48483,gnina v1.3.3 master:6fe1ce2   Built Jun 30 2026.,static_crystal_polymer,,
4YZ9,equibind,scored,0.00048,gnina v1.3.3 master:6fe1ce2   Built Jun 30 2026.,static_crystal_polymer,,
4YZ9,diffdock,scored,0.66648,gnina v1.3.3 master:6fe1ce2   Built Jun 30 2026.,static_crystal_polymer,,
4ZE6,equibind,scored,0.02548,gnina v1.3.3 master:6fe1ce2   Built Jun 30 2026.,static_crystal_polymer,,
4ZE6,diffdock,scored,0.30099,gnina v1.3.3 master:6fe1ce2   Built Jun 30 2026.,static_crystal_polymer,,
4ZA0,equibind,scored,0.00042,gnina v1.3.3 master:6fe1ce2   Built Jun 30 2026.,static_crystal_polymer,,
4ZA0,diffdock,scored,0.81429,gnina v1.3.3 master:6fe1ce2   Built Jun 30 2026.,static_crystal_polymer,,
4ZEC,equibind,scored,0.00344,gnina v1.3.3 master:6fe1ce2   Built Jun 30 2026.,static_crystal_polymer,,
4ZEC,diffdock,scored,0.12394,gnina v1.3.3 master:6fe1ce2   Built Jun 30 2026.,static_crystal_polymer,,
4ZEI,equibind,scored,0.01127,gnina v1.3.3 master:6fe1ce2   Built Jun 30 2026.,static_crystal_polymer,,
4ZEI,diffdock,scored,0.72301,gnina v1.3.3 master:6fe1ce2   Built Jun 30 2026.,static_crystal_polymer,,
4Z7F,equibind,scored,0.00071,gnina v1.3.3 master:6fe1ce2   Built Jun 30 2026.,static_crystal_polymer,,
4Z7F,diffdock,scored,0.77663,gnina v1.3.3 master:6fe1ce2   Built Jun 30 2026.,static_crystal_polymer,,
4ZED,equibind,scored,0.01471,gnina v1.3.3 master:6fe1ce2   Built Jun 30 2026.,static_crystal_polymer,,
4ZED,diffdock,scored,0.30145,gnina v1.3.3 master:6fe1ce2   Built Jun 30 2026.,static_crystal_polymer,,
4ZCW,equibind,scored,0.0306,gnina v1.3.3 master:6fe1ce2   Built Jun 30 2026.,static_crystal_polymer,,
4ZCW,diffdock,scored,0.56205,gnina v1.3.3 master:6fe1ce2   Built Jun 30 2026.,static_crystal_polymer,,
4ZEK,equibind,scored,0.49259,gnina v1.3.3 master:6fe1ce2   Built Jun 30 2026.,static_crystal_polymer,,
4ZEK,diffdock,scored,0.19924,gnina v1.3.3 master:6fe1ce2   Built Jun 30 2026.,static_crystal_polymer,,
4ZFI,equibind,scored,0.00358,gnina v1.3.3 master:6fe1ce2   Built Jun 30 2026.,static_crystal_polymer,,
4ZFI,diffdock,scored,0.23552,gnina v1.3.3 master:6fe1ce2   Built Jun 30 2026.,static_crystal_polymer,,
4ZCS,equibind,scored,0.0,gnina v1.3.3 master:6fe1ce2   Built Jun 30 2026.,static_crystal_polymer,,
4ZCS,diffdock,scored,0.74093,gnina v1.3.3 master:6fe1ce2   Built Jun 30 2026.,static_crystal_polymer,,
4ZIJ,equibind,scored,0.01406,gnina v1.3.3 master:6fe1ce2   Built Jun 30 2026.,static_crystal_polymer,,
4ZIJ,diffdock,scored,0.4444,gnina v1.3.3 master:6fe1ce2   Built Jun 30 2026.,static_crystal_polymer,,
4ZG6,equibind,scored,1e-05,gnina v1.3.3 master:6fe1ce2   Built Jun 30 2026.,static_crystal_polymer,,
4ZG6,diffdock,scored,0.75135,gnina v1.3.3 master:6fe1ce2   Built Jun 30 2026.,static_crystal_polymer,,
4ZIP,equibind,scored,0.0005,gnina v1.3.3 master:6fe1ce2   Built Jun 30 2026.,static_crystal_polymer,,
4ZIP,diffdock,scored,0.49414,gnina v1.3.3 master:6fe1ce2   Built Jun 30 2026.,static_crystal_polymer,,
4ZJC,equibind,scored,0.00119,gnina v1.3.3 master:6fe1ce2   Built Jun 30 2026.,static_crystal_polymer,,
4ZJC,diffdock,scored,0.56047,gnina v1.3.3 master:6fe1ce2   Built Jun 30 2026.,static_crystal_polymer,,
4ZJW,equibind,scored,0.03153,gnina v1.3.3 master:6fe1ce2   Built Jun 30 2026.,static_crystal_polymer,,
4ZJW,diffdock,scored,0.70657,gnina v1.3.3 master:6fe1ce2   Built Jun 30 2026.,static_crystal_polymer,,
4ZKI,equibind,scored,0.00159,gnina v1.3.3 master:6fe1ce2   Built Jun 30 2026.,static_crystal_polymer,,
4ZKI,diffdock,scored,0.40041,gnina v1.3.3 master:6fe1ce2   Built Jun 30 2026.,static_crystal_polymer,,
4ZK5,equibind,scored,0.37292,gnina v1.3.3 master:6fe1ce2   Built Jun 30 2026.,static_crystal_polymer,,
4ZK5,diffdock,scored,0.70213,gnina v1.3.3 master:6fe1ce2   Built Jun 30 2026.,static_crystal_polymer,,
4ZBA,equibind,scored,3e-05,gnina v1.3.3 master:6fe1ce2   Built Jun 30 2026.,static_crystal_polymer,,
4ZBA,diffdock,scored,0.65696,gnina v1.3.3 master:6fe1ce2   Built Jun 30 2026.,static_crystal_polymer,,
4ZJR,equibind,scored,0.29357,gnina v1.3.3 master:6fe1ce2   Built Jun 30 2026.,static_crystal_polymer,,
4ZJR,diffdock,scored,0.79546,gnina v1.3.3 master:6fe1ce2   Built Jun 30 2026.,static_crystal_polymer,,
4ZLY,equibind,scored,0.9445,gnina v1.3.3 master:6fe1ce2   Built Jun 30 2026.,static_crystal_polymer,,
4ZLY,diffdock,scored,0.98511,gnina v1.3.3 master:6fe1ce2   Built Jun 30 2026.,static_crystal_polymer,,
4YW7,equibind,scored,0.0002,gnina v1.3.3 master:6fe1ce2   Built Jun 30 2026.,static_crystal_polymer,,
4YW7,diffdock,scored,0.15082,gnina v1.3.3 master:6fe1ce2   Built Jun 30 2026.,static_crystal_polymer,,
4ZLZ,equibind,scored,0.66444,gnina v1.3.3 master:6fe1ce2   Built Jun 30 2026.,static_crystal_polymer,,
4ZLZ,diffdock,scored,0.8934,gnina v1.3.3 master:6fe1ce2   Built Jun 30 2026.,static_crystal_polymer,,
4ZME,equibind,scored,0.001,gnina v1.3.3 master:6fe1ce2   Built Jun 30 2026.,static_crystal_polymer,,
4ZME,diffdock,scored,0.82016,gnina v1.3.3 master:6fe1ce2   Built Jun 30 2026.,static_crystal_polymer,,
4ZMF,equibind,scored,0.00071,gnina v1.3.3 master:6fe1ce2   Built Jun 30 2026.,static_crystal_polymer,,
4ZMF,diffdock,scored,0.75114,gnina v1.3.3 master:6fe1ce2   Built Jun 30 2026.,static_crystal_polymer,,
4ZJJ,equibind,scored,7e-05,gnina v1.3.3 master:6fe1ce2   Built Jun 30 2026.,static_crystal_polymer,,
4ZJJ,diffdock,scored,0.28269,gnina v1.3.3 master:6fe1ce2   Built Jun 30 2026.,static_crystal_polymer,,
4ZO5,equibind,scored,6e-05,gnina v1.3.3 master:6fe1ce2   Built Jun 30 2026.,static_crystal_polymer,,
4ZO5,diffdock,scored,0.62437,gnina v1.3.3 master:6fe1ce2   Built Jun 30 2026.,static_crystal_polymer,,
4ZOW,equibind,scored,0.0003,gnina v1.3.3 master:6fe1ce2   Built Jun 30 2026.,static_crystal_polymer,,
4ZOW,diffdock,scored,0.76669,gnina v1.3.3 master:6fe1ce2   Built Jun 30 2026.,static_crystal_polymer,,
4ZPE,equibind,scored,2e-05,gnina v1.3.3 master:6fe1ce2   Built Jun 30 2026.,static_crystal_polymer,,
4ZPE,diffdock,scored,0.35747,gnina v1.3.3 master:6fe1ce2   Built Jun 30 2026.,static_crystal_polymer,,
4ZPG,equibind,scored,0.23376,gnina v1.3.3 master:6fe1ce2   Built Jun 30 2026.,static_crystal_polymer,,
4ZPG,diffdock,scored,0.59555,gnina v1.3.3 master:6fe1ce2   Built Jun 30 2026.,static_crystal_polymer,,
4ZPF,equibind,scored,0.00204,gnina v1.3.3 master:6fe1ce2   Built Jun 30 2026.,static_crystal_polymer,,
4ZPF,diffdock,scored,0.66306,gnina v1.3.3 master:6fe1ce2   Built Jun 30 2026.,static_crystal_polymer,,
4ZSG,equibind,scored,0.03292,gnina v1.3.3 master:6fe1ce2   Built Jun 30 2026.,static_crystal_polymer,,
4ZSG,diffdock,scored,0.70718,gnina v1.3.3 master:6fe1ce2   Built Jun 30 2026.,static_crystal_polymer,,
4ZS2,equibind,scored,0.00385,gnina v1.3.3 master:6fe1ce2   Built Jun 30 2026.,static_crystal_polymer,,
4ZS2,diffdock,scored,0.45516,gnina v1.3.3 master:6fe1ce2   Built Jun 30 2026.,static_crystal_polymer,,
4ZSH,equibind,scored,0.10597,gnina v1.3.3 master:6fe1ce2   Built Jun 30 2026.,static_crystal_polymer,,
4ZSH,diffdock,scored,0.46969,gnina v1.3.3 master:6fe1ce2   Built Jun 30 2026.,static_crystal_polymer,,
4ZSJ,equibind,scored,0.00022,gnina v1.3.3 master:6fe1ce2   Built Jun 30 2026.,static_crystal_polymer,,
4ZSJ,diffdock,scored,0.83424,gnina v1.3.3 master:6fe1ce2   Built Jun 30 2026.,static_crystal_polymer,,
4ZS3,equibind,scored,0.00387,gnina v1.3.3 master:6fe1ce2   Built Jun 30 2026.,static_crystal_polymer,,
4ZS3,diffdock,scored,0.40351,gnina v1.3.3 master:6fe1ce2   Built Jun 30 2026.,static_crystal_polymer,,
4ZPH,equibind,scored,0.49834,gnina v1.3.3 master:6fe1ce2   Built Jun 30 2026.,static_crystal_polymer,,
4ZPH,diffdock,scored,0.20026,gnina v1.3.3 master:6fe1ce2   Built Jun 30 2026.,static_crystal_polymer,,
4ZOM,equibind,scored,0.17201,gnina v1.3.3 master:6fe1ce2   Built Jun 30 2026.,static_crystal_polymer,,
4ZOM,diffdock,scored,0.9827,gnina v1.3.3 master:6fe1ce2   Built Jun 30 2026.,static_crystal_polymer,,
4ZT3,diffdock,scored,0.03696,gnina v1.3.3 master:6fe1ce2   Built Jun 30 2026.,static_crystal_polymer,,
4ZSM,equibind,scored,0.52083,gnina v1.3.3 master:6fe1ce2   Built Jun 30 2026.,static_crystal_polymer,,
4ZSM,diffdock,scored,0.65488,gnina v1.3.3 master:6fe1ce2   Built Jun 30 2026.,static_crystal_polymer,,
4ZSQ,equibind,scored,0.00069,gnina v1.3.3 master:6fe1ce2   Built Jun 30 2026.,static_crystal_polymer,,
4ZSQ,diffdock,scored,0.59826,gnina v1.3.3 master:6fe1ce2   Built Jun 30 2026.,static_crystal_polymer,,
4ZSP,equibind,scored,0.00171,gnina v1.3.3 master:6fe1ce2   Built Jun 30 2026.,static_crystal_polymer,,
4ZSP,diffdock,scored,0.54654,gnina v1.3.3 master:6fe1ce2   Built Jun 30 2026.,static_crystal_polymer,,
4ZT8,equibind,scored,0.59718,gnina v1.3.3 master:6fe1ce2   Built Jun 30 2026.,static_crystal_polymer,,
4ZT8,diffdock,scored,0.47595,gnina v1.3.3 master:6fe1ce2   Built Jun 30 2026.,static_crystal_polymer,,
4ZT4,diffdock,scored,0.0741,gnina v1.3.3 master:6fe1ce2   Built Jun 30 2026.,static_crystal_polymer,,
4ZT5,diffdock,scored,0.77764,gnina v1.3.3 master:6fe1ce2   Built Jun 30 2026.,static_crystal_polymer,,
4ZTR,equibind,scored,0.06755,gnina v1.3.3 master:6fe1ce2   Built Jun 30 2026.,static_crystal_polymer,,
4ZTR,diffdock,scored,0.83638,gnina v1.3.3 master:6fe1ce2   Built Jun 30 2026.,static_crystal_polymer,,
4ZSR,equibind,scored,0.0002,gnina v1.3.3 master:6fe1ce2   Built Jun 30 2026.,static_crystal_polymer,,
4ZSR,diffdock,scored,0.48607,gnina v1.3.3 master:6fe1ce2   Built Jun 30 2026.,static_crystal_polymer,,
4ZTS,equibind,scored,0.13688,gnina v1.3.3 master:6fe1ce2   Built Jun 30 2026.,static_crystal_polymer,,
4ZTS,diffdock,scored,0.73003,gnina v1.3.3 master:6fe1ce2   Built Jun 30 2026.,static_crystal_polymer,,
4ZUN,equibind,scored,0.00244,gnina v1.3.3 master:6fe1ce2   Built Jun 30 2026.,static_crystal_polymer,,
4ZUN,diffdock,scored,0.57191,gnina v1.3.3 master:6fe1ce2   Built Jun 30 2026.,static_crystal_polymer,,
4ZUP,equibind,scored,0.46254,gnina v1.3.3 master:6fe1ce2   Built Jun 30 2026.,static_crystal_polymer,,
4ZUP,diffdock,scored,0.76241,gnina v1.3.3 master:6fe1ce2   Built Jun 30 2026.,static_crystal_polymer,,
4ZUO,equibind,scored,0.0001,gnina v1.3.3 master:6fe1ce2   Built Jun 30 2026.,static_crystal_polymer,,
4ZUO,diffdock,scored,0.83804,gnina v1.3.3 master:6fe1ce2   Built Jun 30 2026.,static_crystal_polymer,,
4ZV1,equibind,scored,0.0077,gnina v1.3.3 master:6fe1ce2   Built Jun 30 2026.,static_crystal_polymer,,
4ZV1,diffdock,scored,0.46901,gnina v1.3.3 master:6fe1ce2   Built Jun 30 2026.,static_crystal_polymer,,
4ZUM,equibind,scored,0.00018,gnina v1.3.3 master:6fe1ce2   Built Jun 30 2026.,static_crystal_polymer,,
4ZUM,diffdock,scored,0.86967,gnina v1.3.3 master:6fe1ce2   Built Jun 30 2026.,static_crystal_polymer,,
4ZUQ,equibind,scored,0.20706,gnina v1.3.3 master:6fe1ce2   Built Jun 30 2026.,static_crystal_polymer,,
4ZUQ,diffdock,scored,0.80554,gnina v1.3.3 master:6fe1ce2   Built Jun 30 2026.,static_crystal_polymer,,
4ZV2,equibind,scored,0.00513,gnina v1.3.3 master:6fe1ce2   Built Jun 30 2026.,static_crystal_polymer,,
4ZV2,diffdock,scored,0.25015,gnina v1.3.3 master:6fe1ce2   Built Jun 30 2026.,static_crystal_polymer,,
4ZUR,equibind,scored,0.63715,gnina v1.3.3 master:6fe1ce2   Built Jun 30 2026.,static_crystal_polymer,,
4ZUR,diffdock,scored,0.59816,gnina v1.3.3 master:6fe1ce2   Built Jun 30 2026.,static_crystal_polymer,,
4ZX0,equibind,scored,0.00033,gnina v1.3.3 master:6fe1ce2   Built Jun 30 2026.,static_crystal_polymer,,
4ZX0,diffdock,scored,0.39748,gnina v1.3.3 master:6fe1ce2   Built Jun 30 2026.,static_crystal_polymer,,
4ZWX,equibind,scored,0.02499,gnina v1.3.3 master:6fe1ce2   Built Jun 30 2026.,static_crystal_polymer,,
4ZWX,diffdock,scored,0.5747,gnina v1.3.3 master:6fe1ce2   Built Jun 30 2026.,static_crystal_polymer,,
4ZX1,equibind,scored,0.46912,gnina v1.3.3 master:6fe1ce2   Built Jun 30 2026.,static_crystal_polymer,,
4ZX1,diffdock,scored,0.59432,gnina v1.3.3 master:6fe1ce2   Built Jun 30 2026.,static_crystal_polymer,,
4ZW3,equibind,scored,0.11514,gnina v1.3.3 master:6fe1ce2   Built Jun 30 2026.,static_crystal_polymer,,
4ZW3,diffdock,scored,0.76618,gnina v1.3.3 master:6fe1ce2   Built Jun 30 2026.,static_crystal_polymer,,
4ZW6,equibind,scored,0.02672,gnina v1.3.3 master:6fe1ce2   Built Jun 30 2026.,static_crystal_polymer,,
4ZW6,diffdock,scored,0.9098,gnina v1.3.3 master:6fe1ce2   Built Jun 30 2026.,static_crystal_polymer,,
4ZW5,equibind,scored,0.09225,gnina v1.3.3 master:6fe1ce2   Built Jun 30 2026.,static_crystal_polymer,,
4ZW5,diffdock,scored,0.6864,gnina v1.3.3 master:6fe1ce2   Built Jun 30 2026.,static_crystal_polymer,,
4ZW7,equibind,scored,0.01058,gnina v1.3.3 master:6fe1ce2   Built Jun 30 2026.,static_crystal_polymer,,
4ZW7,diffdock,scored,0.71368,gnina v1.3.3 master:6fe1ce2   Built Jun 30 2026.,static_crystal_polymer,,
4ZY4,equibind,scored,0.0017,gnina v1.3.3 master:6fe1ce2   Built Jun 30 2026.,static_crystal_polymer,,
4ZY4,diffdock,scored,0.44451,gnina v1.3.3 master:6fe1ce2   Built Jun 30 2026.,static_crystal_polymer,,
4ZX3,equibind,scored,0.01815,gnina v1.3.3 master:6fe1ce2   Built Jun 30 2026.,static_crystal_polymer,,
4ZX3,diffdock,scored,0.50493,gnina v1.3.3 master:6fe1ce2   Built Jun 30 2026.,static_crystal_polymer,,
4ZY5,equibind,scored,0.00013,gnina v1.3.3 master:6fe1ce2   Built Jun 30 2026.,static_crystal_polymer,,
4ZY5,diffdock,scored,0.66164,gnina v1.3.3 master:6fe1ce2   Built Jun 30 2026.,static_crystal_polymer,,
4ZYT,equibind,scored,0.29171,gnina v1.3.3 master:6fe1ce2   Built Jun 30 2026.,static_crystal_polymer,,
4ZYT,diffdock,scored,0.7,gnina v1.3.3 master:6fe1ce2   Built Jun 30 2026.,static_crystal_polymer,,
4ZYU,equibind,scored,0.00566,gnina v1.3.3 master:6fe1ce2   Built Jun 30 2026.,static_crystal_polymer,,
4ZYU,diffdock,scored,0.62655,gnina v1.3.3 master:6fe1ce2   Built Jun 30 2026.,static_crystal_polymer,,
4ZYC,equibind,scored,6e-05,gnina v1.3.3 master:6fe1ce2   Built Jun 30 2026.,static_crystal_polymer,,
4ZYC,diffdock,scored,0.89581,gnina v1.3.3 master:6fe1ce2   Built Jun 30 2026.,static_crystal_polymer,,
4ZYV,equibind,scored,0.7298,gnina v1.3.3 master:6fe1ce2   Built Jun 30 2026.,static_crystal_polymer,,
4ZYV,diffdock,scored,0.93722,gnina v1.3.3 master:6fe1ce2   Built Jun 30 2026.,static_crystal_polymer,,
4ZYW,equibind,scored,0.40007,gnina v1.3.3 master:6fe1ce2   Built Jun 30 2026.,static_crystal_polymer,,
4ZYW,diffdock,scored,0.89348,gnina v1.3.3 master:6fe1ce2   Built Jun 30 2026.,static_crystal_polymer,,
4ZYY,equibind,scored,0.08681,gnina v1.3.3 master:6fe1ce2   Built Jun 30 2026.,static_crystal_polymer,,
4ZYY,diffdock,scored,0.87603,gnina v1.3.3 master:6fe1ce2   Built Jun 30 2026.,static_crystal_polymer,,
4Z90,equibind,scored,0.03635,gnina v1.3.3 master:6fe1ce2   Built Jun 30 2026.,static_crystal_polymer,,
4ZYX,equibind,scored,0.01399,gnina v1.3.3 master:6fe1ce2   Built Jun 30 2026.,static_crystal_polymer,,
4ZYX,diffdock,scored,0.97105,gnina v1.3.3 master:6fe1ce2   Built Jun 30 2026.,static_crystal_polymer,,
4ZYZ,equibind,scored,0.0427,gnina v1.3.3 master:6fe1ce2   Built Jun 30 2026.,static_crystal_polymer,,
4ZYZ,diffdock,scored,0.68665,gnina v1.3.3 master:6fe1ce2   Built Jun 30 2026.,static_crystal_polymer,,
4ZZ0,equibind,scored,0.02832,gnina v1.3.3 master:6fe1ce2   Built Jun 30 2026.,static_crystal_polymer,,
4ZZ0,diffdock,scored,0.87183,gnina v1.3.3 master:6fe1ce2   Built Jun 30 2026.,static_crystal_polymer,,
4ZZD,equibind,scored,1e-05,gnina v1.3.3 master:6fe1ce2   Built Jun 30 2026.,static_crystal_polymer,,
4ZZD,diffdock,scored,0.09095,gnina v1.3.3 master:6fe1ce2   Built Jun 30 2026.,static_crystal_polymer,,
4ZZ1,equibind,scored,0.33745,gnina v1.3.3 master:6fe1ce2   Built Jun 30 2026.,static_crystal_polymer,,
4ZZ1,diffdock,scored,0.83207,gnina v1.3.3 master:6fe1ce2   Built Jun 30 2026.,static_crystal_polymer,,
5A0A,equibind,scored,0.0005,gnina v1.3.3 master:6fe1ce2   Built Jun 30 2026.,static_crystal_polymer,,
5A0A,diffdock,scored,0.64175,gnina v1.3.3 master:6fe1ce2   Built Jun 30 2026.,static_crystal_polymer,,
5A00,equibind,scored,0.40521,gnina v1.3.3 master:6fe1ce2   Built Jun 30 2026.,static_crystal_polymer,,
5A00,diffdock,scored,0.96146,gnina v1.3.3 master:6fe1ce2   Built Jun 30 2026.,static_crystal_polymer,,
4ZZX,equibind,scored,0.70768,gnina v1.3.3 master:6fe1ce2   Built Jun 30 2026.,static_crystal_polymer,,
4ZZX,diffdock,scored,0.34817,gnina v1.3.3 master:6fe1ce2   Built Jun 30 2026.,static_crystal_polymer,,
4ZZZ,equibind,scored,0.00022,gnina v1.3.3 master:6fe1ce2   Built Jun 30 2026.,static_crystal_polymer,,
4ZZZ,diffdock,scored,0.87925,gnina v1.3.3 master:6fe1ce2   Built Jun 30 2026.,static_crystal_polymer,,
5A0B,equibind,scored,0.00017,gnina v1.3.3 master:6fe1ce2   Built Jun 30 2026.,static_crystal_polymer,,
5A0B,diffdock,scored,0.37201,gnina v1.3.3 master:6fe1ce2   Built Jun 30 2026.,static_crystal_polymer,,
5A0C,equibind,scored,0.04421,gnina v1.3.3 master:6fe1ce2   Built Jun 30 2026.,static_crystal_polymer,,
5A0C,diffdock,scored,0.52721,gnina v1.3.3 master:6fe1ce2   Built Jun 30 2026.,static_crystal_polymer,,
5A1F,equibind,scored,0.36869,gnina v1.3.3 master:6fe1ce2   Built Jun 30 2026.,static_crystal_polymer,,
5A1F,diffdock,scored,0.57413,gnina v1.3.3 master:6fe1ce2   Built Jun 30 2026.,static_crystal_polymer,,
5A3N,equibind,scored,0.17801,gnina v1.3.3 master:6fe1ce2   Built Jun 30 2026.,static_crystal_polymer,,
5A3N,diffdock,scored,0.80317,gnina v1.3.3 master:6fe1ce2   Built Jun 30 2026.,static_crystal_polymer,,
5A3T,equibind,scored,0.02039,gnina v1.3.3 master:6fe1ce2   Built Jun 30 2026.,static_crystal_polymer,,
5A3T,diffdock,scored,0.88971,gnina v1.3.3 master:6fe1ce2   Built Jun 30 2026.,static_crystal_polymer,,
5A3W,equibind,scored,0.4636,gnina v1.3.3 master:6fe1ce2   Built Jun 30 2026.,static_crystal_polymer,,
5A3W,diffdock,scored,0.94761,gnina v1.3.3 master:6fe1ce2   Built Jun 30 2026.,static_crystal_polymer,,
5A5D,equibind,scored,0.02131,gnina v1.3.3 master:6fe1ce2   Built Jun 30 2026.,static_crystal_polymer,,
5A5D,diffdock,scored,0.67281,gnina v1.3.3 master:6fe1ce2   Built Jun 30 2026.,static_crystal_polymer,,
5A46,equibind,scored,0.0,gnina v1.3.3 master:6fe1ce2   Built Jun 30 2026.,static_crystal_polymer,,
5A46,diffdock,scored,0.68248,gnina v1.3.3 master:6fe1ce2   Built Jun 30 2026.,static_crystal_polymer,,
5A5P,equibind,scored,0.02224,gnina v1.3.3 master:6fe1ce2   Built Jun 30 2026.,static_crystal_polymer,,
5A5P,diffdock,scored,0.58124,gnina v1.3.3 master:6fe1ce2   Built Jun 30 2026.,static_crystal_polymer,,
5A4C,equibind,scored,0.0001,gnina v1.3.3 master:6fe1ce2   Built Jun 30 2026.,static_crystal_polymer,,
5A4C,diffdock,scored,0.63953,gnina v1.3.3 master:6fe1ce2   Built Jun 30 2026.,static_crystal_polymer,,
5A5Q,equibind,scored,0.02908,gnina v1.3.3 master:6fe1ce2   Built Jun 30 2026.,static_crystal_polymer,,
5A5Q,diffdock,scored,0.85869,gnina v1.3.3 master:6fe1ce2   Built Jun 30 2026.,static_crystal_polymer,,
5A5R,equibind,scored,0.52772,gnina v1.3.3 master:6fe1ce2   Built Jun 30 2026.,static_crystal_polymer,,
5A5R,diffdock,scored,0.43523,gnina v1.3.3 master:6fe1ce2   Built Jun 30 2026.,static_crystal_polymer,,
5A5S,equibind,scored,0.06327,gnina v1.3.3 master:6fe1ce2   Built Jun 30 2026.,static_crystal_polymer,,
5A5S,diffdock,scored,0.80867,gnina v1.3.3 master:6fe1ce2   Built Jun 30 2026.,static_crystal_polymer,,
5A5V,equibind,scored,0.0001,gnina v1.3.3 master:6fe1ce2   Built Jun 30 2026.,static_crystal_polymer,,
5A5V,diffdock,scored,0.38971,gnina v1.3.3 master:6fe1ce2   Built Jun 30 2026.,static_crystal_polymer,,
5A69,equibind,scored,0.0041,gnina v1.3.3 master:6fe1ce2   Built Jun 30 2026.,static_crystal_polymer,,
5A69,diffdock,scored,0.50018,gnina v1.3.3 master:6fe1ce2   Built Jun 30 2026.,static_crystal_polymer,,
5A54,equibind,scored,0.32887,gnina v1.3.3 master:6fe1ce2   Built Jun 30 2026.,static_crystal_polymer,,
5A54,diffdock,scored,0.55969,gnina v1.3.3 master:6fe1ce2   Built Jun 30 2026.,static_crystal_polymer,,
5A6H,equibind,scored,0.56804,gnina v1.3.3 master:6fe1ce2   Built Jun 30 2026.,static_crystal_polymer,,
5A6H,diffdock,scored,0.54385,gnina v1.3.3 master:6fe1ce2   Built Jun 30 2026.,static_crystal_polymer,,
5A3X,equibind,scored,0.37588,gnina v1.3.3 master:6fe1ce2   Built Jun 30 2026.,static_crystal_polymer,,
5A3X,diffdock,scored,0.5764,gnina v1.3.3 master:6fe1ce2   Built Jun 30 2026.,static_crystal_polymer,,
5A6N,equibind,scored,0.0011,gnina v1.3.3 master:6fe1ce2   Built Jun 30 2026.,static_crystal_polymer,,
5A6N,diffdock,scored,0.36368,gnina v1.3.3 master:6fe1ce2   Built Jun 30 2026.,static_crystal_polymer,,
5A6X,equibind,scored,0.00022,gnina v1.3.3 master:6fe1ce2   Built Jun 30 2026.,static_crystal_polymer,,
5A6X,diffdock,scored,0.71261,gnina v1.3.3 master:6fe1ce2   Built Jun 30 2026.,static_crystal_polymer,,
5A6A,equibind,scored,0.07004,gnina v1.3.3 master:6fe1ce2   Built Jun 30 2026.,static_crystal_polymer,,
5A6A,diffdock,scored,0.80132,gnina v1.3.3 master:6fe1ce2   Built Jun 30 2026.,static_crystal_polymer,,
5A7C,equibind,scored,0.20129,gnina v1.3.3 master:6fe1ce2   Built Jun 30 2026.,static_crystal_polymer,,
5A7C,diffdock,scored,0.66684,gnina v1.3.3 master:6fe1ce2   Built Jun 30 2026.,static_crystal_polymer,,
5A81,equibind,scored,0.45216,gnina v1.3.3 master:6fe1ce2   Built Jun 30 2026.,static_crystal_polymer,,
5A81,diffdock,scored,0.09634,gnina v1.3.3 master:6fe1ce2   Built Jun 30 2026.,static_crystal_polymer,,
5A6K,equibind,scored,0.00643,gnina v1.3.3 master:6fe1ce2   Built Jun 30 2026.,static_crystal_polymer,,
5A6K,diffdock,scored,0.93025,gnina v1.3.3 master:6fe1ce2   Built Jun 30 2026.,static_crystal_polymer,,
5A82,equibind,scored,0.59411,gnina v1.3.3 master:6fe1ce2   Built Jun 30 2026.,static_crystal_polymer,,
5A82,diffdock,scored,0.15683,gnina v1.3.3 master:6fe1ce2   Built Jun 30 2026.,static_crystal_polymer,,
5A83,equibind,scored,0.04263,gnina v1.3.3 master:6fe1ce2   Built Jun 30 2026.,static_crystal_polymer,,
5A83,diffdock,scored,0.14471,gnina v1.3.3 master:6fe1ce2   Built Jun 30 2026.,static_crystal_polymer,,
5A85,equibind,scored,0.49873,gnina v1.3.3 master:6fe1ce2   Built Jun 30 2026.,static_crystal_polymer,,
5A85,diffdock,scored,0.89871,gnina v1.3.3 master:6fe1ce2   Built Jun 30 2026.,static_crystal_polymer,,
5A7Y,equibind,scored,0.08702,gnina v1.3.3 master:6fe1ce2   Built Jun 30 2026.,static_crystal_polymer,,
5A7Y,diffdock,scored,0.41025,gnina v1.3.3 master:6fe1ce2   Built Jun 30 2026.,static_crystal_polymer,,
5A8Y,equibind,scored,0.00349,gnina v1.3.3 master:6fe1ce2   Built Jun 30 2026.,static_crystal_polymer,,
5A8Y,diffdock,scored,0.65203,gnina v1.3.3 master:6fe1ce2   Built Jun 30 2026.,static_crystal_polymer,,
5A8Z,equibind,scored,0.52065,gnina v1.3.3 master:6fe1ce2   Built Jun 30 2026.,static_crystal_polymer,,
5A8Z,diffdock,scored,0.73547,gnina v1.3.3 master:6fe1ce2   Built Jun 30 2026.,static_crystal_polymer,,
5A9U,equibind,scored,0.30477,gnina v1.3.3 master:6fe1ce2   Built Jun 30 2026.,static_crystal_polymer,,
5A9U,diffdock,scored,0.64696,gnina v1.3.3 master:6fe1ce2   Built Jun 30 2026.,static_crystal_polymer,,
5AA8,equibind,scored,0.28896,gnina v1.3.3 master:6fe1ce2   Built Jun 30 2026.,static_crystal_polymer,,
5AA8,diffdock,scored,0.33962,gnina v1.3.3 master:6fe1ce2   Built Jun 30 2026.,static_crystal_polymer,,
5AA9,equibind,scored,0.26759,gnina v1.3.3 master:6fe1ce2   Built Jun 30 2026.,static_crystal_polymer,,
5AA9,diffdock,scored,0.399,gnina v1.3.3 master:6fe1ce2   Built Jun 30 2026.,static_crystal_polymer,,
5AAA,equibind,scored,0.46177,gnina v1.3.3 master:6fe1ce2   Built Jun 30 2026.,static_crystal_polymer,,
5AAA,diffdock,scored,0.55023,gnina v1.3.3 master:6fe1ce2   Built Jun 30 2026.,static_crystal_polymer,,
5AAB,equibind,scored,0.60979,gnina v1.3.3 master:6fe1ce2   Built Jun 30 2026.,static_crystal_polymer,,
5AAB,diffdock,scored,0.55548,gnina v1.3.3 master:6fe1ce2   Built Jun 30 2026.,static_crystal_polymer,,
4ZH3,equibind,scored,0.00208,gnina v1.3.3 master:6fe1ce2   Built Jun 30 2026.,static_crystal_polymer,,
5AAC,equibind,scored,0.31886,gnina v1.3.3 master:6fe1ce2   Built Jun 30 2026.,static_crystal_polymer,,
5AAC,diffdock,scored,0.66826,gnina v1.3.3 master:6fe1ce2   Built Jun 30 2026.,static_crystal_polymer,,
5AAE,equibind,scored,0.02558,gnina v1.3.3 master:6fe1ce2   Built Jun 30 2026.,static_crystal_polymer,,
5AAE,diffdock,scored,0.97558,gnina v1.3.3 master:6fe1ce2   Built Jun 30 2026.,static_crystal_polymer,,
5AAG,equibind,scored,0.00247,gnina v1.3.3 master:6fe1ce2   Built Jun 30 2026.,static_crystal_polymer,,
5AAG,diffdock,scored,0.67171,gnina v1.3.3 master:6fe1ce2   Built Jun 30 2026.,static_crystal_polymer,,
4ZH2,equibind,scored,0.00274,gnina v1.3.3 master:6fe1ce2   Built Jun 30 2026.,static_crystal_polymer,,
5ABA,equibind,scored,0.39951,gnina v1.3.3 master:6fe1ce2   Built Jun 30 2026.,static_crystal_polymer,,
5ABA,diffdock,scored,0.64673,gnina v1.3.3 master:6fe1ce2   Built Jun 30 2026.,static_crystal_polymer,,
5AB9,equibind,scored,0.3838,gnina v1.3.3 master:6fe1ce2   Built Jun 30 2026.,static_crystal_polymer,,
5AB9,diffdock,scored,0.49617,gnina v1.3.3 master:6fe1ce2   Built Jun 30 2026.,static_crystal_polymer,,
5ABP,equibind,scored,0.01726,gnina v1.3.3 master:6fe1ce2   Built Jun 30 2026.,static_crystal_polymer,,
5ABP,diffdock,scored,0.90131,gnina v1.3.3 master:6fe1ce2   Built Jun 30 2026.,static_crystal_polymer,,
5ABW,equibind,scored,0.00078,gnina v1.3.3 master:6fe1ce2   Built Jun 30 2026.,static_crystal_polymer,,
5ABW,diffdock,scored,0.17431,gnina v1.3.3 master:6fe1ce2   Built Jun 30 2026.,static_crystal_polymer,,
4ZH4,equibind,scored,0.16575,gnina v1.3.3 master:6fe1ce2   Built Jun 30 2026.,static_crystal_polymer,,
5AD1,equibind,scored,0.07406,gnina v1.3.3 master:6fe1ce2   Built Jun 30 2026.,static_crystal_polymer,,
5AD1,diffdock,scored,0.47149,gnina v1.3.3 master:6fe1ce2   Built Jun 30 2026.,static_crystal_polymer,,
5ADQ,equibind,scored,0.02396,gnina v1.3.3 master:6fe1ce2   Built Jun 30 2026.,static_crystal_polymer,,
5ADQ,diffdock,scored,0.92048,gnina v1.3.3 master:6fe1ce2   Built Jun 30 2026.,static_crystal_polymer,,
5ACW,equibind,scored,0.02881,gnina v1.3.3 master:6fe1ce2   Built Jun 30 2026.,static_crystal_polymer,,
5ACW,diffdock,scored,0.4466,gnina v1.3.3 master:6fe1ce2   Built Jun 30 2026.,static_crystal_polymer,,
5ACX,equibind,scored,0.00725,gnina v1.3.3 master:6fe1ce2   Built Jun 30 2026.,static_crystal_polymer,,
5ACX,diffdock,scored,0.37203,gnina v1.3.3 master:6fe1ce2   Built Jun 30 2026.,static_crystal_polymer,,
5ABE,equibind,scored,0.6326,gnina v1.3.3 master:6fe1ce2   Built Jun 30 2026.,static_crystal_polymer,,
5ABE,diffdock,scored,0.807,gnina v1.3.3 master:6fe1ce2   Built Jun 30 2026.,static_crystal_polymer,,
5A6B,equibind,scored,0.00028,gnina v1.3.3 master:6fe1ce2   Built Jun 30 2026.,static_crystal_polymer,,
5A6B,diffdock,scored,0.60889,gnina v1.3.3 master:6fe1ce2   Built Jun 30 2026.,static_crystal_polymer,,
5ABF,equibind,scored,0.64276,gnina v1.3.3 master:6fe1ce2   Built Jun 30 2026.,static_crystal_polymer,,
5ABF,diffdock,scored,0.9371,gnina v1.3.3 master:6fe1ce2   Built Jun 30 2026.,static_crystal_polymer,,
5AES,equibind,scored,0.0002,gnina v1.3.3 master:6fe1ce2   Built Jun 30 2026.,static_crystal_polymer,,
5AES,diffdock,scored,0.33046,gnina v1.3.3 master:6fe1ce2   Built Jun 30 2026.,static_crystal_polymer,,
5ABG,equibind,scored,0.69707,gnina v1.3.3 master:6fe1ce2   Built Jun 30 2026.,static_crystal_polymer,,
5ABG,diffdock,scored,0.90551,gnina v1.3.3 master:6fe1ce2   Built Jun 30 2026.,static_crystal_polymer,,
5ABH,equibind,scored,0.389,gnina v1.3.3 master:6fe1ce2   Built Jun 30 2026.,static_crystal_polymer,,
5ABH,diffdock,scored,0.80987,gnina v1.3.3 master:6fe1ce2   Built Jun 30 2026.,static_crystal_polymer,,
5AFL,equibind,scored,0.22848,gnina v1.3.3 master:6fe1ce2   Built Jun 30 2026.,static_crystal_polymer,,
5AFL,diffdock,scored,0.3367,gnina v1.3.3 master:6fe1ce2   Built Jun 30 2026.,static_crystal_polymer,,
5AFX,equibind,scored,0.01906,gnina v1.3.3 master:6fe1ce2   Built Jun 30 2026.,static_crystal_polymer,,
5AFX,diffdock,scored,0.26578,gnina v1.3.3 master:6fe1ce2   Built Jun 30 2026.,static_crystal_polymer,,
5AFN,equibind,scored,0.36944,gnina v1.3.3 master:6fe1ce2   Built Jun 30 2026.,static_crystal_polymer,,
5AFN,diffdock,scored,0.49141,gnina v1.3.3 master:6fe1ce2   Built Jun 30 2026.,static_crystal_polymer,,
5AFM,equibind,scored,0.79087,gnina v1.3.3 master:6fe1ce2   Built Jun 30 2026.,static_crystal_polymer,,
5AFM,diffdock,scored,0.8863,gnina v1.3.3 master:6fe1ce2   Built Jun 30 2026.,static_crystal_polymer,,
5AI5,equibind,scored,0.00026,gnina v1.3.3 master:6fe1ce2   Built Jun 30 2026.,static_crystal_polymer,,
5AI5,diffdock,scored,0.46734,gnina v1.3.3 master:6fe1ce2   Built Jun 30 2026.,static_crystal_polymer,,
5AFJ,equibind,scored,0.01925,gnina v1.3.3 master:6fe1ce2   Built Jun 30 2026.,static_crystal_polymer,,
5AFJ,diffdock,scored,0.79028,gnina v1.3.3 master:6fe1ce2   Built Jun 30 2026.,static_crystal_polymer,,
5AFK,equibind,scored,0.75779,gnina v1.3.3 master:6fe1ce2   Built Jun 30 2026.,static_crystal_polymer,,
5AFK,diffdock,scored,0.38123,gnina v1.3.3 master:6fe1ce2   Built Jun 30 2026.,static_crystal_polymer,,
5AI6,equibind,scored,0.00225,gnina v1.3.3 master:6fe1ce2   Built Jun 30 2026.,static_crystal_polymer,,
5AI6,diffdock,scored,0.71183,gnina v1.3.3 master:6fe1ce2   Built Jun 30 2026.,static_crystal_polymer,,
5AIA,equibind,scored,0.70787,gnina v1.3.3 master:6fe1ce2   Built Jun 30 2026.,static_crystal_polymer,,
5AIA,diffdock,scored,0.73436,gnina v1.3.3 master:6fe1ce2   Built Jun 30 2026.,static_crystal_polymer,,
5AI9,equibind,scored,0.04326,gnina v1.3.3 master:6fe1ce2   Built Jun 30 2026.,static_crystal_polymer,,
5AI9,diffdock,scored,0.64351,gnina v1.3.3 master:6fe1ce2   Built Jun 30 2026.,static_crystal_polymer,,
5AHU,equibind,scored,0.02019,gnina v1.3.3 master:6fe1ce2   Built Jun 30 2026.,static_crystal_polymer,,
5AHU,diffdock,scored,0.5398,gnina v1.3.3 master:6fe1ce2   Built Jun 30 2026.,static_crystal_polymer,,
4ZX9,equibind,scored,0.02752,gnina v1.3.3 master:6fe1ce2   Built Jun 30 2026.,static_crystal_polymer,,
5AIB,equibind,scored,0.11518,gnina v1.3.3 master:6fe1ce2   Built Jun 30 2026.,static_crystal_polymer,,
5AIB,diffdock,scored,0.70409,gnina v1.3.3 master:6fe1ce2   Built Jun 30 2026.,static_crystal_polymer,,
5AIP,equibind,scored,0.01646,gnina v1.3.3 master:6fe1ce2   Built Jun 30 2026.,static_crystal_polymer,,
5AIP,diffdock,scored,0.90248,gnina v1.3.3 master:6fe1ce2   Built Jun 30 2026.,static_crystal_polymer,,
5AIC,equibind,scored,0.27852,gnina v1.3.3 master:6fe1ce2   Built Jun 30 2026.,static_crystal_polymer,,
5AIC,diffdock,scored,0.66935,gnina v1.3.3 master:6fe1ce2   Built Jun 30 2026.,static_crystal_polymer,,
5AHW,equibind,scored,9e-05,gnina v1.3.3 master:6fe1ce2   Built Jun 30 2026.,static_crystal_polymer,,
5AHW,diffdock,scored,0.43373,gnina v1.3.3 master:6fe1ce2   Built Jun 30 2026.,static_crystal_polymer,,
5AK3,equibind,scored,0.44544,gnina v1.3.3 master:6fe1ce2   Built Jun 30 2026.,static_crystal_polymer,,
5AK3,diffdock,scored,0.75092,gnina v1.3.3 master:6fe1ce2   Built Jun 30 2026.,static_crystal_polymer,,
5AKG,equibind,scored,0.56243,gnina v1.3.3 master:6fe1ce2   Built Jun 30 2026.,static_crystal_polymer,,
5AKG,diffdock,scored,0.60405,gnina v1.3.3 master:6fe1ce2   Built Jun 30 2026.,static_crystal_polymer,,
5AKE,equibind,scored,0.00448,gnina v1.3.3 master:6fe1ce2   Built Jun 30 2026.,static_crystal_polymer,,
5AKE,diffdock,scored,0.80587,gnina v1.3.3 master:6fe1ce2   Built Jun 30 2026.,static_crystal_polymer,,
5AK6,equibind,scored,0.04487,gnina v1.3.3 master:6fe1ce2   Built Jun 30 2026.,static_crystal_polymer,,
5AK6,diffdock,scored,0.4594,gnina v1.3.3 master:6fe1ce2   Built Jun 30 2026.,static_crystal_polymer,,
5AKH,equibind,scored,0.02065,gnina v1.3.3 master:6fe1ce2   Built Jun 30 2026.,static_crystal_polymer,,
5AKH,diffdock,scored,0.86835,gnina v1.3.3 master:6fe1ce2   Built Jun 30 2026.,static_crystal_polymer,,
5AIV,equibind,scored,0.00043,gnina v1.3.3 master:6fe1ce2   Built Jun 30 2026.,static_crystal_polymer,,
5AIV,diffdock,scored,0.59556,gnina v1.3.3 master:6fe1ce2   Built Jun 30 2026.,static_crystal_polymer,,
5AKI,equibind,scored,0.01388,gnina v1.3.3 master:6fe1ce2   Built Jun 30 2026.,static_crystal_polymer,,
5AKI,diffdock,scored,0.10598,gnina v1.3.3 master:6fe1ce2   Built Jun 30 2026.,static_crystal_polymer,,
5AIS,equibind,scored,0.02934,gnina v1.3.3 master:6fe1ce2   Built Jun 30 2026.,static_crystal_polymer,,
5AIS,diffdock,scored,0.6026,gnina v1.3.3 master:6fe1ce2   Built Jun 30 2026.,static_crystal_polymer,,
5AKJ,equibind,scored,0.0668,gnina v1.3.3 master:6fe1ce2   Built Jun 30 2026.,static_crystal_polymer,,
5AKJ,diffdock,scored,0.81882,gnina v1.3.3 master:6fe1ce2   Built Jun 30 2026.,static_crystal_polymer,,
5AKL,equibind,scored,0.11729,gnina v1.3.3 master:6fe1ce2   Built Jun 30 2026.,static_crystal_polymer,,
5AKL,diffdock,scored,0.92233,gnina v1.3.3 master:6fe1ce2   Built Jun 30 2026.,static_crystal_polymer,,
5AKK,equibind,scored,0.05155,gnina v1.3.3 master:6fe1ce2   Built Jun 30 2026.,static_crystal_polymer,,
5AKK,diffdock,scored,0.25746,gnina v1.3.3 master:6fe1ce2   Built Jun 30 2026.,static_crystal_polymer,,
5AKZ,equibind,scored,0.66239,gnina v1.3.3 master:6fe1ce2   Built Jun 30 2026.,static_crystal_polymer,,
5AKZ,diffdock,scored,0.48318,gnina v1.3.3 master:6fe1ce2   Built Jun 30 2026.,static_crystal_polymer,,
4ZX8,equibind,scored,0.0004,gnina v1.3.3 master:6fe1ce2   Built Jun 30 2026.,static_crystal_polymer,,
5AKU,equibind,scored,0.05651,gnina v1.3.3 master:6fe1ce2   Built Jun 30 2026.,static_crystal_polymer,,
5AKU,diffdock,scored,0.84958,gnina v1.3.3 master:6fe1ce2   Built Jun 30 2026.,static_crystal_polymer,,
5AL2,equibind,scored,0.00796,gnina v1.3.3 master:6fe1ce2   Built Jun 30 2026.,static_crystal_polymer,,
5AL2,diffdock,scored,0.83114,gnina v1.3.3 master:6fe1ce2   Built Jun 30 2026.,static_crystal_polymer,,
5AKW,equibind,scored,0.02137,gnina v1.3.3 master:6fe1ce2   Built Jun 30 2026.,static_crystal_polymer,,
5AKW,diffdock,scored,0.92541,gnina v1.3.3 master:6fe1ce2   Built Jun 30 2026.,static_crystal_polymer,,
5AL3,equibind,scored,0.05631,gnina v1.3.3 master:6fe1ce2   Built Jun 30 2026.,static_crystal_polymer,,
5AL3,diffdock,scored,0.99312,gnina v1.3.3 master:6fe1ce2   Built Jun 30 2026.,static_crystal_polymer,,
5ALB,equibind,scored,0.01871,gnina v1.3.3 master:6fe1ce2   Built Jun 30 2026.,static_crystal_polymer,,
5ALB,diffdock,scored,0.57562,gnina v1.3.3 master:6fe1ce2   Built Jun 30 2026.,static_crystal_polymer,,
5ALC,equibind,scored,0.09379,gnina v1.3.3 master:6fe1ce2   Built Jun 30 2026.,static_crystal_polymer,,
5ALC,diffdock,scored,0.87667,gnina v1.3.3 master:6fe1ce2   Built Jun 30 2026.,static_crystal_polymer,,
5ALE,equibind,scored,0.12005,gnina v1.3.3 master:6fe1ce2   Built Jun 30 2026.,static_crystal_polymer,,
5ALE,diffdock,scored,0.49408,gnina v1.3.3 master:6fe1ce2   Built Jun 30 2026.,static_crystal_polymer,,
5ALD,equibind,scored,0.01269,gnina v1.3.3 master:6fe1ce2   Built Jun 30 2026.,static_crystal_polymer,,
5ALD,diffdock,scored,0.46805,gnina v1.3.3 master:6fe1ce2   Built Jun 30 2026.,static_crystal_polymer,,
5ALG,equibind,scored,0.00103,gnina v1.3.3 master:6fe1ce2   Built Jun 30 2026.,static_crystal_polymer,,
5ALG,diffdock,scored,0.87626,gnina v1.3.3 master:6fe1ce2   Built Jun 30 2026.,static_crystal_polymer,,
5ALL,equibind,scored,0.05321,gnina v1.3.3 master:6fe1ce2   Built Jun 30 2026.,static_crystal_polymer,,
5ALL,diffdock,scored,0.38826,gnina v1.3.3 master:6fe1ce2   Built Jun 30 2026.,static_crystal_polymer,,
5ALH,equibind,scored,0.04219,gnina v1.3.3 master:6fe1ce2   Built Jun 30 2026.,static_crystal_polymer,,
5ALH,diffdock,scored,0.60755,gnina v1.3.3 master:6fe1ce2   Built Jun 30 2026.,static_crystal_polymer,,
5ALM,equibind,scored,0.52918,gnina v1.3.3 master:6fe1ce2   Built Jun 30 2026.,static_crystal_polymer,,
5ALM,diffdock,scored,0.51612,gnina v1.3.3 master:6fe1ce2   Built Jun 30 2026.,static_crystal_polymer,,
5ALO,equibind,scored,0.02284,gnina v1.3.3 master:6fe1ce2   Built Jun 30 2026.,static_crystal_polymer,,
5ALO,diffdock,scored,0.38528,gnina v1.3.3 master:6fe1ce2   Built Jun 30 2026.,static_crystal_polymer,,
5ALN,equibind,scored,0.09964,gnina v1.3.3 master:6fe1ce2   Built Jun 30 2026.,static_crystal_polymer,,
5ALN,diffdock,scored,0.64504,gnina v1.3.3 master:6fe1ce2   Built Jun 30 2026.,static_crystal_polymer,,
5ALR,equibind,scored,0.01578,gnina v1.3.3 master:6fe1ce2   Built Jun 30 2026.,static_crystal_polymer,,
5ALR,diffdock,scored,0.95943,gnina v1.3.3 master:6fe1ce2   Built Jun 30 2026.,static_crystal_polymer,,
5ALX,equibind,scored,0.66662,gnina v1.3.3 master:6fe1ce2   Built Jun 30 2026.,static_crystal_polymer,,
5ALX,diffdock,scored,0.70164,gnina v1.3.3 master:6fe1ce2   Built Jun 30 2026.,static_crystal_polymer,,
5ALY,equibind,scored,0.08525,gnina v1.3.3 master:6fe1ce2   Built Jun 30 2026.,static_crystal_polymer,,
5ALY,diffdock,scored,0.47481,gnina v1.3.3 master:6fe1ce2   Built Jun 30 2026.,static_crystal_polymer,,
5ALS,equibind,scored,0.31646,gnina v1.3.3 master:6fe1ce2   Built Jun 30 2026.,static_crystal_polymer,,
5ALS,diffdock,scored,0.81206,gnina v1.3.3 master:6fe1ce2   Built Jun 30 2026.,static_crystal_polymer,,
5ALU,equibind,scored,0.00072,gnina v1.3.3 master:6fe1ce2   Built Jun 30 2026.,static_crystal_polymer,,
5ALU,diffdock,scored,0.33689,gnina v1.3.3 master:6fe1ce2   Built Jun 30 2026.,static_crystal_polymer,,
5ALZ,equibind,scored,0.00197,gnina v1.3.3 master:6fe1ce2   Built Jun 30 2026.,static_crystal_polymer,,
5ALZ,diffdock,scored,0.90346,gnina v1.3.3 master:6fe1ce2   Built Jun 30 2026.,static_crystal_polymer,,
4ZY2,equibind,scored,0.00017,gnina v1.3.3 master:6fe1ce2   Built Jun 30 2026.,static_crystal_polymer,,
5AMN,equibind,scored,0.22866,gnina v1.3.3 master:6fe1ce2   Built Jun 30 2026.,static_crystal_polymer,,
5AMN,diffdock,scored,0.93929,gnina v1.3.3 master:6fe1ce2   Built Jun 30 2026.,static_crystal_polymer,,
5AM0,equibind,scored,0.30241,gnina v1.3.3 master:6fe1ce2   Built Jun 30 2026.,static_crystal_polymer,,
5AM0,diffdock,scored,0.80348,gnina v1.3.3 master:6fe1ce2   Built Jun 30 2026.,static_crystal_polymer,,
5AM1,equibind,scored,0.41555,gnina v1.3.3 master:6fe1ce2   Built Jun 30 2026.,static_crystal_polymer,,
5AM1,diffdock,scored,0.88827,gnina v1.3.3 master:6fe1ce2   Built Jun 30 2026.,static_crystal_polymer,,
5AM2,equibind,scored,0.1034,gnina v1.3.3 master:6fe1ce2   Built Jun 30 2026.,static_crystal_polymer,,
5AM2,diffdock,scored,0.26123,gnina v1.3.3 master:6fe1ce2   Built Jun 30 2026.,static_crystal_polymer,,
5AM4,equibind,scored,0.02992,gnina v1.3.3 master:6fe1ce2   Built Jun 30 2026.,static_crystal_polymer,,
5AM4,diffdock,scored,0.76728,gnina v1.3.3 master:6fe1ce2   Built Jun 30 2026.,static_crystal_polymer,,
5ANU,equibind,scored,0.22008,gnina v1.3.3 master:6fe1ce2   Built Jun 30 2026.,static_crystal_polymer,,
5ANU,diffdock,scored,0.87622,gnina v1.3.3 master:6fe1ce2   Built Jun 30 2026.,static_crystal_polymer,,
5AM5,equibind,scored,0.39115,gnina v1.3.3 master:6fe1ce2   Built Jun 30 2026.,static_crystal_polymer,,
5AM5,diffdock,scored,0.82499,gnina v1.3.3 master:6fe1ce2   Built Jun 30 2026.,static_crystal_polymer,,
5ANV,equibind,scored,0.02221,gnina v1.3.3 master:6fe1ce2   Built Jun 30 2026.,static_crystal_polymer,,
5ANV,diffdock,scored,0.95571,gnina v1.3.3 master:6fe1ce2   Built Jun 30 2026.,static_crystal_polymer,,
5AM3,equibind,scored,0.00061,gnina v1.3.3 master:6fe1ce2   Built Jun 30 2026.,static_crystal_polymer,,
5AM3,diffdock,scored,0.53768,gnina v1.3.3 master:6fe1ce2   Built Jun 30 2026.,static_crystal_polymer,,
5ANT,equibind,scored,9e-05,gnina v1.3.3 master:6fe1ce2   Built Jun 30 2026.,static_crystal_polymer,,
5ANT,diffdock,scored,0.31367,gnina v1.3.3 master:6fe1ce2   Built Jun 30 2026.,static_crystal_polymer,,
5AP0,equibind,scored,0.54557,gnina v1.3.3 master:6fe1ce2   Built Jun 30 2026.,static_crystal_polymer,,
5AP0,diffdock,scored,0.78441,gnina v1.3.3 master:6fe1ce2   Built Jun 30 2026.,static_crystal_polymer,,
5AOI,equibind,scored,0.2947,gnina v1.3.3 master:6fe1ce2   Built Jun 30 2026.,static_crystal_polymer,,
5AOI,diffdock,scored,0.90005,gnina v1.3.3 master:6fe1ce2   Built Jun 30 2026.,static_crystal_polymer,,
5ANQ,equibind,scored,0.0022,gnina v1.3.3 master:6fe1ce2   Built Jun 30 2026.,static_crystal_polymer,,
5ANQ,diffdock,scored,0.65736,gnina v1.3.3 master:6fe1ce2   Built Jun 30 2026.,static_crystal_polymer,,
5AOK,equibind,scored,0.0099,gnina v1.3.3 master:6fe1ce2   Built Jun 30 2026.,static_crystal_polymer,,
5AOK,diffdock,scored,0.6045,gnina v1.3.3 master:6fe1ce2   Built Jun 30 2026.,static_crystal_polymer,,
5AOM,equibind,scored,0.21772,gnina v1.3.3 master:6fe1ce2   Built Jun 30 2026.,static_crystal_polymer,,
5AOM,diffdock,scored,0.31521,gnina v1.3.3 master:6fe1ce2   Built Jun 30 2026.,static_crystal_polymer,,
5AOL,equibind,scored,0.10226,gnina v1.3.3 master:6fe1ce2   Built Jun 30 2026.,static_crystal_polymer,,
5AOL,diffdock,scored,0.39305,gnina v1.3.3 master:6fe1ce2   Built Jun 30 2026.,static_crystal_polymer,,
5APH,equibind,scored,0.11498,gnina v1.3.3 master:6fe1ce2   Built Jun 30 2026.,static_crystal_polymer,,
5APH,diffdock,scored,0.12961,gnina v1.3.3 master:6fe1ce2   Built Jun 30 2026.,static_crystal_polymer,,
5AP3,equibind,scored,0.63328,gnina v1.3.3 master:6fe1ce2   Built Jun 30 2026.,static_crystal_polymer,,
5AP3,diffdock,scored,0.81235,gnina v1.3.3 master:6fe1ce2   Built Jun 30 2026.,static_crystal_polymer,,
5APJ,equibind,scored,0.01051,gnina v1.3.3 master:6fe1ce2   Built Jun 30 2026.,static_crystal_polymer,,
5APJ,diffdock,scored,0.40274,gnina v1.3.3 master:6fe1ce2   Built Jun 30 2026.,static_crystal_polymer,,
5AV0,equibind,scored,0.65323,gnina v1.3.3 master:6fe1ce2   Built Jun 30 2026.,static_crystal_polymer,,
5AV0,diffdock,scored,0.56046,gnina v1.3.3 master:6fe1ce2   Built Jun 30 2026.,static_crystal_polymer,,
5AQZ,equibind,scored,0.00632,gnina v1.3.3 master:6fe1ce2   Built Jun 30 2026.,static_crystal_polymer,,
5AQZ,diffdock,scored,0.76326,gnina v1.3.3 master:6fe1ce2   Built Jun 30 2026.,static_crystal_polymer,,
5AVE,equibind,scored,0.71378,gnina v1.3.3 master:6fe1ce2   Built Jun 30 2026.,static_crystal_polymer,,
5AVE,diffdock,scored,0.14664,gnina v1.3.3 master:6fe1ce2   Built Jun 30 2026.,static_crystal_polymer,,
5AQK,equibind,scored,0.04212,gnina v1.3.3 master:6fe1ce2   Built Jun 30 2026.,static_crystal_polymer,,
5AQK,diffdock,scored,0.31,gnina v1.3.3 master:6fe1ce2   Built Jun 30 2026.,static_crystal_polymer,,
5AR5,equibind,scored,0.27123,gnina v1.3.3 master:6fe1ce2   Built Jun 30 2026.,static_crystal_polymer,,
5AR5,diffdock,scored,0.77138,gnina v1.3.3 master:6fe1ce2   Built Jun 30 2026.,static_crystal_polymer,,
5AR4,equibind,scored,0.00158,gnina v1.3.3 master:6fe1ce2   Built Jun 30 2026.,static_crystal_polymer,,
5AR4,diffdock,scored,0.51134,gnina v1.3.3 master:6fe1ce2   Built Jun 30 2026.,static_crystal_polymer,,
5AWJ,equibind,scored,0.05165,gnina v1.3.3 master:6fe1ce2   Built Jun 30 2026.,static_crystal_polymer,,
5AWJ,diffdock,scored,0.94141,gnina v1.3.3 master:6fe1ce2   Built Jun 30 2026.,static_crystal_polymer,,
5AQN,equibind,scored,0.00077,gnina v1.3.3 master:6fe1ce2   Built Jun 30 2026.,static_crystal_polymer,,
5AQN,diffdock,scored,0.95541,gnina v1.3.3 master:6fe1ce2   Built Jun 30 2026.,static_crystal_polymer,,
5AX3,equibind,scored,0.57555,gnina v1.3.3 master:6fe1ce2   Built Jun 30 2026.,static_crystal_polymer,,
5AX3,diffdock,scored,0.29282,gnina v1.3.3 master:6fe1ce2   Built Jun 30 2026.,static_crystal_polymer,,
5B0X,equibind,scored,0.52433,gnina v1.3.3 master:6fe1ce2   Built Jun 30 2026.,static_crystal_polymer,,
5B0X,diffdock,scored,0.43811,gnina v1.3.3 master:6fe1ce2   Built Jun 30 2026.,static_crystal_polymer,,
5AXP,equibind,scored,0.00178,gnina v1.3.3 master:6fe1ce2   Built Jun 30 2026.,static_crystal_polymer,,
5AXP,diffdock,scored,0.09388,gnina v1.3.3 master:6fe1ce2   Built Jun 30 2026.,static_crystal_polymer,,
5AXQ,equibind,scored,0.00631,gnina v1.3.3 master:6fe1ce2   Built Jun 30 2026.,static_crystal_polymer,,
5AXQ,diffdock,scored,0.39396,gnina v1.3.3 master:6fe1ce2   Built Jun 30 2026.,static_crystal_polymer,,
5AQP,equibind,scored,0.00092,gnina v1.3.3 master:6fe1ce2   Built Jun 30 2026.,static_crystal_polymer,,
5AQP,diffdock,scored,0.84022,gnina v1.3.3 master:6fe1ce2   Built Jun 30 2026.,static_crystal_polymer,,
5AQR,equibind,scored,0.01914,gnina v1.3.3 master:6fe1ce2   Built Jun 30 2026.,static_crystal_polymer,,
5AQR,diffdock,scored,0.90662,gnina v1.3.3 master:6fe1ce2   Built Jun 30 2026.,static_crystal_polymer,,
5AQO,equibind,scored,0.19601,gnina v1.3.3 master:6fe1ce2   Built Jun 30 2026.,static_crystal_polymer,,
5AQO,diffdock,scored,0.81165,gnina v1.3.3 master:6fe1ce2   Built Jun 30 2026.,static_crystal_polymer,,
5AVI,equibind,scored,0.00531,gnina v1.3.3 master:6fe1ce2   Built Jun 30 2026.,static_crystal_polymer,,
5AVI,diffdock,scored,0.51626,gnina v1.3.3 master:6fe1ce2   Built Jun 30 2026.,static_crystal_polymer,,
5B4K,equibind,scored,8e-05,gnina v1.3.3 master:6fe1ce2   Built Jun 30 2026.,static_crystal_polymer,,
5B4K,diffdock,scored,0.4343,gnina v1.3.3 master:6fe1ce2   Built Jun 30 2026.,static_crystal_polymer,,
5B4L,equibind,scored,0.00124,gnina v1.3.3 master:6fe1ce2   Built Jun 30 2026.,static_crystal_polymer,,
5B4L,diffdock,scored,0.40012,gnina v1.3.3 master:6fe1ce2   Built Jun 30 2026.,static_crystal_polymer,,
5B5O,equibind,scored,0.06521,gnina v1.3.3 master:6fe1ce2   Built Jun 30 2026.,static_crystal_polymer,,
5B5O,diffdock,scored,0.71798,gnina v1.3.3 master:6fe1ce2   Built Jun 30 2026.,static_crystal_polymer,,
5B5B,equibind,scored,0.0,gnina v1.3.3 master:6fe1ce2   Built Jun 30 2026.,static_crystal_polymer,,
5B5B,diffdock,scored,0.62117,gnina v1.3.3 master:6fe1ce2   Built Jun 30 2026.,static_crystal_polymer,,
5B5P,equibind,scored,0.00066,gnina v1.3.3 master:6fe1ce2   Built Jun 30 2026.,static_crystal_polymer,,
5B5P,diffdock,scored,0.88357,gnina v1.3.3 master:6fe1ce2   Built Jun 30 2026.,static_crystal_polymer,,
5B1S,equibind,scored,0.00023,gnina v1.3.3 master:6fe1ce2   Built Jun 30 2026.,static_crystal_polymer,,
5B1S,diffdock,scored,0.36638,gnina v1.3.3 master:6fe1ce2   Built Jun 30 2026.,static_crystal_polymer,,
5B5G,equibind,scored,0.02765,gnina v1.3.3 master:6fe1ce2   Built Jun 30 2026.,static_crystal_polymer,,
5B5G,diffdock,scored,0.8446,gnina v1.3.3 master:6fe1ce2   Built Jun 30 2026.,static_crystal_polymer,,
4ZLA,equibind,scored,0.58869,gnina v1.3.3 master:6fe1ce2   Built Jun 30 2026.,static_crystal_polymer,,
4ZLA,diffdock,scored,0.98019,gnina v1.3.3 master:6fe1ce2   Built Jun 30 2026.,static_crystal_polymer,,
5BOJ,equibind,scored,0.02185,gnina v1.3.3 master:6fe1ce2   Built Jun 30 2026.,static_crystal_polymer,,
5BOJ,diffdock,scored,0.34214,gnina v1.3.3 master:6fe1ce2   Built Jun 30 2026.,static_crystal_polymer,,
5B5F,equibind,scored,0.02088,gnina v1.3.3 master:6fe1ce2   Built Jun 30 2026.,static_crystal_polymer,,
5B5F,diffdock,scored,0.87349,gnina v1.3.3 master:6fe1ce2   Built Jun 30 2026.,static_crystal_polymer,,
5BOT,equibind,scored,7e-05,gnina v1.3.3 master:6fe1ce2   Built Jun 30 2026.,static_crystal_polymer,,
5BOT,diffdock,scored,0.70723,gnina v1.3.3 master:6fe1ce2   Built Jun 30 2026.,static_crystal_polymer,,
5BOY,equibind,scored,0.01074,gnina v1.3.3 master:6fe1ce2   Built Jun 30 2026.,static_crystal_polymer,,
5BOY,diffdock,scored,0.92136,gnina v1.3.3 master:6fe1ce2   Built Jun 30 2026.,static_crystal_polymer,,
5BNJ,equibind,scored,0.00799,gnina v1.3.3 master:6fe1ce2   Built Jun 30 2026.,static_crystal_polymer,,
5BNJ,diffdock,scored,0.15424,gnina v1.3.3 master:6fe1ce2   Built Jun 30 2026.,static_crystal_polymer,,
5BPE,equibind,scored,0.29572,gnina v1.3.3 master:6fe1ce2   Built Jun 30 2026.,static_crystal_polymer,,
5BPE,diffdock,scored,0.36394,gnina v1.3.3 master:6fe1ce2   Built Jun 30 2026.,static_crystal_polymer,,
5BQG,equibind,scored,0.00014,gnina v1.3.3 master:6fe1ce2   Built Jun 30 2026.,static_crystal_polymer,,
5BQG,diffdock,scored,0.5491,gnina v1.3.3 master:6fe1ce2   Built Jun 30 2026.,static_crystal_polymer,,
5BQH,equibind,scored,2e-05,gnina v1.3.3 master:6fe1ce2   Built Jun 30 2026.,static_crystal_polymer,,
5BQH,diffdock,scored,0.5967,gnina v1.3.3 master:6fe1ce2   Built Jun 30 2026.,static_crystal_polymer,,
5BML,equibind,scored,0.00026,gnina v1.3.3 master:6fe1ce2   Built Jun 30 2026.,static_crystal_polymer,,
5BML,diffdock,scored,0.70766,gnina v1.3.3 master:6fe1ce2   Built Jun 30 2026.,static_crystal_polymer,,
5BNM,equibind,scored,0.0008,gnina v1.3.3 master:6fe1ce2   Built Jun 30 2026.,static_crystal_polymer,,
5BNM,diffdock,scored,0.28389,gnina v1.3.3 master:6fe1ce2   Built Jun 30 2026.,static_crystal_polymer,,
5BPP,equibind,scored,0.03594,gnina v1.3.3 master:6fe1ce2   Built Jun 30 2026.,static_crystal_polymer,,
5BPP,diffdock,scored,0.79291,gnina v1.3.3 master:6fe1ce2   Built Jun 30 2026.,static_crystal_polymer,,
5BTX,equibind,scored,0.02969,gnina v1.3.3 master:6fe1ce2   Built Jun 30 2026.,static_crystal_polymer,,
5BTX,diffdock,scored,0.13664,gnina v1.3.3 master:6fe1ce2   Built Jun 30 2026.,static_crystal_polymer,,
5AHJ,equibind,scored,0.21249,gnina v1.3.3 master:6fe1ce2   Built Jun 30 2026.,static_crystal_polymer,,
5BUE,equibind,scored,0.01729,gnina v1.3.3 master:6fe1ce2   Built Jun 30 2026.,static_crystal_polymer,,
5BUE,diffdock,scored,0.89041,gnina v1.3.3 master:6fe1ce2   Built Jun 30 2026.,static_crystal_polymer,,
5BUJ,equibind,scored,0.06053,gnina v1.3.3 master:6fe1ce2   Built Jun 30 2026.,static_crystal_polymer,,
5BUJ,diffdock,scored,0.79881,gnina v1.3.3 master:6fe1ce2   Built Jun 30 2026.,static_crystal_polymer,,
5BVF,equibind,scored,0.47032,gnina v1.3.3 master:6fe1ce2   Built Jun 30 2026.,static_crystal_polymer,,
5BVF,diffdock,scored,0.75359,gnina v1.3.3 master:6fe1ce2   Built Jun 30 2026.,static_crystal_polymer,,
5BVW,equibind,scored,0.01406,gnina v1.3.3 master:6fe1ce2   Built Jun 30 2026.,static_crystal_polymer,,
5BVW,diffdock,scored,0.80859,gnina v1.3.3 master:6fe1ce2   Built Jun 30 2026.,static_crystal_polymer,,
5BVN,equibind,scored,0.06496,gnina v1.3.3 master:6fe1ce2   Built Jun 30 2026.,static_crystal_polymer,,
5BVN,diffdock,scored,0.88147,gnina v1.3.3 master:6fe1ce2   Built Jun 30 2026.,static_crystal_polymer,,
5C0K,equibind,scored,0.07388,gnina v1.3.3 master:6fe1ce2   Built Jun 30 2026.,static_crystal_polymer,,
5C0K,diffdock,scored,0.53908,gnina v1.3.3 master:6fe1ce2   Built Jun 30 2026.,static_crystal_polymer,,
5BYY,equibind,scored,0.13452,gnina v1.3.3 master:6fe1ce2   Built Jun 30 2026.,static_crystal_polymer,,
5BYY,diffdock,scored,0.94331,gnina v1.3.3 master:6fe1ce2   Built Jun 30 2026.,static_crystal_polymer,,
5BWB,equibind,scored,0.00331,gnina v1.3.3 master:6fe1ce2   Built Jun 30 2026.,static_crystal_polymer,,
5BWB,diffdock,scored,0.14414,gnina v1.3.3 master:6fe1ce2   Built Jun 30 2026.,static_crystal_polymer,,
5BWC,equibind,scored,0.64135,gnina v1.3.3 master:6fe1ce2   Built Jun 30 2026.,static_crystal_polymer,,
5BWC,diffdock,scored,0.64142,gnina v1.3.3 master:6fe1ce2   Built Jun 30 2026.,static_crystal_polymer,,
5C1Y,equibind,scored,0.00263,gnina v1.3.3 master:6fe1ce2   Built Jun 30 2026.,static_crystal_polymer,,
5C1Y,diffdock,scored,0.49946,gnina v1.3.3 master:6fe1ce2   Built Jun 30 2026.,static_crystal_polymer,,
5C26,equibind,scored,0.01646,gnina v1.3.3 master:6fe1ce2   Built Jun 30 2026.,static_crystal_polymer,,
5C26,diffdock,scored,0.68271,gnina v1.3.3 master:6fe1ce2   Built Jun 30 2026.,static_crystal_polymer,,
5C20,equibind,scored,0.41676,gnina v1.3.3 master:6fe1ce2   Built Jun 30 2026.,static_crystal_polymer,,
5C20,diffdock,scored,0.54863,gnina v1.3.3 master:6fe1ce2   Built Jun 30 2026.,static_crystal_polymer,,
5C1X,equibind,scored,0.00021,gnina v1.3.3 master:6fe1ce2   Built Jun 30 2026.,static_crystal_polymer,,
5C1X,diffdock,scored,0.56019,gnina v1.3.3 master:6fe1ce2   Built Jun 30 2026.,static_crystal_polymer,,
5BRN,equibind,scored,0.00031,gnina v1.3.3 master:6fe1ce2   Built Jun 30 2026.,static_crystal_polymer,,
5BRN,diffdock,scored,0.24021,gnina v1.3.3 master:6fe1ce2   Built Jun 30 2026.,static_crystal_polymer,,
5BSK,equibind,scored,0.09485,gnina v1.3.3 master:6fe1ce2   Built Jun 30 2026.,static_crystal_polymer,,
5BSK,diffdock,scored,0.9896,gnina v1.3.3 master:6fe1ce2   Built Jun 30 2026.,static_crystal_polymer,,
5C1W,equibind,scored,6e-05,gnina v1.3.3 master:6fe1ce2   Built Jun 30 2026.,static_crystal_polymer,,
5C1W,diffdock,scored,0.76282,gnina v1.3.3 master:6fe1ce2   Built Jun 30 2026.,static_crystal_polymer,,
5C2E,equibind,scored,0.00083,gnina v1.3.3 master:6fe1ce2   Built Jun 30 2026.,static_crystal_polymer,,
5C2E,diffdock,scored,0.59979,gnina v1.3.3 master:6fe1ce2   Built Jun 30 2026.,static_crystal_polymer,,
5C2O,equibind,scored,0.00565,gnina v1.3.3 master:6fe1ce2   Built Jun 30 2026.,static_crystal_polymer,,
5C2O,diffdock,scored,0.1638,gnina v1.3.3 master:6fe1ce2   Built Jun 30 2026.,static_crystal_polymer,,
5C4O,equibind,scored,8e-05,gnina v1.3.3 master:6fe1ce2   Built Jun 30 2026.,static_crystal_polymer,,
5C4O,diffdock,scored,0.57479,gnina v1.3.3 master:6fe1ce2   Built Jun 30 2026.,static_crystal_polymer,,
5C2H,equibind,scored,0.0002,gnina v1.3.3 master:6fe1ce2   Built Jun 30 2026.,static_crystal_polymer,,
5C2H,diffdock,scored,0.62452,gnina v1.3.3 master:6fe1ce2   Built Jun 30 2026.,static_crystal_polymer,,
5C4S,equibind,scored,0.00054,gnina v1.3.3 master:6fe1ce2   Built Jun 30 2026.,static_crystal_polymer,,
5C4S,diffdock,scored,0.41644,gnina v1.3.3 master:6fe1ce2   Built Jun 30 2026.,static_crystal_polymer,,
5C4T,equibind,scored,0.00011,gnina v1.3.3 master:6fe1ce2   Built Jun 30 2026.,static_crystal_polymer,,
5C4T,diffdock,scored,0.45336,gnina v1.3.3 master:6fe1ce2   Built Jun 30 2026.,static_crystal_polymer,,
5C7A,equibind,scored,0.5399,gnina v1.3.3 master:6fe1ce2   Built Jun 30 2026.,static_crystal_polymer,,
5C7A,diffdock,scored,0.7879,gnina v1.3.3 master:6fe1ce2   Built Jun 30 2026.,static_crystal_polymer,,
5C5T,equibind,scored,0.53894,gnina v1.3.3 master:6fe1ce2   Built Jun 30 2026.,static_crystal_polymer,,
5C5T,diffdock,scored,0.80121,gnina v1.3.3 master:6fe1ce2   Built Jun 30 2026.,static_crystal_polymer,,
5C4K,equibind,scored,0.00046,gnina v1.3.3 master:6fe1ce2   Built Jun 30 2026.,static_crystal_polymer,,
5C4K,diffdock,scored,0.13308,gnina v1.3.3 master:6fe1ce2   Built Jun 30 2026.,static_crystal_polymer,,
5C4L,equibind,scored,1e-05,gnina v1.3.3 master:6fe1ce2   Built Jun 30 2026.,static_crystal_polymer,,
5C4L,diffdock,scored,0.63044,gnina v1.3.3 master:6fe1ce2   Built Jun 30 2026.,static_crystal_polymer,,
5C7B,equibind,scored,0.57317,gnina v1.3.3 master:6fe1ce2   Built Jun 30 2026.,static_crystal_polymer,,
5C7B,diffdock,scored,0.97444,gnina v1.3.3 master:6fe1ce2   Built Jun 30 2026.,static_crystal_polymer,,
5C6O,equibind,scored,0.0027,gnina v1.3.3 master:6fe1ce2   Built Jun 30 2026.,static_crystal_polymer,,
5C6O,diffdock,scored,0.0549,gnina v1.3.3 master:6fe1ce2   Built Jun 30 2026.,static_crystal_polymer,,
5C7C,equibind,scored,0.66674,gnina v1.3.3 master:6fe1ce2   Built Jun 30 2026.,static_crystal_polymer,,
5C7C,diffdock,scored,0.26023,gnina v1.3.3 master:6fe1ce2   Built Jun 30 2026.,static_crystal_polymer,,
5C7D,equibind,scored,0.52745,gnina v1.3.3 master:6fe1ce2   Built Jun 30 2026.,static_crystal_polymer,,
5C7D,diffdock,scored,0.80983,gnina v1.3.3 master:6fe1ce2   Built Jun 30 2026.,static_crystal_polymer,,
5C83,equibind,scored,0.00064,gnina v1.3.3 master:6fe1ce2   Built Jun 30 2026.,static_crystal_polymer,,
5C83,diffdock,scored,0.2935,gnina v1.3.3 master:6fe1ce2   Built Jun 30 2026.,static_crystal_polymer,,
5C84,equibind,scored,0.00124,gnina v1.3.3 master:6fe1ce2   Built Jun 30 2026.,static_crystal_polymer,,
5C84,diffdock,scored,0.9781,gnina v1.3.3 master:6fe1ce2   Built Jun 30 2026.,static_crystal_polymer,,
5C85,equibind,scored,0.68503,gnina v1.3.3 master:6fe1ce2   Built Jun 30 2026.,static_crystal_polymer,,
5C85,diffdock,scored,0.79232,gnina v1.3.3 master:6fe1ce2   Built Jun 30 2026.,static_crystal_polymer,,
5C87,equibind,scored,0.6433,gnina v1.3.3 master:6fe1ce2   Built Jun 30 2026.,static_crystal_polymer,,
5C87,diffdock,scored,0.80218,gnina v1.3.3 master:6fe1ce2   Built Jun 30 2026.,static_crystal_polymer,,
5C8K,equibind,scored,0.64046,gnina v1.3.3 master:6fe1ce2   Built Jun 30 2026.,static_crystal_polymer,,
5C8K,diffdock,scored,0.68854,gnina v1.3.3 master:6fe1ce2   Built Jun 30 2026.,static_crystal_polymer,,
5CBR,equibind,scored,3e-05,gnina v1.3.3 master:6fe1ce2   Built Jun 30 2026.,static_crystal_polymer,,
5CBR,diffdock,scored,0.53653,gnina v1.3.3 master:6fe1ce2   Built Jun 30 2026.,static_crystal_polymer,,
5C6P,equibind,scored,0.03279,gnina v1.3.3 master:6fe1ce2   Built Jun 30 2026.,static_crystal_polymer,,
5C6P,diffdock,scored,0.32796,gnina v1.3.3 master:6fe1ce2   Built Jun 30 2026.,static_crystal_polymer,,
5CAS,equibind,scored,0.48011,gnina v1.3.3 master:6fe1ce2   Built Jun 30 2026.,static_crystal_polymer,,
5CAS,diffdock,scored,0.87627,gnina v1.3.3 master:6fe1ce2   Built Jun 30 2026.,static_crystal_polymer,,
5CC2,equibind,scored,0.02581,gnina v1.3.3 master:6fe1ce2   Built Jun 30 2026.,static_crystal_polymer,,
5CC2,diffdock,scored,0.67539,gnina v1.3.3 master:6fe1ce2   Built Jun 30 2026.,static_crystal_polymer,,
5CEP,equibind,scored,0.28394,gnina v1.3.3 master:6fe1ce2   Built Jun 30 2026.,static_crystal_polymer,,
5CEP,diffdock,scored,0.90652,gnina v1.3.3 master:6fe1ce2   Built Jun 30 2026.,static_crystal_polymer,,
5CCM,equibind,scored,0.01135,gnina v1.3.3 master:6fe1ce2   Built Jun 30 2026.,static_crystal_polymer,,
5CCM,diffdock,scored,0.51407,gnina v1.3.3 master:6fe1ce2   Built Jun 30 2026.,static_crystal_polymer,,
5CEQ,equibind,scored,0.21611,gnina v1.3.3 master:6fe1ce2   Built Jun 30 2026.,static_crystal_polymer,,
5CEQ,diffdock,scored,0.68353,gnina v1.3.3 master:6fe1ce2   Built Jun 30 2026.,static_crystal_polymer,,
5C3P,equibind,scored,0.07014,gnina v1.3.3 master:6fe1ce2   Built Jun 30 2026.,static_crystal_polymer,,
5C3P,diffdock,scored,0.457,gnina v1.3.3 master:6fe1ce2   Built Jun 30 2026.,static_crystal_polymer,,
5CEH,equibind,scored,0.10487,gnina v1.3.3 master:6fe1ce2   Built Jun 30 2026.,static_crystal_polymer,,
5CEH,diffdock,scored,0.95614,gnina v1.3.3 master:6fe1ce2   Built Jun 30 2026.,static_crystal_polymer,,
5CJ6,equibind,scored,0.09982,gnina v1.3.3 master:6fe1ce2   Built Jun 30 2026.,static_crystal_polymer,,
5CJ6,diffdock,scored,0.82663,gnina v1.3.3 master:6fe1ce2   Built Jun 30 2026.,static_crystal_polymer,,
5CF4,equibind,scored,0.0,gnina v1.3.3 master:6fe1ce2   Built Jun 30 2026.,static_crystal_polymer,,
5CF4,diffdock,scored,0.95431,gnina v1.3.3 master:6fe1ce2   Built Jun 30 2026.,static_crystal_polymer,,
5CF5,equibind,scored,0.0,gnina v1.3.3 master:6fe1ce2   Built Jun 30 2026.,static_crystal_polymer,,
5CF5,diffdock,scored,0.99064,gnina v1.3.3 master:6fe1ce2   Built Jun 30 2026.,static_crystal_polymer,,
5CEI,equibind,scored,0.57333,gnina v1.3.3 master:6fe1ce2   Built Jun 30 2026.,static_crystal_polymer,,
5CEI,diffdock,scored,0.72694,gnina v1.3.3 master:6fe1ce2   Built Jun 30 2026.,static_crystal_polymer,,
5CF6,equibind,scored,0.0,gnina v1.3.3 master:6fe1ce2   Built Jun 30 2026.,static_crystal_polymer,,
5CF6,diffdock,scored,0.86182,gnina v1.3.3 master:6fe1ce2   Built Jun 30 2026.,static_crystal_polymer,,
5CLM,equibind,scored,0.00493,gnina v1.3.3 master:6fe1ce2   Built Jun 30 2026.,static_crystal_polymer,,
5CLM,diffdock,scored,0.91139,gnina v1.3.3 master:6fe1ce2   Built Jun 30 2026.,static_crystal_polymer,,
5CP5,equibind,scored,0.187,gnina v1.3.3 master:6fe1ce2   Built Jun 30 2026.,static_crystal_polymer,,
5CP5,diffdock,scored,0.91687,gnina v1.3.3 master:6fe1ce2   Built Jun 30 2026.,static_crystal_polymer,,
5CF8,equibind,scored,0.0,gnina v1.3.3 master:6fe1ce2   Built Jun 30 2026.,static_crystal_polymer,,
5CF8,diffdock,scored,0.95499,gnina v1.3.3 master:6fe1ce2   Built Jun 30 2026.,static_crystal_polymer,,
5CPR,equibind,scored,0.00058,gnina v1.3.3 master:6fe1ce2   Built Jun 30 2026.,static_crystal_polymer,,
5CPR,diffdock,scored,0.69461,gnina v1.3.3 master:6fe1ce2   Built Jun 30 2026.,static_crystal_polymer,,
5CP9,equibind,scored,0.02767,gnina v1.3.3 master:6fe1ce2   Built Jun 30 2026.,static_crystal_polymer,,
5CP9,diffdock,scored,0.50254,gnina v1.3.3 master:6fe1ce2   Built Jun 30 2026.,static_crystal_polymer,,
5CBS,equibind,scored,0.51316,gnina v1.3.3 master:6fe1ce2   Built Jun 30 2026.,static_crystal_polymer,,
5CBS,diffdock,scored,0.93591,gnina v1.3.3 master:6fe1ce2   Built Jun 30 2026.,static_crystal_polymer,,
5CNM,equibind,scored,0.06991,gnina v1.3.3 master:6fe1ce2   Built Jun 30 2026.,static_crystal_polymer,,
5CNM,diffdock,scored,0.87643,gnina v1.3.3 master:6fe1ce2   Built Jun 30 2026.,static_crystal_polymer,,
5CQT,equibind,scored,0.52751,gnina v1.3.3 master:6fe1ce2   Built Jun 30 2026.,static_crystal_polymer,,
5CQT,diffdock,scored,0.94209,gnina v1.3.3 master:6fe1ce2   Built Jun 30 2026.,static_crystal_polymer,,
5CNJ,equibind,scored,0.03057,gnina v1.3.3 master:6fe1ce2   Built Jun 30 2026.,static_crystal_polymer,,
5CNJ,diffdock,scored,0.35383,gnina v1.3.3 master:6fe1ce2   Built Jun 30 2026.,static_crystal_polymer,,
5CSO,equibind,scored,0.54243,gnina v1.3.3 master:6fe1ce2   Built Jun 30 2026.,static_crystal_polymer,,
5CSO,diffdock,scored,0.66943,gnina v1.3.3 master:6fe1ce2   Built Jun 30 2026.,static_crystal_polymer,,
5CS5,equibind,scored,0.00193,gnina v1.3.3 master:6fe1ce2   Built Jun 30 2026.,static_crystal_polymer,,
5CS5,diffdock,scored,0.19929,gnina v1.3.3 master:6fe1ce2   Built Jun 30 2026.,static_crystal_polymer,,
5CST,equibind,scored,0.02385,gnina v1.3.3 master:6fe1ce2   Built Jun 30 2026.,static_crystal_polymer,,
5CST,diffdock,scored,0.56495,gnina v1.3.3 master:6fe1ce2   Built Jun 30 2026.,static_crystal_polymer,,
5AYY,equibind,scored,0.10025,gnina v1.3.3 master:6fe1ce2   Built Jun 30 2026.,static_crystal_polymer,,
5AYY,diffdock,scored,0.94236,gnina v1.3.3 master:6fe1ce2   Built Jun 30 2026.,static_crystal_polymer,,
5CSX,equibind,scored,0.03463,gnina v1.3.3 master:6fe1ce2   Built Jun 30 2026.,static_crystal_polymer,,
5CSX,diffdock,scored,0.91844,gnina v1.3.3 master:6fe1ce2   Built Jun 30 2026.,static_crystal_polymer,,
5CS6,equibind,scored,5e-05,gnina v1.3.3 master:6fe1ce2   Built Jun 30 2026.,static_crystal_polymer,,
5CS6,diffdock,scored,0.60654,gnina v1.3.3 master:6fe1ce2   Built Jun 30 2026.,static_crystal_polymer,,
5CR7,equibind,scored,0.02764,gnina v1.3.3 master:6fe1ce2   Built Jun 30 2026.,static_crystal_polymer,,
5CR7,diffdock,scored,0.03901,gnina v1.3.3 master:6fe1ce2   Built Jun 30 2026.,static_crystal_polymer,,
5CSH,equibind,scored,0.00071,gnina v1.3.3 master:6fe1ce2   Built Jun 30 2026.,static_crystal_polymer,,
5CSH,diffdock,scored,0.6956,gnina v1.3.3 master:6fe1ce2   Built Jun 30 2026.,static_crystal_polymer,,
5CKS,equibind,scored,0.00676,gnina v1.3.3 master:6fe1ce2   Built Jun 30 2026.,static_crystal_polymer,,
5CKS,diffdock,scored,0.84191,gnina v1.3.3 master:6fe1ce2   Built Jun 30 2026.,static_crystal_polymer,,
5CU4,equibind,scored,0.00068,gnina v1.3.3 master:6fe1ce2   Built Jun 30 2026.,static_crystal_polymer,,
5CU4,diffdock,scored,0.73568,gnina v1.3.3 master:6fe1ce2   Built Jun 30 2026.,static_crystal_polymer,,
5CW8,equibind,scored,1e-05,gnina v1.3.3 master:6fe1ce2   Built Jun 30 2026.,static_crystal_polymer,,
5CW8,diffdock,scored,0.36786,gnina v1.3.3 master:6fe1ce2   Built Jun 30 2026.,static_crystal_polymer,,
5CXI,equibind,scored,0.01406,gnina v1.3.3 master:6fe1ce2   Built Jun 30 2026.,static_crystal_polymer,,
5CXI,diffdock,scored,0.92535,gnina v1.3.3 master:6fe1ce2   Built Jun 30 2026.,static_crystal_polymer,,
5CUQ,equibind,scored,0.13506,gnina v1.3.3 master:6fe1ce2   Built Jun 30 2026.,static_crystal_polymer,,
5CUQ,diffdock,scored,0.10432,gnina v1.3.3 master:6fe1ce2   Built Jun 30 2026.,static_crystal_polymer,,
5CY9,equibind,scored,0.28474,gnina v1.3.3 master:6fe1ce2   Built Jun 30 2026.,static_crystal_polymer,,
5CY9,diffdock,scored,0.95903,gnina v1.3.3 master:6fe1ce2   Built Jun 30 2026.,static_crystal_polymer,,
5CY3,equibind,scored,0.71147,gnina v1.3.3 master:6fe1ce2   Built Jun 30 2026.,static_crystal_polymer,,
5CY3,diffdock,scored,0.97914,gnina v1.3.3 master:6fe1ce2   Built Jun 30 2026.,static_crystal_polymer,,
5CSD,equibind,scored,0.00606,gnina v1.3.3 master:6fe1ce2   Built Jun 30 2026.,static_crystal_polymer,,
5CSD,diffdock,scored,0.44828,gnina v1.3.3 master:6fe1ce2   Built Jun 30 2026.,static_crystal_polymer,,
5D0C,equibind,scored,0.16569,gnina v1.3.3 master:6fe1ce2   Built Jun 30 2026.,static_crystal_polymer,,
5D0C,diffdock,scored,0.79995,gnina v1.3.3 master:6fe1ce2   Built Jun 30 2026.,static_crystal_polymer,,
5CZM,equibind,scored,0.00562,gnina v1.3.3 master:6fe1ce2   Built Jun 30 2026.,static_crystal_polymer,,
5CZM,diffdock,scored,0.43107,gnina v1.3.3 master:6fe1ce2   Built Jun 30 2026.,static_crystal_polymer,,
5D1J,equibind,scored,0.03101,gnina v1.3.3 master:6fe1ce2   Built Jun 30 2026.,static_crystal_polymer,,
5D1J,diffdock,scored,0.65543,gnina v1.3.3 master:6fe1ce2   Built Jun 30 2026.,static_crystal_polymer,,
5D10,equibind,scored,0.00011,gnina v1.3.3 master:6fe1ce2   Built Jun 30 2026.,static_crystal_polymer,,
5D10,diffdock,scored,0.72764,gnina v1.3.3 master:6fe1ce2   Built Jun 30 2026.,static_crystal_polymer,,
5D12,equibind,scored,0.01068,gnina v1.3.3 master:6fe1ce2   Built Jun 30 2026.,static_crystal_polymer,,
5D12,diffdock,scored,0.13596,gnina v1.3.3 master:6fe1ce2   Built Jun 30 2026.,static_crystal_polymer,,
5D1S,equibind,scored,0.00669,gnina v1.3.3 master:6fe1ce2   Built Jun 30 2026.,static_crystal_polymer,,
5D1S,diffdock,scored,0.93405,gnina v1.3.3 master:6fe1ce2   Built Jun 30 2026.,static_crystal_polymer,,
5D1R,equibind,scored,0.00634,gnina v1.3.3 master:6fe1ce2   Built Jun 30 2026.,static_crystal_polymer,,
5D1R,diffdock,scored,0.57725,gnina v1.3.3 master:6fe1ce2   Built Jun 30 2026.,static_crystal_polymer,,
5CTE,equibind,scored,0.00669,gnina v1.3.3 master:6fe1ce2   Built Jun 30 2026.,static_crystal_polymer,,
5CTE,diffdock,scored,0.90638,gnina v1.3.3 master:6fe1ce2   Built Jun 30 2026.,static_crystal_polymer,,
5D1U,equibind,scored,0.00207,gnina v1.3.3 master:6fe1ce2   Built Jun 30 2026.,static_crystal_polymer,,
5D1U,diffdock,scored,0.73675,gnina v1.3.3 master:6fe1ce2   Built Jun 30 2026.,static_crystal_polymer,,
5CZB,equibind,scored,0.00067,gnina v1.3.3 master:6fe1ce2   Built Jun 30 2026.,static_crystal_polymer,,
5CZB,diffdock,scored,0.57523,gnina v1.3.3 master:6fe1ce2   Built Jun 30 2026.,static_crystal_polymer,,
5D3C,equibind,scored,0.00094,gnina v1.3.3 master:6fe1ce2   Built Jun 30 2026.,static_crystal_polymer,,
5D3C,diffdock,scored,0.1783,gnina v1.3.3 master:6fe1ce2   Built Jun 30 2026.,static_crystal_polymer,,
5D2R,equibind,scored,0.00179,gnina v1.3.3 master:6fe1ce2   Built Jun 30 2026.,static_crystal_polymer,,
5D2R,diffdock,scored,0.36254,gnina v1.3.3 master:6fe1ce2   Built Jun 30 2026.,static_crystal_polymer,,
5D21,equibind,scored,3e-05,gnina v1.3.3 master:6fe1ce2   Built Jun 30 2026.,static_crystal_polymer,,
5D21,diffdock,scored,0.65737,gnina v1.3.3 master:6fe1ce2   Built Jun 30 2026.,static_crystal_polymer,,
5D29,equibind,scored,0.288,gnina v1.3.3 master:6fe1ce2   Built Jun 30 2026.,static_crystal_polymer,,
5D29,diffdock,scored,0.84977,gnina v1.3.3 master:6fe1ce2   Built Jun 30 2026.,static_crystal_polymer,,
5D6E,equibind,scored,0.52779,gnina v1.3.3 master:6fe1ce2   Built Jun 30 2026.,static_crystal_polymer,,
5D6E,diffdock,scored,0.02235,gnina v1.3.3 master:6fe1ce2   Built Jun 30 2026.,static_crystal_polymer,,
5D6F,equibind,scored,0.3248,gnina v1.3.3 master:6fe1ce2   Built Jun 30 2026.,static_crystal_polymer,,
5D6F,diffdock,scored,0.42454,gnina v1.3.3 master:6fe1ce2   Built Jun 30 2026.,static_crystal_polymer,,
5D6P,equibind,scored,0.0021,gnina v1.3.3 master:6fe1ce2   Built Jun 30 2026.,static_crystal_polymer,,
5D6P,diffdock,scored,0.81559,gnina v1.3.3 master:6fe1ce2   Built Jun 30 2026.,static_crystal_polymer,,
5D75,equibind,scored,0.02815,gnina v1.3.3 master:6fe1ce2   Built Jun 30 2026.,static_crystal_polymer,,
5D75,diffdock,scored,0.0251,gnina v1.3.3 master:6fe1ce2   Built Jun 30 2026.,static_crystal_polymer,,
5CYV,equibind,scored,0.00216,gnina v1.3.3 master:6fe1ce2   Built Jun 30 2026.,static_crystal_polymer,,
5CYV,diffdock,scored,0.1769,gnina v1.3.3 master:6fe1ce2   Built Jun 30 2026.,static_crystal_polymer,,
5CTB,equibind,scored,0.0,gnina v1.3.3 master:6fe1ce2   Built Jun 30 2026.,static_crystal_polymer,,
5CTB,diffdock,scored,0.63766,gnina v1.3.3 master:6fe1ce2   Built Jun 30 2026.,static_crystal_polymer,,
5D6Q,equibind,scored,0.00402,gnina v1.3.3 master:6fe1ce2   Built Jun 30 2026.,static_crystal_polymer,,
5D6Q,diffdock,scored,0.72834,gnina v1.3.3 master:6fe1ce2   Built Jun 30 2026.,static_crystal_polymer,,
5DA3,equibind,scored,0.10873,gnina v1.3.3 master:6fe1ce2   Built Jun 30 2026.,static_crystal_polymer,,
5DA3,diffdock,scored,0.52499,gnina v1.3.3 master:6fe1ce2   Built Jun 30 2026.,static_crystal_polymer,,
5CTC,equibind,scored,0.00081,gnina v1.3.3 master:6fe1ce2   Built Jun 30 2026.,static_crystal_polymer,,
5CTC,diffdock,scored,0.92612,gnina v1.3.3 master:6fe1ce2   Built Jun 30 2026.,static_crystal_polymer,,
5D9P,equibind,scored,0.00052,gnina v1.3.3 master:6fe1ce2   Built Jun 30 2026.,static_crystal_polymer,,
5D9P,diffdock,scored,0.36529,gnina v1.3.3 master:6fe1ce2   Built Jun 30 2026.,static_crystal_polymer,,
5DB0,equibind,scored,0.15665,gnina v1.3.3 master:6fe1ce2   Built Jun 30 2026.,static_crystal_polymer,,
5DB0,diffdock,scored,0.3357,gnina v1.3.3 master:6fe1ce2   Built Jun 30 2026.,static_crystal_polymer,,
5D1W,equibind,scored,0.42643,gnina v1.3.3 master:6fe1ce2   Built Jun 30 2026.,static_crystal_polymer,,
5D1W,diffdock,scored,0.6472,gnina v1.3.3 master:6fe1ce2   Built Jun 30 2026.,static_crystal_polymer,,
5DB2,equibind,scored,0.06332,gnina v1.3.3 master:6fe1ce2   Built Jun 30 2026.,static_crystal_polymer,,
5DB2,diffdock,scored,0.2868,gnina v1.3.3 master:6fe1ce2   Built Jun 30 2026.,static_crystal_polymer,,
5DB3,equibind,scored,0.22425,gnina v1.3.3 master:6fe1ce2   Built Jun 30 2026.,static_crystal_polymer,,
5DB3,diffdock,scored,0.33501,gnina v1.3.3 master:6fe1ce2   Built Jun 30 2026.,static_crystal_polymer,,
5DDA,equibind,scored,0.09366,gnina v1.3.3 master:6fe1ce2   Built Jun 30 2026.,static_crystal_polymer,,
5DDA,diffdock,scored,0.68868,gnina v1.3.3 master:6fe1ce2   Built Jun 30 2026.,static_crystal_polymer,,
5DDD,equibind,scored,0.04811,gnina v1.3.3 master:6fe1ce2   Built Jun 30 2026.,static_crystal_polymer,,
5DDD,diffdock,scored,0.56148,gnina v1.3.3 master:6fe1ce2   Built Jun 30 2026.,static_crystal_polymer,,
5DDC,equibind,scored,0.0317,gnina v1.3.3 master:6fe1ce2   Built Jun 30 2026.,static_crystal_polymer,,
5DDC,diffdock,scored,0.90159,gnina v1.3.3 master:6fe1ce2   Built Jun 30 2026.,static_crystal_polymer,,
5D7A,equibind,scored,2e-05,gnina v1.3.3 master:6fe1ce2   Built Jun 30 2026.,static_crystal_polymer,,
5D7A,diffdock,scored,0.90717,gnina v1.3.3 master:6fe1ce2   Built Jun 30 2026.,static_crystal_polymer,,
5DGJ,equibind,scored,0.01228,gnina v1.3.3 master:6fe1ce2   Built Jun 30 2026.,static_crystal_polymer,,
5DGJ,diffdock,scored,0.12076,gnina v1.3.3 master:6fe1ce2   Built Jun 30 2026.,static_crystal_polymer,,
5DFP,equibind,scored,0.54357,gnina v1.3.3 master:6fe1ce2   Built Jun 30 2026.,static_crystal_polymer,,
5DFP,diffdock,scored,0.71449,gnina v1.3.3 master:6fe1ce2   Built Jun 30 2026.,static_crystal_polymer,,
5DEX,equibind,scored,0.00506,gnina v1.3.3 master:6fe1ce2   Built Jun 30 2026.,static_crystal_polymer,,
5DEX,diffdock,scored,0.14257,gnina v1.3.3 master:6fe1ce2   Built Jun 30 2026.,static_crystal_polymer,,
5DDE,equibind,scored,0.34578,gnina v1.3.3 master:6fe1ce2   Built Jun 30 2026.,static_crystal_polymer,,
5DDE,diffdock,scored,0.68076,gnina v1.3.3 master:6fe1ce2   Built Jun 30 2026.,static_crystal_polymer,,
5DIT,equibind,scored,0.07328,gnina v1.3.3 master:6fe1ce2   Built Jun 30 2026.,static_crystal_polymer,,
5DIT,diffdock,scored,0.38513,gnina v1.3.3 master:6fe1ce2   Built Jun 30 2026.,static_crystal_polymer,,
5DGM,equibind,scored,0.20437,gnina v1.3.3 master:6fe1ce2   Built Jun 30 2026.,static_crystal_polymer,,
5DGM,diffdock,scored,0.48352,gnina v1.3.3 master:6fe1ce2   Built Jun 30 2026.,static_crystal_polymer,,
5DG6,equibind,scored,0.0,gnina v1.3.3 master:6fe1ce2   Built Jun 30 2026.,static_crystal_polymer,,
5DG6,diffdock,scored,0.16358,gnina v1.3.3 master:6fe1ce2   Built Jun 30 2026.,static_crystal_polymer,,
5DHJ,equibind,scored,0.19202,gnina v1.3.3 master:6fe1ce2   Built Jun 30 2026.,static_crystal_polymer,,
5DHJ,diffdock,scored,0.89338,gnina v1.3.3 master:6fe1ce2   Built Jun 30 2026.,static_crystal_polymer,,
5DIQ,equibind,scored,0.56944,gnina v1.3.3 master:6fe1ce2   Built Jun 30 2026.,static_crystal_polymer,,
5DIQ,diffdock,scored,0.77885,gnina v1.3.3 master:6fe1ce2   Built Jun 30 2026.,static_crystal_polymer,,
5DIV,equibind,scored,0.00435,gnina v1.3.3 master:6fe1ce2   Built Jun 30 2026.,static_crystal_polymer,,
5DIV,diffdock,scored,0.73197,gnina v1.3.3 master:6fe1ce2   Built Jun 30 2026.,static_crystal_polymer,,
5DH4,equibind,scored,0.00106,gnina v1.3.3 master:6fe1ce2   Built Jun 30 2026.,static_crystal_polymer,,
5DH4,diffdock,scored,0.93428,gnina v1.3.3 master:6fe1ce2   Built Jun 30 2026.,static_crystal_polymer,,
5DJV,equibind,scored,0.46295,gnina v1.3.3 master:6fe1ce2   Built Jun 30 2026.,static_crystal_polymer,,
5DJV,diffdock,scored,0.91747,gnina v1.3.3 master:6fe1ce2   Built Jun 30 2026.,static_crystal_polymer,,
5DJ5,equibind,scored,0.0011,gnina v1.3.3 master:6fe1ce2   Built Jun 30 2026.,static_crystal_polymer,,
5DJ5,diffdock,scored,0.40549,gnina v1.3.3 master:6fe1ce2   Built Jun 30 2026.,static_crystal_polymer,,
5DK4,equibind,scored,0.00049,gnina v1.3.3 master:6fe1ce2   Built Jun 30 2026.,static_crystal_polymer,,
5DK4,diffdock,scored,0.68332,gnina v1.3.3 master:6fe1ce2   Built Jun 30 2026.,static_crystal_polymer,,
5DHG,equibind,scored,2e-05,gnina v1.3.3 master:6fe1ce2   Built Jun 30 2026.,static_crystal_polymer,,
5DHG,diffdock,scored,0.76463,gnina v1.3.3 master:6fe1ce2   Built Jun 30 2026.,static_crystal_polymer,,
5DLS,equibind,scored,0.2403,gnina v1.3.3 master:6fe1ce2   Built Jun 30 2026.,static_crystal_polymer,,
5DLS,diffdock,scored,0.89156,gnina v1.3.3 master:6fe1ce2   Built Jun 30 2026.,static_crystal_polymer,,
5DLX,equibind,scored,0.02103,gnina v1.3.3 master:6fe1ce2   Built Jun 30 2026.,static_crystal_polymer,,
5DLX,diffdock,scored,0.38868,gnina v1.3.3 master:6fe1ce2   Built Jun 30 2026.,static_crystal_polymer,,
5DNU,equibind,scored,0.38557,gnina v1.3.3 master:6fe1ce2   Built Jun 30 2026.,static_crystal_polymer,,
5DNU,diffdock,scored,0.80413,gnina v1.3.3 master:6fe1ce2   Built Jun 30 2026.,static_crystal_polymer,,
5DP8,equibind,scored,0.00278,gnina v1.3.3 master:6fe1ce2   Built Jun 30 2026.,static_crystal_polymer,,
5DP8,diffdock,scored,0.73585,gnina v1.3.3 master:6fe1ce2   Built Jun 30 2026.,static_crystal_polymer,,
5DP7,equibind,scored,0.0012,gnina v1.3.3 master:6fe1ce2   Built Jun 30 2026.,static_crystal_polymer,,
5DP7,diffdock,scored,0.63612,gnina v1.3.3 master:6fe1ce2   Built Jun 30 2026.,static_crystal_polymer,,
5DPA,equibind,scored,0.02482,gnina v1.3.3 master:6fe1ce2   Built Jun 30 2026.,static_crystal_polymer,,
5DPA,diffdock,scored,0.32747,gnina v1.3.3 master:6fe1ce2   Built Jun 30 2026.,static_crystal_polymer,,
5DOH,equibind,scored,0.0,gnina v1.3.3 master:6fe1ce2   Built Jun 30 2026.,static_crystal_polymer,,
5DOH,diffdock,scored,0.20759,gnina v1.3.3 master:6fe1ce2   Built Jun 30 2026.,static_crystal_polymer,,
5DP4,equibind,scored,0.00153,gnina v1.3.3 master:6fe1ce2   Built Jun 30 2026.,static_crystal_polymer,,
5DP4,diffdock,scored,0.70806,gnina v1.3.3 master:6fe1ce2   Built Jun 30 2026.,static_crystal_polymer,,
5DPX,equibind,scored,0.00202,gnina v1.3.3 master:6fe1ce2   Built Jun 30 2026.,static_crystal_polymer,,
5DPX,diffdock,scored,0.92398,gnina v1.3.3 master:6fe1ce2   Built Jun 30 2026.,static_crystal_polymer,,
5DRQ,equibind,scored,0.17932,gnina v1.3.3 master:6fe1ce2   Built Jun 30 2026.,static_crystal_polymer,,
5DRQ,diffdock,scored,0.63739,gnina v1.3.3 master:6fe1ce2   Built Jun 30 2026.,static_crystal_polymer,,
5DP6,equibind,scored,0.04146,gnina v1.3.3 master:6fe1ce2   Built Jun 30 2026.,static_crystal_polymer,,
5DP6,diffdock,scored,0.20782,gnina v1.3.3 master:6fe1ce2   Built Jun 30 2026.,static_crystal_polymer,,
5DHQ,equibind,scored,8e-05,gnina v1.3.3 master:6fe1ce2   Built Jun 30 2026.,static_crystal_polymer,,
5DHQ,diffdock,scored,0.11019,gnina v1.3.3 master:6fe1ce2   Built Jun 30 2026.,static_crystal_polymer,,
5DRI,equibind,scored,0.74501,gnina v1.3.3 master:6fe1ce2   Built Jun 30 2026.,static_crystal_polymer,,
5DRI,diffdock,scored,0.84952,gnina v1.3.3 master:6fe1ce2   Built Jun 30 2026.,static_crystal_polymer,,
5DRC,equibind,scored,0.44351,gnina v1.3.3 master:6fe1ce2   Built Jun 30 2026.,static_crystal_polymer,,
5DRC,diffdock,scored,0.90477,gnina v1.3.3 master:6fe1ce2   Built Jun 30 2026.,static_crystal_polymer,,
5DRT,equibind,scored,1e-05,gnina v1.3.3 master:6fe1ce2   Built Jun 30 2026.,static_crystal_polymer,,
5DRT,diffdock,scored,0.79696,gnina v1.3.3 master:6fe1ce2   Built Jun 30 2026.,static_crystal_polymer,,
5DRY,equibind,scored,0.03848,gnina v1.3.3 master:6fe1ce2   Built Jun 30 2026.,static_crystal_polymer,,
5DRY,diffdock,scored,0.09845,gnina v1.3.3 master:6fe1ce2   Built Jun 30 2026.,static_crystal_polymer,,
5DLV,equibind,scored,0.00147,gnina v1.3.3 master:6fe1ce2   Built Jun 30 2026.,static_crystal_polymer,,
5DLV,diffdock,scored,0.70042,gnina v1.3.3 master:6fe1ce2   Built Jun 30 2026.,static_crystal_polymer,,
5DSX,equibind,scored,1e-05,gnina v1.3.3 master:6fe1ce2   Built Jun 30 2026.,static_crystal_polymer,,
5DSX,diffdock,scored,0.43728,gnina v1.3.3 master:6fe1ce2   Built Jun 30 2026.,static_crystal_polymer,,
5DTQ,equibind,scored,0.00102,gnina v1.3.3 master:6fe1ce2   Built Jun 30 2026.,static_crystal_polymer,,
5DTQ,diffdock,scored,0.61414,gnina v1.3.3 master:6fe1ce2   Built Jun 30 2026.,static_crystal_polymer,,
5DUS,equibind,scored,0.01458,gnina v1.3.3 master:6fe1ce2   Built Jun 30 2026.,static_crystal_polymer,,
5DUS,diffdock,scored,0.89949,gnina v1.3.3 master:6fe1ce2   Built Jun 30 2026.,static_crystal_polymer,,
5DX4,equibind,scored,0.30611,gnina v1.3.3 master:6fe1ce2   Built Jun 30 2026.,static_crystal_polymer,,
5DX4,diffdock,scored,0.94917,gnina v1.3.3 master:6fe1ce2   Built Jun 30 2026.,static_crystal_polymer,,
5DV2,equibind,scored,0.005,gnina v1.3.3 master:6fe1ce2   Built Jun 30 2026.,static_crystal_polymer,,
5DV2,diffdock,scored,0.33102,gnina v1.3.3 master:6fe1ce2   Built Jun 30 2026.,static_crystal_polymer,,
5DTR,equibind,scored,2e-05,gnina v1.3.3 master:6fe1ce2   Built Jun 30 2026.,static_crystal_polymer,,
5DTR,diffdock,scored,0.85248,gnina v1.3.3 master:6fe1ce2   Built Jun 30 2026.,static_crystal_polymer,,
5DQC,equibind,scored,0.0,gnina v1.3.3 master:6fe1ce2   Built Jun 30 2026.,static_crystal_polymer,,
5DQC,diffdock,scored,0.82245,gnina v1.3.3 master:6fe1ce2   Built Jun 30 2026.,static_crystal_polymer,,
5DV4,equibind,scored,0.0,gnina v1.3.3 master:6fe1ce2   Built Jun 30 2026.,static_crystal_polymer,,
5DV4,diffdock,scored,0.28455,gnina v1.3.3 master:6fe1ce2   Built Jun 30 2026.,static_crystal_polymer,,
5DYA,equibind,scored,0.21703,gnina v1.3.3 master:6fe1ce2   Built Jun 30 2026.,static_crystal_polymer,,
5DYA,diffdock,scored,0.73579,gnina v1.3.3 master:6fe1ce2   Built Jun 30 2026.,static_crystal_polymer,,
5DWR,equibind,scored,0.52881,gnina v1.3.3 master:6fe1ce2   Built Jun 30 2026.,static_crystal_polymer,,
5DWR,diffdock,scored,0.71553,gnina v1.3.3 master:6fe1ce2   Built Jun 30 2026.,static_crystal_polymer,,
5DY7,equibind,scored,0.14985,gnina v1.3.3 master:6fe1ce2   Built Jun 30 2026.,static_crystal_polymer,,
5DY7,diffdock,scored,0.75753,gnina v1.3.3 master:6fe1ce2   Built Jun 30 2026.,static_crystal_polymer,,
5DTJ,equibind,scored,0.00116,gnina v1.3.3 master:6fe1ce2   Built Jun 30 2026.,static_crystal_polymer,,
5DTJ,diffdock,scored,0.62475,gnina v1.3.3 master:6fe1ce2   Built Jun 30 2026.,static_crystal_polymer,,
5E0G,equibind,scored,0.15104,gnina v1.3.3 master:6fe1ce2   Built Jun 30 2026.,static_crystal_polymer,,
5E0G,diffdock,scored,0.53529,gnina v1.3.3 master:6fe1ce2   Built Jun 30 2026.,static_crystal_polymer,,
5DW1,equibind,scored,0.00344,gnina v1.3.3 master:6fe1ce2   Built Jun 30 2026.,static_crystal_polymer,,
5DW1,diffdock,scored,0.63062,gnina v1.3.3 master:6fe1ce2   Built Jun 30 2026.,static_crystal_polymer,,
5DTS,equibind,scored,0.61741,gnina v1.3.3 master:6fe1ce2   Built Jun 30 2026.,static_crystal_polymer,,
5DTS,diffdock,scored,0.72639,gnina v1.3.3 master:6fe1ce2   Built Jun 30 2026.,static_crystal_polymer,,
5E0A,equibind,scored,0.00121,gnina v1.3.3 master:6fe1ce2   Built Jun 30 2026.,static_crystal_polymer,,
5E0A,diffdock,scored,0.26406,gnina v1.3.3 master:6fe1ce2   Built Jun 30 2026.,static_crystal_polymer,,
5E0H,equibind,scored,0.00017,gnina v1.3.3 master:6fe1ce2   Built Jun 30 2026.,static_crystal_polymer,,
5E0H,diffdock,scored,0.49666,gnina v1.3.3 master:6fe1ce2   Built Jun 30 2026.,static_crystal_polymer,,
5E0J,equibind,scored,3e-05,gnina v1.3.3 master:6fe1ce2   Built Jun 30 2026.,static_crystal_polymer,,
5E0J,diffdock,scored,0.07413,gnina v1.3.3 master:6fe1ce2   Built Jun 30 2026.,static_crystal_polymer,,
5E13,equibind,scored,0.00198,gnina v1.3.3 master:6fe1ce2   Built Jun 30 2026.,static_crystal_polymer,,
5E13,diffdock,scored,0.13256,gnina v1.3.3 master:6fe1ce2   Built Jun 30 2026.,static_crystal_polymer,,
5DYO,equibind,scored,0.49569,gnina v1.3.3 master:6fe1ce2   Built Jun 30 2026.,static_crystal_polymer,,
5DYO,diffdock,scored,0.40289,gnina v1.3.3 master:6fe1ce2   Built Jun 30 2026.,static_crystal_polymer,,
5E1S,equibind,scored,0.19696,gnina v1.3.3 master:6fe1ce2   Built Jun 30 2026.,static_crystal_polymer,,
5E1S,diffdock,scored,0.7038,gnina v1.3.3 master:6fe1ce2   Built Jun 30 2026.,static_crystal_polymer,,
5DYY,equibind,scored,0.00139,gnina v1.3.3 master:6fe1ce2   Built Jun 30 2026.,static_crystal_polymer,,
5DYY,diffdock,scored,0.68202,gnina v1.3.3 master:6fe1ce2   Built Jun 30 2026.,static_crystal_polymer,,
5E2O,equibind,scored,0.00242,gnina v1.3.3 master:6fe1ce2   Built Jun 30 2026.,static_crystal_polymer,,
5E2O,diffdock,scored,0.45801,gnina v1.3.3 master:6fe1ce2   Built Jun 30 2026.,static_crystal_polymer,,
5E3G,equibind,scored,0.04059,gnina v1.3.3 master:6fe1ce2   Built Jun 30 2026.,static_crystal_polymer,,
5E3G,diffdock,scored,0.56262,gnina v1.3.3 master:6fe1ce2   Built Jun 30 2026.,static_crystal_polymer,,
5E73,equibind,scored,0.10972,gnina v1.3.3 master:6fe1ce2   Built Jun 30 2026.,static_crystal_polymer,,
5E73,diffdock,scored,0.95714,gnina v1.3.3 master:6fe1ce2   Built Jun 30 2026.,static_crystal_polymer,,
5E2M,equibind,scored,0.0,gnina v1.3.3 master:6fe1ce2   Built Jun 30 2026.,static_crystal_polymer,,
5E2M,diffdock,scored,0.32411,gnina v1.3.3 master:6fe1ce2   Built Jun 30 2026.,static_crystal_polymer,,
5DYW,equibind,scored,0.00015,gnina v1.3.3 master:6fe1ce2   Built Jun 30 2026.,static_crystal_polymer,,
5DYW,diffdock,scored,0.69304,gnina v1.3.3 master:6fe1ce2   Built Jun 30 2026.,static_crystal_polymer,,
5E2P,equibind,scored,0.10183,gnina v1.3.3 master:6fe1ce2   Built Jun 30 2026.,static_crystal_polymer,,
5E2P,diffdock,scored,0.70238,gnina v1.3.3 master:6fe1ce2   Built Jun 30 2026.,static_crystal_polymer,,
5E74,equibind,scored,0.09196,gnina v1.3.3 master:6fe1ce2   Built Jun 30 2026.,static_crystal_polymer,,
5E74,diffdock,scored,0.69822,gnina v1.3.3 master:6fe1ce2   Built Jun 30 2026.,static_crystal_polymer,,
5E7N,equibind,scored,0.00077,gnina v1.3.3 master:6fe1ce2   Built Jun 30 2026.,static_crystal_polymer,,
5E7N,diffdock,scored,0.48146,gnina v1.3.3 master:6fe1ce2   Built Jun 30 2026.,static_crystal_polymer,,
5E8A,equibind,scored,0.01796,gnina v1.3.3 master:6fe1ce2   Built Jun 30 2026.,static_crystal_polymer,,
5E8A,diffdock,scored,0.8739,gnina v1.3.3 master:6fe1ce2   Built Jun 30 2026.,static_crystal_polymer,,
5E2N,equibind,scored,0.00052,gnina v1.3.3 master:6fe1ce2   Built Jun 30 2026.,static_crystal_polymer,,
5E2N,diffdock,scored,0.13017,gnina v1.3.3 master:6fe1ce2   Built Jun 30 2026.,static_crystal_polymer,,
5EB2,equibind,scored,0.05625,gnina v1.3.3 master:6fe1ce2   Built Jun 30 2026.,static_crystal_polymer,,
5EB2,diffdock,scored,0.51225,gnina v1.3.3 master:6fe1ce2   Built Jun 30 2026.,static_crystal_polymer,,
5E88,equibind,scored,0.00065,gnina v1.3.3 master:6fe1ce2   Built Jun 30 2026.,static_crystal_polymer,,
5E88,diffdock,scored,0.13127,gnina v1.3.3 master:6fe1ce2   Built Jun 30 2026.,static_crystal_polymer,,
5EB3,equibind,scored,0.00996,gnina v1.3.3 master:6fe1ce2   Built Jun 30 2026.,static_crystal_polymer,,
5EB3,diffdock,scored,0.47536,gnina v1.3.3 master:6fe1ce2   Built Jun 30 2026.,static_crystal_polymer,,
5EA4,equibind,scored,0.00618,gnina v1.3.3 master:6fe1ce2   Built Jun 30 2026.,static_crystal_polymer,,
5EA4,diffdock,scored,0.29715,gnina v1.3.3 master:6fe1ce2   Built Jun 30 2026.,static_crystal_polymer,,
5EA5,equibind,scored,0.00056,gnina v1.3.3 master:6fe1ce2   Built Jun 30 2026.,static_crystal_polymer,,
5EA5,diffdock,scored,0.15554,gnina v1.3.3 master:6fe1ce2   Built Jun 30 2026.,static_crystal_polymer,,
5EA7,equibind,scored,0.22255,gnina v1.3.3 master:6fe1ce2   Built Jun 30 2026.,static_crystal_polymer,,
5EA7,diffdock,scored,0.88356,gnina v1.3.3 master:6fe1ce2   Built Jun 30 2026.,static_crystal_polymer,,
5EDB,equibind,scored,0.20203,gnina v1.3.3 master:6fe1ce2   Built Jun 30 2026.,static_crystal_polymer,,
5EDB,diffdock,scored,0.9728,gnina v1.3.3 master:6fe1ce2   Built Jun 30 2026.,static_crystal_polymer,,
5E8R,equibind,scored,0.00061,gnina v1.3.3 master:6fe1ce2   Built Jun 30 2026.,static_crystal_polymer,,
5E8R,diffdock,scored,0.55306,gnina v1.3.3 master:6fe1ce2   Built Jun 30 2026.,static_crystal_polymer,,
5EDD,equibind,scored,3e-05,gnina v1.3.3 master:6fe1ce2   Built Jun 30 2026.,static_crystal_polymer,,
5EDD,diffdock,scored,0.03159,gnina v1.3.3 master:6fe1ce2   Built Jun 30 2026.,static_crystal_polymer,,
5ECT,equibind,scored,0.0002,gnina v1.3.3 master:6fe1ce2   Built Jun 30 2026.,static_crystal_polymer,,
5ECT,diffdock,scored,0.0655,gnina v1.3.3 master:6fe1ce2   Built Jun 30 2026.,static_crystal_polymer,,
5EE8,equibind,scored,0.6339,gnina v1.3.3 master:6fe1ce2   Built Jun 30 2026.,static_crystal_polymer,,
5EE8,diffdock,scored,0.42128,gnina v1.3.3 master:6fe1ce2   Built Jun 30 2026.,static_crystal_polymer,,
5EDL,equibind,scored,0.62025,gnina v1.3.3 master:6fe1ce2   Built Jun 30 2026.,static_crystal_polymer,,
5EDL,diffdock,scored,0.92201,gnina v1.3.3 master:6fe1ce2   Built Jun 30 2026.,static_crystal_polymer,,
5EE7,equibind,scored,0.00019,gnina v1.3.3 master:6fe1ce2   Built Jun 30 2026.,static_crystal_polymer,,
5EE7,diffdock,scored,0.35042,gnina v1.3.3 master:6fe1ce2   Built Jun 30 2026.,static_crystal_polymer,,
5ECV,equibind,scored,0.24756,gnina v1.3.3 master:6fe1ce2   Built Jun 30 2026.,static_crystal_polymer,,
5ECV,diffdock,scored,0.69842,gnina v1.3.3 master:6fe1ce2   Built Jun 30 2026.,static_crystal_polymer,,
5EFB,equibind,scored,0.20933,gnina v1.3.3 master:6fe1ce2   Built Jun 30 2026.,static_crystal_polymer,,
5EFB,diffdock,scored,0.39353,gnina v1.3.3 master:6fe1ce2   Built Jun 30 2026.,static_crystal_polymer,,
5EEC,equibind,scored,8e-05,gnina v1.3.3 master:6fe1ce2   Built Jun 30 2026.,static_crystal_polymer,,
5EEC,diffdock,scored,0.66251,gnina v1.3.3 master:6fe1ce2   Built Jun 30 2026.,static_crystal_polymer,,
5EDS,equibind,scored,0.47467,gnina v1.3.3 master:6fe1ce2   Built Jun 30 2026.,static_crystal_polymer,,
5EDS,diffdock,scored,0.81588,gnina v1.3.3 master:6fe1ce2   Built Jun 30 2026.,static_crystal_polymer,,
5DXH,equibind,scored,0.60455,gnina v1.3.3 master:6fe1ce2   Built Jun 30 2026.,static_crystal_polymer,,
5DXH,diffdock,scored,0.96299,gnina v1.3.3 master:6fe1ce2   Built Jun 30 2026.,static_crystal_polymer,,
5EFC,equibind,scored,0.00019,gnina v1.3.3 master:6fe1ce2   Built Jun 30 2026.,static_crystal_polymer,,
5EFC,diffdock,scored,0.06245,gnina v1.3.3 master:6fe1ce2   Built Jun 30 2026.,static_crystal_polymer,,
5EH7,equibind,scored,0.29116,gnina v1.3.3 master:6fe1ce2   Built Jun 30 2026.,static_crystal_polymer,,
5EH7,diffdock,scored,0.50373,gnina v1.3.3 master:6fe1ce2   Built Jun 30 2026.,static_crystal_polymer,,
5EH5,equibind,scored,0.1457,gnina v1.3.3 master:6fe1ce2   Built Jun 30 2026.,static_crystal_polymer,,
5EH5,diffdock,scored,0.89535,gnina v1.3.3 master:6fe1ce2   Built Jun 30 2026.,static_crystal_polymer,,
5ECE,equibind,scored,0.26905,gnina v1.3.3 master:6fe1ce2   Built Jun 30 2026.,static_crystal_polymer,,
5ECE,diffdock,scored,0.85776,gnina v1.3.3 master:6fe1ce2   Built Jun 30 2026.,static_crystal_polymer,,
5EH8,equibind,scored,0.25445,gnina v1.3.3 master:6fe1ce2   Built Jun 30 2026.,static_crystal_polymer,,
5EH8,diffdock,scored,0.58486,gnina v1.3.3 master:6fe1ce2   Built Jun 30 2026.,static_crystal_polymer,,
5EEI,equibind,scored,0.00047,gnina v1.3.3 master:6fe1ce2   Built Jun 30 2026.,static_crystal_polymer,,
5EEI,diffdock,scored,0.48101,gnina v1.3.3 master:6fe1ce2   Built Jun 30 2026.,static_crystal_polymer,,
5EHV,equibind,scored,0.1543,gnina v1.3.3 master:6fe1ce2   Built Jun 30 2026.,static_crystal_polymer,,
5EHV,diffdock,scored,0.08074,gnina v1.3.3 master:6fe1ce2   Built Jun 30 2026.,static_crystal_polymer,,
5EHW,equibind,scored,0.19535,gnina v1.3.3 master:6fe1ce2   Built Jun 30 2026.,static_crystal_polymer,,
5EHW,diffdock,scored,0.72388,gnina v1.3.3 master:6fe1ce2   Built Jun 30 2026.,static_crystal_polymer,,
5EI2,equibind,scored,0.25144,gnina v1.3.3 master:6fe1ce2   Built Jun 30 2026.,static_crystal_polymer,,
5EI2,diffdock,scored,0.9382,gnina v1.3.3 master:6fe1ce2   Built Jun 30 2026.,static_crystal_polymer,,
5EFH,equibind,scored,0.02768,gnina v1.3.3 master:6fe1ce2   Built Jun 30 2026.,static_crystal_polymer,,
5EFH,diffdock,scored,0.85008,gnina v1.3.3 master:6fe1ce2   Built Jun 30 2026.,static_crystal_polymer,,
5EI6,equibind,scored,0.57767,gnina v1.3.3 master:6fe1ce2   Built Jun 30 2026.,static_crystal_polymer,,
5EI6,diffdock,scored,0.97801,gnina v1.3.3 master:6fe1ce2   Built Jun 30 2026.,static_crystal_polymer,,
5EKH,equibind,scored,0.28351,gnina v1.3.3 master:6fe1ce2   Built Jun 30 2026.,static_crystal_polymer,,
5EKH,diffdock,scored,0.95625,gnina v1.3.3 master:6fe1ce2   Built Jun 30 2026.,static_crystal_polymer,,
5EI8,equibind,scored,0.00474,gnina v1.3.3 master:6fe1ce2   Built Jun 30 2026.,static_crystal_polymer,,
5EI8,diffdock,scored,0.6304,gnina v1.3.3 master:6fe1ce2   Built Jun 30 2026.,static_crystal_polymer,,
5EIF,equibind,scored,0.00201,gnina v1.3.3 master:6fe1ce2   Built Jun 30 2026.,static_crystal_polymer,,
5EIF,diffdock,scored,0.75685,gnina v1.3.3 master:6fe1ce2   Built Jun 30 2026.,static_crystal_polymer,,
5EDI,equibind,scored,0.0,gnina v1.3.3 master:6fe1ce2   Built Jun 30 2026.,static_crystal_polymer,,
5EDI,diffdock,scored,0.93845,gnina v1.3.3 master:6fe1ce2   Built Jun 30 2026.,static_crystal_polymer,,
5EIW,equibind,scored,0.04637,gnina v1.3.3 master:6fe1ce2   Built Jun 30 2026.,static_crystal_polymer,,
5EIW,diffdock,scored,0.86894,gnina v1.3.3 master:6fe1ce2   Built Jun 30 2026.,static_crystal_polymer,,
5EJL,equibind,scored,0.03102,gnina v1.3.3 master:6fe1ce2   Built Jun 30 2026.,static_crystal_polymer,,
5EJL,diffdock,scored,0.00397,gnina v1.3.3 master:6fe1ce2   Built Jun 30 2026.,static_crystal_polymer,,
5EHP,equibind,scored,0.0,gnina v1.3.3 master:6fe1ce2   Built Jun 30 2026.,static_crystal_polymer,,
5EHP,diffdock,scored,0.5344,gnina v1.3.3 master:6fe1ce2   Built Jun 30 2026.,static_crystal_polymer,,
5EKJ,equibind,scored,0.51175,gnina v1.3.3 master:6fe1ce2   Built Jun 30 2026.,static_crystal_polymer,,
5EKJ,diffdock,scored,0.86538,gnina v1.3.3 master:6fe1ce2   Built Jun 30 2026.,static_crystal_polymer,,
5EKM,equibind,scored,0.14955,gnina v1.3.3 master:6fe1ce2   Built Jun 30 2026.,static_crystal_polymer,,
5EKM,diffdock,scored,0.75383,gnina v1.3.3 master:6fe1ce2   Built Jun 30 2026.,static_crystal_polymer,,
5EL9,equibind,scored,9e-05,gnina v1.3.3 master:6fe1ce2   Built Jun 30 2026.,static_crystal_polymer,,
5EL9,diffdock,scored,0.44797,gnina v1.3.3 master:6fe1ce2   Built Jun 30 2026.,static_crystal_polymer,,
5ELW,equibind,scored,0.00016,gnina v1.3.3 master:6fe1ce2   Built Jun 30 2026.,static_crystal_polymer,,
5ELW,diffdock,scored,0.20754,gnina v1.3.3 master:6fe1ce2   Built Jun 30 2026.,static_crystal_polymer,,
5EKN,equibind,scored,0.03857,gnina v1.3.3 master:6fe1ce2   Built Jun 30 2026.,static_crystal_polymer,,
5EKN,diffdock,scored,0.50191,gnina v1.3.3 master:6fe1ce2   Built Jun 30 2026.,static_crystal_polymer,,
5EKX,equibind,scored,0.00012,gnina v1.3.3 master:6fe1ce2   Built Jun 30 2026.,static_crystal_polymer,,
5EKX,diffdock,scored,0.77811,gnina v1.3.3 master:6fe1ce2   Built Jun 30 2026.,static_crystal_polymer,,
5EL2,equibind,scored,0.03085,gnina v1.3.3 master:6fe1ce2   Built Jun 30 2026.,static_crystal_polymer,,
5EL2,diffdock,scored,0.67603,gnina v1.3.3 master:6fe1ce2   Built Jun 30 2026.,static_crystal_polymer,,
5ELV,equibind,scored,0.00624,gnina v1.3.3 master:6fe1ce2   Built Jun 30 2026.,static_crystal_polymer,,
5ELV,diffdock,scored,0.67686,gnina v1.3.3 master:6fe1ce2   Built Jun 30 2026.,static_crystal_polymer,,
5ELZ,equibind,scored,0.00032,gnina v1.3.3 master:6fe1ce2   Built Jun 30 2026.,static_crystal_polymer,,
5ELZ,diffdock,scored,0.25494,gnina v1.3.3 master:6fe1ce2   Built Jun 30 2026.,static_crystal_polymer,,
5ENB,equibind,scored,0.04616,gnina v1.3.3 master:6fe1ce2   Built Jun 30 2026.,static_crystal_polymer,,
5ENB,diffdock,scored,0.62399,gnina v1.3.3 master:6fe1ce2   Built Jun 30 2026.,static_crystal_polymer,,
5EGS,equibind,scored,9e-05,gnina v1.3.3 master:6fe1ce2   Built Jun 30 2026.,static_crystal_polymer,,
5EGS,diffdock,scored,0.52098,gnina v1.3.3 master:6fe1ce2   Built Jun 30 2026.,static_crystal_polymer,,
5ENC,equibind,scored,0.63961,gnina v1.3.3 master:6fe1ce2   Built Jun 30 2026.,static_crystal_polymer,,
5ENC,diffdock,scored,0.72876,gnina v1.3.3 master:6fe1ce2   Built Jun 30 2026.,static_crystal_polymer,,
5ENE,equibind,scored,0.08584,gnina v1.3.3 master:6fe1ce2   Built Jun 30 2026.,static_crystal_polymer,,
5ENE,diffdock,scored,0.29334,gnina v1.3.3 master:6fe1ce2   Built Jun 30 2026.,static_crystal_polymer,,
5ENH,equibind,scored,0.46454,gnina v1.3.3 master:6fe1ce2   Built Jun 30 2026.,static_crystal_polymer,,
5ENH,diffdock,scored,0.81253,gnina v1.3.3 master:6fe1ce2   Built Jun 30 2026.,static_crystal_polymer,,
5ENF,equibind,scored,0.03465,gnina v1.3.3 master:6fe1ce2   Built Jun 30 2026.,static_crystal_polymer,,
5ENF,diffdock,scored,0.44628,gnina v1.3.3 master:6fe1ce2   Built Jun 30 2026.,static_crystal_polymer,,
5ENI,equibind,scored,0.71516,gnina v1.3.3 master:6fe1ce2   Built Jun 30 2026.,static_crystal_polymer,,
5ENI,diffdock,scored,0.72804,gnina v1.3.3 master:6fe1ce2   Built Jun 30 2026.,static_crystal_polymer,,
5ENJ,equibind,scored,0.53878,gnina v1.3.3 master:6fe1ce2   Built Jun 30 2026.,static_crystal_polymer,,
5ENJ,diffdock,scored,0.70715,gnina v1.3.3 master:6fe1ce2   Built Jun 30 2026.,static_crystal_polymer,,
5EN3,equibind,scored,0.0,gnina v1.3.3 master:6fe1ce2   Built Jun 30 2026.,static_crystal_polymer,,
5EN3,diffdock,scored,0.09386,gnina v1.3.3 master:6fe1ce2   Built Jun 30 2026.,static_crystal_polymer,,
5EP7,equibind,scored,0.92897,gnina v1.3.3 master:6fe1ce2   Built Jun 30 2026.,static_crystal_polymer,,
5EP7,diffdock,scored,0.82958,gnina v1.3.3 master:6fe1ce2   Built Jun 30 2026.,static_crystal_polymer,,
5ELY,equibind,scored,0.00204,gnina v1.3.3 master:6fe1ce2   Built Jun 30 2026.,static_crystal_polymer,,
5ELY,diffdock,scored,0.63767,gnina v1.3.3 master:6fe1ce2   Built Jun 30 2026.,static_crystal_polymer,,
5ENK,equibind,scored,0.15098,gnina v1.3.3 master:6fe1ce2   Built Jun 30 2026.,static_crystal_polymer,,
5ENK,diffdock,scored,0.1261,gnina v1.3.3 master:6fe1ce2   Built Jun 30 2026.,static_crystal_polymer,,
5EST,diffdock,scored,0.60443,gnina v1.3.3 master:6fe1ce2   Built Jun 30 2026.,static_crystal_polymer,,
5EMJ,equibind,scored,5e-05,gnina v1.3.3 master:6fe1ce2   Built Jun 30 2026.,static_crystal_polymer,,
5EMJ,diffdock,scored,0.34487,gnina v1.3.3 master:6fe1ce2   Built Jun 30 2026.,static_crystal_polymer,,
5ENM,equibind,scored,0.00283,gnina v1.3.3 master:6fe1ce2   Built Jun 30 2026.,static_crystal_polymer,,
5ENM,diffdock,scored,0.15429,gnina v1.3.3 master:6fe1ce2   Built Jun 30 2026.,static_crystal_polymer,,
5EPR,equibind,scored,0.7112,gnina v1.3.3 master:6fe1ce2   Built Jun 30 2026.,static_crystal_polymer,,
5EPR,diffdock,scored,0.89622,gnina v1.3.3 master:6fe1ce2   Built Jun 30 2026.,static_crystal_polymer,,
5EPS,equibind,scored,0.639,gnina v1.3.3 master:6fe1ce2   Built Jun 30 2026.,static_crystal_polymer,,
5EPS,diffdock,scored,0.77737,gnina v1.3.3 master:6fe1ce2   Built Jun 30 2026.,static_crystal_polymer,,
5EPN,equibind,scored,0.05126,gnina v1.3.3 master:6fe1ce2   Built Jun 30 2026.,static_crystal_polymer,,
5EPN,diffdock,scored,0.20292,gnina v1.3.3 master:6fe1ce2   Built Jun 30 2026.,static_crystal_polymer,,
5EJE,equibind,scored,0.0,gnina v1.3.3 master:6fe1ce2   Built Jun 30 2026.,static_crystal_polymer,,
5EJE,diffdock,scored,0.66665,gnina v1.3.3 master:6fe1ce2   Built Jun 30 2026.,static_crystal_polymer,,
5EOU,equibind,scored,3e-05,gnina v1.3.3 master:6fe1ce2   Built Jun 30 2026.,static_crystal_polymer,,
5EOU,diffdock,scored,0.16757,gnina v1.3.3 master:6fe1ce2   Built Jun 30 2026.,static_crystal_polymer,,
5ER1,equibind,scored,0.00082,gnina v1.3.3 master:6fe1ce2   Built Jun 30 2026.,static_crystal_polymer,,
5ER1,diffdock,scored,0.72257,gnina v1.3.3 master:6fe1ce2   Built Jun 30 2026.,static_crystal_polymer,,
5ETB,equibind,scored,0.2562,gnina v1.3.3 master:6fe1ce2   Built Jun 30 2026.,static_crystal_polymer,,
5ETB,diffdock,scored,0.87254,gnina v1.3.3 master:6fe1ce2   Built Jun 30 2026.,static_crystal_polymer,,
5ES1,equibind,scored,0.25019,gnina v1.3.3 master:6fe1ce2   Built Jun 30 2026.,static_crystal_polymer,,
5ES1,diffdock,scored,0.97017,gnina v1.3.3 master:6fe1ce2   Built Jun 30 2026.,static_crystal_polymer,,
5EU1,equibind,scored,0.01076,gnina v1.3.3 master:6fe1ce2   Built Jun 30 2026.,static_crystal_polymer,,
5EU1,diffdock,scored,0.67161,gnina v1.3.3 master:6fe1ce2   Built Jun 30 2026.,static_crystal_polymer,,
5EQP,equibind,scored,0.00013,gnina v1.3.3 master:6fe1ce2   Built Jun 30 2026.,static_crystal_polymer,,
5EQP,diffdock,scored,0.59585,gnina v1.3.3 master:6fe1ce2   Built Jun 30 2026.,static_crystal_polymer,,
5ETH,equibind,scored,0.00042,gnina v1.3.3 master:6fe1ce2   Built Jun 30 2026.,static_crystal_polymer,,
5ETH,diffdock,scored,0.22388,gnina v1.3.3 master:6fe1ce2   Built Jun 30 2026.,static_crystal_polymer,,
5ETL,equibind,scored,0.00066,gnina v1.3.3 master:6fe1ce2   Built Jun 30 2026.,static_crystal_polymer,,
5ETL,diffdock,scored,0.62436,gnina v1.3.3 master:6fe1ce2   Built Jun 30 2026.,static_crystal_polymer,,
5EVB,equibind,scored,0.76811,gnina v1.3.3 master:6fe1ce2   Built Jun 30 2026.,static_crystal_polymer,,
5EVB,diffdock,scored,0.94995,gnina v1.3.3 master:6fe1ce2   Built Jun 30 2026.,static_crystal_polymer,,
5EUD,equibind,scored,0.00147,gnina v1.3.3 master:6fe1ce2   Built Jun 30 2026.,static_crystal_polymer,,
5EUD,diffdock,scored,0.50656,gnina v1.3.3 master:6fe1ce2   Built Jun 30 2026.,static_crystal_polymer,,
5EUE,equibind,scored,0.01557,gnina v1.3.3 master:6fe1ce2   Built Jun 30 2026.,static_crystal_polymer,,
5EUE,diffdock,scored,0.61979,gnina v1.3.3 master:6fe1ce2   Built Jun 30 2026.,static_crystal_polymer,,
5ER2,equibind,scored,1e-05,gnina v1.3.3 master:6fe1ce2   Built Jun 30 2026.,static_crystal_polymer,,
5ER2,diffdock,scored,0.58924,gnina v1.3.3 master:6fe1ce2   Built Jun 30 2026.,static_crystal_polymer,,
5EWD,equibind,scored,0.25409,gnina v1.3.3 master:6fe1ce2   Built Jun 30 2026.,static_crystal_polymer,,
5EWD,diffdock,scored,0.22061,gnina v1.3.3 master:6fe1ce2   Built Jun 30 2026.,static_crystal_polymer,,
5EWH,equibind,scored,0.65649,gnina v1.3.3 master:6fe1ce2   Built Jun 30 2026.,static_crystal_polymer,,
5EWH,diffdock,scored,0.80806,gnina v1.3.3 master:6fe1ce2   Built Jun 30 2026.,static_crystal_polymer,,
5D3X,equibind,scored,0.01201,gnina v1.3.3 master:6fe1ce2   Built Jun 30 2026.,static_crystal_polymer,,
5D3X,diffdock,scored,0.50254,gnina v1.3.3 master:6fe1ce2   Built Jun 30 2026.,static_crystal_polymer,,
5EWY,equibind,scored,0.0039,gnina v1.3.3 master:6fe1ce2   Built Jun 30 2026.,static_crystal_polymer,,
5EWY,diffdock,scored,0.96047,gnina v1.3.3 master:6fe1ce2   Built Jun 30 2026.,static_crystal_polymer,,
5EV8,equibind,scored,2e-05,gnina v1.3.3 master:6fe1ce2   Built Jun 30 2026.,static_crystal_polymer,,
5EV8,diffdock,scored,0.75642,gnina v1.3.3 master:6fe1ce2   Built Jun 30 2026.,static_crystal_polymer,,
5EXL,equibind,scored,0.07395,gnina v1.3.3 master:6fe1ce2   Built Jun 30 2026.,static_crystal_polymer,,
5EXL,diffdock,scored,0.2667,gnina v1.3.3 master:6fe1ce2   Built Jun 30 2026.,static_crystal_polymer,,
5EVZ,equibind,scored,0.01084,gnina v1.3.3 master:6fe1ce2   Built Jun 30 2026.,static_crystal_polymer,,
5EVZ,diffdock,scored,0.81261,gnina v1.3.3 master:6fe1ce2   Built Jun 30 2026.,static_crystal_polymer,,
5EY0,equibind,scored,0.00054,gnina v1.3.3 master:6fe1ce2   Built Jun 30 2026.,static_crystal_polymer,,
5EY0,diffdock,scored,0.38326,gnina v1.3.3 master:6fe1ce2   Built Jun 30 2026.,static_crystal_polymer,,
5EXW,equibind,scored,0.10513,gnina v1.3.3 master:6fe1ce2   Built Jun 30 2026.,static_crystal_polymer,,
5EXW,diffdock,scored,0.60938,gnina v1.3.3 master:6fe1ce2   Built Jun 30 2026.,static_crystal_polymer,,
5EWA,equibind,scored,0.00016,gnina v1.3.3 master:6fe1ce2   Built Jun 30 2026.,static_crystal_polymer,,
5EWA,diffdock,scored,0.31354,gnina v1.3.3 master:6fe1ce2   Built Jun 30 2026.,static_crystal_polymer,,
5EYR,equibind,scored,0.02601,gnina v1.3.3 master:6fe1ce2   Built Jun 30 2026.,static_crystal_polymer,,
5EYR,diffdock,scored,0.54183,gnina v1.3.3 master:6fe1ce2   Built Jun 30 2026.,static_crystal_polymer,,
5EY4,equibind,scored,0.0003,gnina v1.3.3 master:6fe1ce2   Built Jun 30 2026.,static_crystal_polymer,,
5EY4,diffdock,scored,0.57595,gnina v1.3.3 master:6fe1ce2   Built Jun 30 2026.,static_crystal_polymer,,
5EZZ,equibind,scored,0.35122,gnina v1.3.3 master:6fe1ce2   Built Jun 30 2026.,static_crystal_polymer,,
5EZZ,diffdock,scored,0.47579,gnina v1.3.3 master:6fe1ce2   Built Jun 30 2026.,static_crystal_polymer,,
5EZX,equibind,scored,0.21199,gnina v1.3.3 master:6fe1ce2   Built Jun 30 2026.,static_crystal_polymer,,
5EZX,diffdock,scored,0.68213,gnina v1.3.3 master:6fe1ce2   Built Jun 30 2026.,static_crystal_polymer,,
5EWM,equibind,scored,0.01201,gnina v1.3.3 master:6fe1ce2   Built Jun 30 2026.,static_crystal_polymer,,
5EWM,diffdock,scored,0.8988,gnina v1.3.3 master:6fe1ce2   Built Jun 30 2026.,static_crystal_polymer,,
5F00,equibind,scored,0.62641,gnina v1.3.3 master:6fe1ce2   Built Jun 30 2026.,static_crystal_polymer,,
5F00,diffdock,scored,0.79415,gnina v1.3.3 master:6fe1ce2   Built Jun 30 2026.,static_crystal_polymer,,
5F01,equibind,scored,0.24638,gnina v1.3.3 master:6fe1ce2   Built Jun 30 2026.,static_crystal_polymer,,
5F01,diffdock,scored,0.88753,gnina v1.3.3 master:6fe1ce2   Built Jun 30 2026.,static_crystal_polymer,,
5F1J,equibind,scored,0.06811,gnina v1.3.3 master:6fe1ce2   Built Jun 30 2026.,static_crystal_polymer,,
5F1J,diffdock,scored,0.91071,gnina v1.3.3 master:6fe1ce2   Built Jun 30 2026.,static_crystal_polymer,,
5F08,equibind,scored,0.18057,gnina v1.3.3 master:6fe1ce2   Built Jun 30 2026.,static_crystal_polymer,,
5F08,diffdock,scored,0.84427,gnina v1.3.3 master:6fe1ce2   Built Jun 30 2026.,static_crystal_polymer,,
5F1H,equibind,scored,0.0085,gnina v1.3.3 master:6fe1ce2   Built Jun 30 2026.,static_crystal_polymer,,
5F1H,diffdock,scored,0.98225,gnina v1.3.3 master:6fe1ce2   Built Jun 30 2026.,static_crystal_polymer,,
5F2F,equibind,scored,0.00457,gnina v1.3.3 master:6fe1ce2   Built Jun 30 2026.,static_crystal_polymer,,
5F2F,diffdock,scored,0.58207,gnina v1.3.3 master:6fe1ce2   Built Jun 30 2026.,static_crystal_polymer,,
5F25,equibind,scored,0.03946,gnina v1.3.3 master:6fe1ce2   Built Jun 30 2026.,static_crystal_polymer,,
5F25,diffdock,scored,0.93779,gnina v1.3.3 master:6fe1ce2   Built Jun 30 2026.,static_crystal_polymer,,
5F2K,equibind,scored,4e-05,gnina v1.3.3 master:6fe1ce2   Built Jun 30 2026.,static_crystal_polymer,,
5F2K,diffdock,scored,0.85275,gnina v1.3.3 master:6fe1ce2   Built Jun 30 2026.,static_crystal_polymer,,
5EY9,equibind,scored,0.32393,gnina v1.3.3 master:6fe1ce2   Built Jun 30 2026.,static_crystal_polymer,,
5EY9,diffdock,scored,0.79615,gnina v1.3.3 master:6fe1ce2   Built Jun 30 2026.,static_crystal_polymer,,
5F1X,equibind,scored,0.01987,gnina v1.3.3 master:6fe1ce2   Built Jun 30 2026.,static_crystal_polymer,,
5F1X,diffdock,scored,0.89862,gnina v1.3.3 master:6fe1ce2   Built Jun 30 2026.,static_crystal_polymer,,
5EOM,equibind,scored,0.44088,gnina v1.3.3 master:6fe1ce2   Built Jun 30 2026.,static_crystal_polymer,,
5F1U,equibind,scored,0.02543,gnina v1.3.3 master:6fe1ce2   Built Jun 30 2026.,static_crystal_polymer,,
5F1U,diffdock,scored,0.18603,gnina v1.3.3 master:6fe1ce2   Built Jun 30 2026.,static_crystal_polymer,,
5F2R,equibind,scored,0.04569,gnina v1.3.3 master:6fe1ce2   Built Jun 30 2026.,static_crystal_polymer,,
5F2R,diffdock,scored,0.84199,gnina v1.3.3 master:6fe1ce2   Built Jun 30 2026.,static_crystal_polymer,,
5F1C,equibind,scored,0.18143,gnina v1.3.3 master:6fe1ce2   Built Jun 30 2026.,static_crystal_polymer,,
5F1C,diffdock,scored,0.49337,gnina v1.3.3 master:6fe1ce2   Built Jun 30 2026.,static_crystal_polymer,,
5F1V,equibind,scored,0.00768,gnina v1.3.3 master:6fe1ce2   Built Jun 30 2026.,static_crystal_polymer,,
5F1V,diffdock,scored,0.33536,gnina v1.3.3 master:6fe1ce2   Built Jun 30 2026.,static_crystal_polymer,,
5F6D,equibind,scored,0.09004,gnina v1.3.3 master:6fe1ce2   Built Jun 30 2026.,static_crystal_polymer,,
5F6D,diffdock,scored,0.52349,gnina v1.3.3 master:6fe1ce2   Built Jun 30 2026.,static_crystal_polymer,,
5F4N,equibind,scored,0.2179,gnina v1.3.3 master:6fe1ce2   Built Jun 30 2026.,static_crystal_polymer,,
5F4N,diffdock,scored,0.70009,gnina v1.3.3 master:6fe1ce2   Built Jun 30 2026.,static_crystal_polymer,,
5F2W,equibind,scored,0.48693,gnina v1.3.3 master:6fe1ce2   Built Jun 30 2026.,static_crystal_polymer,,
5F2W,diffdock,scored,0.10825,gnina v1.3.3 master:6fe1ce2   Built Jun 30 2026.,static_crystal_polymer,,
5F32,equibind,scored,0.2693,gnina v1.3.3 master:6fe1ce2   Built Jun 30 2026.,static_crystal_polymer,,
5F32,diffdock,scored,0.53568,gnina v1.3.3 master:6fe1ce2   Built Jun 30 2026.,static_crystal_polymer,,
5F2S,equibind,scored,0.10851,gnina v1.3.3 master:6fe1ce2   Built Jun 30 2026.,static_crystal_polymer,,
5F2S,diffdock,scored,0.41365,gnina v1.3.3 master:6fe1ce2   Built Jun 30 2026.,static_crystal_polymer,,
5F6U,equibind,scored,0.41964,gnina v1.3.3 master:6fe1ce2   Built Jun 30 2026.,static_crystal_polymer,,
5F6U,diffdock,scored,0.45767,gnina v1.3.3 master:6fe1ce2   Built Jun 30 2026.,static_crystal_polymer,,
5F39,equibind,scored,0.29083,gnina v1.3.3 master:6fe1ce2   Built Jun 30 2026.,static_crystal_polymer,,
5F39,diffdock,scored,0.96834,gnina v1.3.3 master:6fe1ce2   Built Jun 30 2026.,static_crystal_polymer,,
5F74,equibind,scored,0.00075,gnina v1.3.3 master:6fe1ce2   Built Jun 30 2026.,static_crystal_polymer,,
5F74,diffdock,scored,0.2142,gnina v1.3.3 master:6fe1ce2   Built Jun 30 2026.,static_crystal_polymer,,
5F3G,equibind,scored,0.01986,gnina v1.3.3 master:6fe1ce2   Built Jun 30 2026.,static_crystal_polymer,,
5F3G,diffdock,scored,0.33147,gnina v1.3.3 master:6fe1ce2   Built Jun 30 2026.,static_crystal_polymer,,
5F3E,equibind,scored,0.06083,gnina v1.3.3 master:6fe1ce2   Built Jun 30 2026.,static_crystal_polymer,,
5F3E,diffdock,scored,0.62253,gnina v1.3.3 master:6fe1ce2   Built Jun 30 2026.,static_crystal_polymer,,
5F8Y,equibind,scored,2e-05,gnina v1.3.3 master:6fe1ce2   Built Jun 30 2026.,static_crystal_polymer,,
5F8Y,diffdock,scored,0.8696,gnina v1.3.3 master:6fe1ce2   Built Jun 30 2026.,static_crystal_polymer,,
5F3C,equibind,scored,0.0222,gnina v1.3.3 master:6fe1ce2   Built Jun 30 2026.,static_crystal_polymer,,
5F3C,diffdock,scored,0.10509,gnina v1.3.3 master:6fe1ce2   Built Jun 30 2026.,static_crystal_polymer,,
5FAH,equibind,scored,0.0,gnina v1.3.3 master:6fe1ce2   Built Jun 30 2026.,static_crystal_polymer,,
5FAH,diffdock,scored,0.81647,gnina v1.3.3 master:6fe1ce2   Built Jun 30 2026.,static_crystal_polymer,,
5F9B,equibind,scored,0.0,gnina v1.3.3 master:6fe1ce2   Built Jun 30 2026.,static_crystal_polymer,,
5F9B,diffdock,scored,0.68278,gnina v1.3.3 master:6fe1ce2   Built Jun 30 2026.,static_crystal_polymer,,
5F94,equibind,scored,0.00216,gnina v1.3.3 master:6fe1ce2   Built Jun 30 2026.,static_crystal_polymer,,
5F94,diffdock,scored,0.7112,gnina v1.3.3 master:6fe1ce2   Built Jun 30 2026.,static_crystal_polymer,,
5EY8,equibind,scored,0.03109,gnina v1.3.3 master:6fe1ce2   Built Jun 30 2026.,static_crystal_polymer,,
5FBI,equibind,scored,0.01996,gnina v1.3.3 master:6fe1ce2   Built Jun 30 2026.,static_crystal_polymer,,
5FBI,diffdock,scored,0.38504,gnina v1.3.3 master:6fe1ce2   Built Jun 30 2026.,static_crystal_polymer,,
5FBE,equibind,scored,0.01425,gnina v1.3.3 master:6fe1ce2   Built Jun 30 2026.,static_crystal_polymer,,
5FBE,diffdock,scored,0.65965,gnina v1.3.3 master:6fe1ce2   Built Jun 30 2026.,static_crystal_polymer,,
5F95,equibind,scored,0.10892,gnina v1.3.3 master:6fe1ce2   Built Jun 30 2026.,static_crystal_polymer,,
5F95,diffdock,scored,0.77525,gnina v1.3.3 master:6fe1ce2   Built Jun 30 2026.,static_crystal_polymer,,
5FBO,equibind,scored,0.14974,gnina v1.3.3 master:6fe1ce2   Built Jun 30 2026.,static_crystal_polymer,,
5FBO,diffdock,scored,0.1238,gnina v1.3.3 master:6fe1ce2   Built Jun 30 2026.,static_crystal_polymer,,
5FCK,equibind,scored,0.54955,gnina v1.3.3 master:6fe1ce2   Built Jun 30 2026.,static_crystal_polymer,,
5FCK,diffdock,scored,0.594,gnina v1.3.3 master:6fe1ce2   Built Jun 30 2026.,static_crystal_polymer,,
5F3I,equibind,scored,0.27375,gnina v1.3.3 master:6fe1ce2   Built Jun 30 2026.,static_crystal_polymer,,
5F3I,diffdock,scored,0.69386,gnina v1.3.3 master:6fe1ce2   Built Jun 30 2026.,static_crystal_polymer,,
5FDC,equibind,scored,0.42821,gnina v1.3.3 master:6fe1ce2   Built Jun 30 2026.,static_crystal_polymer,,
5FDC,diffdock,scored,0.92443,gnina v1.3.3 master:6fe1ce2   Built Jun 30 2026.,static_crystal_polymer,,
5FDI,equibind,scored,0.2511,gnina v1.3.3 master:6fe1ce2   Built Jun 30 2026.,static_crystal_polymer,,
5FDI,diffdock,scored,0.50204,gnina v1.3.3 master:6fe1ce2   Built Jun 30 2026.,static_crystal_polymer,,
5FCZ,equibind,scored,0.38607,gnina v1.3.3 master:6fe1ce2   Built Jun 30 2026.,static_crystal_polymer,,
5FCZ,diffdock,scored,0.81399,gnina v1.3.3 master:6fe1ce2   Built Jun 30 2026.,static_crystal_polymer,,
5FDZ,equibind,scored,0.00386,gnina v1.3.3 master:6fe1ce2   Built Jun 30 2026.,static_crystal_polymer,,
5FDZ,diffdock,scored,0.34441,gnina v1.3.3 master:6fe1ce2   Built Jun 30 2026.,static_crystal_polymer,,
5FE6,equibind,scored,0.01542,gnina v1.3.3 master:6fe1ce2   Built Jun 30 2026.,static_crystal_polymer,,
5FE6,diffdock,scored,0.45443,gnina v1.3.3 master:6fe1ce2   Built Jun 30 2026.,static_crystal_polymer,,
5FE7,equibind,scored,0.00028,gnina v1.3.3 master:6fe1ce2   Built Jun 30 2026.,static_crystal_polymer,,
5FE7,diffdock,scored,0.86805,gnina v1.3.3 master:6fe1ce2   Built Jun 30 2026.,static_crystal_polymer,,
5FHN,equibind,scored,0.00152,gnina v1.3.3 master:6fe1ce2   Built Jun 30 2026.,static_crystal_polymer,,
5FHN,diffdock,scored,0.80871,gnina v1.3.3 master:6fe1ce2   Built Jun 30 2026.,static_crystal_polymer,,
5FB7,equibind,scored,0.00075,gnina v1.3.3 master:6fe1ce2   Built Jun 30 2026.,static_crystal_polymer,,
5FB7,diffdock,scored,0.19632,gnina v1.3.3 master:6fe1ce2   Built Jun 30 2026.,static_crystal_polymer,,
5FHM,equibind,scored,0.00125,gnina v1.3.3 master:6fe1ce2   Built Jun 30 2026.,static_crystal_polymer,,
5FHM,diffdock,scored,0.10224,gnina v1.3.3 master:6fe1ce2   Built Jun 30 2026.,static_crystal_polymer,,
5FDO,equibind,scored,1e-05,gnina v1.3.3 master:6fe1ce2   Built Jun 30 2026.,static_crystal_polymer,,
5FDO,diffdock,scored,0.16936,gnina v1.3.3 master:6fe1ce2   Built Jun 30 2026.,static_crystal_polymer,,
5FH6,equibind,scored,0.00034,gnina v1.3.3 master:6fe1ce2   Built Jun 30 2026.,static_crystal_polymer,,
5FH6,diffdock,scored,0.72371,gnina v1.3.3 master:6fe1ce2   Built Jun 30 2026.,static_crystal_polymer,,
5FIV,equibind,scored,0.0075,gnina v1.3.3 master:6fe1ce2   Built Jun 30 2026.,static_crystal_polymer,,
5FIV,diffdock,scored,0.46165,gnina v1.3.3 master:6fe1ce2   Built Jun 30 2026.,static_crystal_polymer,,
5FH8,equibind,scored,0.00036,gnina v1.3.3 master:6fe1ce2   Built Jun 30 2026.,static_crystal_polymer,,
5FH8,diffdock,scored,0.89078,gnina v1.3.3 master:6fe1ce2   Built Jun 30 2026.,static_crystal_polymer,,
5ETX,equibind,scored,0.00056,gnina v1.3.3 master:6fe1ce2   Built Jun 30 2026.,static_crystal_polymer,,
5ETX,diffdock,scored,0.17375,gnina v1.3.3 master:6fe1ce2   Built Jun 30 2026.,static_crystal_polymer,,
5F91,equibind,scored,7e-05,gnina v1.3.3 master:6fe1ce2   Built Jun 30 2026.,static_crystal_polymer,,
5F91,diffdock,scored,0.01319,gnina v1.3.3 master:6fe1ce2   Built Jun 30 2026.,static_crystal_polymer,,
5FLO,equibind,scored,0.55704,gnina v1.3.3 master:6fe1ce2   Built Jun 30 2026.,static_crystal_polymer,,
5FLO,diffdock,scored,0.15979,gnina v1.3.3 master:6fe1ce2   Built Jun 30 2026.,static_crystal_polymer,,
5FLP,equibind,scored,0.36033,gnina v1.3.3 master:6fe1ce2   Built Jun 30 2026.,static_crystal_polymer,,
5FLP,diffdock,scored,0.6552,gnina v1.3.3 master:6fe1ce2   Built Jun 30 2026.,static_crystal_polymer,,
5FHO,equibind,scored,0.00077,gnina v1.3.3 master:6fe1ce2   Built Jun 30 2026.,static_crystal_polymer,,
5FHO,diffdock,scored,0.97192,gnina v1.3.3 master:6fe1ce2   Built Jun 30 2026.,static_crystal_polymer,,
5FKY,equibind,scored,0.0003,gnina v1.3.3 master:6fe1ce2   Built Jun 30 2026.,static_crystal_polymer,,
5FKY,diffdock,scored,0.85539,gnina v1.3.3 master:6fe1ce2   Built Jun 30 2026.,static_crystal_polymer,,
5FND,equibind,scored,0.72493,gnina v1.3.3 master:6fe1ce2   Built Jun 30 2026.,static_crystal_polymer,,
5FND,diffdock,scored,0.62636,gnina v1.3.3 master:6fe1ce2   Built Jun 30 2026.,static_crystal_polymer,,
5FLS,equibind,scored,0.42645,gnina v1.3.3 master:6fe1ce2   Built Jun 30 2026.,static_crystal_polymer,,
5FLS,diffdock,scored,0.44702,gnina v1.3.3 master:6fe1ce2   Built Jun 30 2026.,static_crystal_polymer,,
5FL0,equibind,scored,0.8784,gnina v1.3.3 master:6fe1ce2   Built Jun 30 2026.,static_crystal_polymer,,
5FL0,diffdock,scored,0.87391,gnina v1.3.3 master:6fe1ce2   Built Jun 30 2026.,static_crystal_polymer,,
5FI7,equibind,scored,0.08324,gnina v1.3.3 master:6fe1ce2   Built Jun 30 2026.,static_crystal_polymer,,
5FI7,diffdock,scored,0.4489,gnina v1.3.3 master:6fe1ce2   Built Jun 30 2026.,static_crystal_polymer,,
5FNJ,equibind,scored,0.27876,gnina v1.3.3 master:6fe1ce2   Built Jun 30 2026.,static_crystal_polymer,,
5FNJ,diffdock,scored,0.6031,gnina v1.3.3 master:6fe1ce2   Built Jun 30 2026.,static_crystal_polymer,,
5FNI,equibind,scored,0.10804,gnina v1.3.3 master:6fe1ce2   Built Jun 30 2026.,static_crystal_polymer,,
5FNI,diffdock,scored,0.71603,gnina v1.3.3 master:6fe1ce2   Built Jun 30 2026.,static_crystal_polymer,,
5FNQ,equibind,scored,0.15724,gnina v1.3.3 master:6fe1ce2   Built Jun 30 2026.,static_crystal_polymer,,
5FNQ,diffdock,scored,0.78726,gnina v1.3.3 master:6fe1ce2   Built Jun 30 2026.,static_crystal_polymer,,
5FI2,equibind,scored,0.14782,gnina v1.3.3 master:6fe1ce2   Built Jun 30 2026.,static_crystal_polymer,,
5FI2,diffdock,scored,0.03661,gnina v1.3.3 master:6fe1ce2   Built Jun 30 2026.,static_crystal_polymer,,
5FL1,equibind,scored,0.14587,gnina v1.3.3 master:6fe1ce2   Built Jun 30 2026.,static_crystal_polymer,,
5FL1,diffdock,scored,0.88233,gnina v1.3.3 master:6fe1ce2   Built Jun 30 2026.,static_crystal_polymer,,
5FNR,equibind,scored,0.12764,gnina v1.3.3 master:6fe1ce2   Built Jun 30 2026.,static_crystal_polymer,,
5FNR,diffdock,scored,0.79639,gnina v1.3.3 master:6fe1ce2   Built Jun 30 2026.,static_crystal_polymer,,
5FNS,equibind,scored,0.00299,gnina v1.3.3 master:6fe1ce2   Built Jun 30 2026.,static_crystal_polymer,,
5FNS,diffdock,scored,0.74939,gnina v1.3.3 master:6fe1ce2   Built Jun 30 2026.,static_crystal_polymer,,
5FNT,equibind,scored,0.02681,gnina v1.3.3 master:6fe1ce2   Built Jun 30 2026.,static_crystal_polymer,,
5FNT,diffdock,scored,0.50289,gnina v1.3.3 master:6fe1ce2   Built Jun 30 2026.,static_crystal_polymer,,
5FS5,equibind,scored,0.08888,gnina v1.3.3 master:6fe1ce2   Built Jun 30 2026.,static_crystal_polymer,,
5FS5,diffdock,scored,0.77172,gnina v1.3.3 master:6fe1ce2   Built Jun 30 2026.,static_crystal_polymer,,
5FPU,equibind,scored,6e-05,gnina v1.3.3 master:6fe1ce2   Built Jun 30 2026.,static_crystal_polymer,,
5FPU,diffdock,scored,0.59393,gnina v1.3.3 master:6fe1ce2   Built Jun 30 2026.,static_crystal_polymer,,
5FSL,equibind,scored,0.24246,gnina v1.3.3 master:6fe1ce2   Built Jun 30 2026.,static_crystal_polymer,,
5FSL,diffdock,scored,0.83692,gnina v1.3.3 master:6fe1ce2   Built Jun 30 2026.,static_crystal_polymer,,
5FQ9,equibind,scored,4e-05,gnina v1.3.3 master:6fe1ce2   Built Jun 30 2026.,static_crystal_polymer,,
5FQ9,diffdock,scored,0.7125,gnina v1.3.3 master:6fe1ce2   Built Jun 30 2026.,static_crystal_polymer,,
5FSB,equibind,scored,0.28037,gnina v1.3.3 master:6fe1ce2   Built Jun 30 2026.,static_crystal_polymer,,
5FSB,diffdock,scored,0.59401,gnina v1.3.3 master:6fe1ce2   Built Jun 30 2026.,static_crystal_polymer,,
5FP0,equibind,scored,0.3676,gnina v1.3.3 master:6fe1ce2   Built Jun 30 2026.,static_crystal_polymer,,
5FP0,diffdock,scored,0.8235,gnina v1.3.3 master:6fe1ce2   Built Jun 30 2026.,static_crystal_polymer,,
5FSC,equibind,scored,0.42368,gnina v1.3.3 master:6fe1ce2   Built Jun 30 2026.,static_crystal_polymer,,
5FSC,diffdock,scored,0.56228,gnina v1.3.3 master:6fe1ce2   Built Jun 30 2026.,static_crystal_polymer,,
5FDR,equibind,scored,0.15001,gnina v1.3.3 master:6fe1ce2   Built Jun 30 2026.,static_crystal_polymer,,
5FDR,diffdock,scored,0.38193,gnina v1.3.3 master:6fe1ce2   Built Jun 30 2026.,static_crystal_polymer,,
5FI6,equibind,scored,0.00174,gnina v1.3.3 master:6fe1ce2   Built Jun 30 2026.,static_crystal_polymer,,
5FI6,diffdock,scored,0.5602,gnina v1.3.3 master:6fe1ce2   Built Jun 30 2026.,static_crystal_polymer,,
5FOO,equibind,scored,1e-05,gnina v1.3.3 master:6fe1ce2   Built Jun 30 2026.,static_crystal_polymer,,
5FOO,diffdock,scored,0.62927,gnina v1.3.3 master:6fe1ce2   Built Jun 30 2026.,static_crystal_polymer,,
